2100
(
(0 ((-0 0 0)(0 0 -0)))
(0.001 ((-2.9870121e-06 0 0)(0 0 -0)))
(0.002 ((-6.6271769e-06 0 0)(0 0 -0)))
(0.003 ((-1.1061381e-05 0 0)(0 0 -0)))
(0.004 ((-1.6459652e-05 0 0)(0 0 -0)))
(0.005 ((-2.3027015e-05 0 0)(0 0 -0)))
(0.006 ((-3.1009919e-05 0 0)(0 0 -0)))
(0.007 ((-4.0703647e-05 0 0)(0 0 -0)))
(0.008 ((-5.2460569e-05 0 0)(0 0 -0)))
(0.009 ((-6.6699176e-05 0 0)(0 0 -0)))
(0.01 ((-8.3913679e-05 0 0)(0 0 -0)))
(0.011 ((-0.00010468382 0 0)(0 0 -0)))
(0.012 ((-0.00012968436 0 0)(0 0 -0)))
(0.013 ((-0.00015969356 0 0)(0 0 -0)))
(0.014 ((-0.00019559966 0 0)(0 0 -0)))
(0.015 ((-0.00023840437 0 0)(0 0 -0)))
(0.016 ((-0.00028922229 0 0)(0 0 -0)))
(0.017 ((-0.00034927522 0 0)(0 0 -0)))
(0.018 ((-0.00041988069 0 0)(0 0 -0)))
(0.019 ((-0.00050243469 0 0)(0 0 -0)))
(0.02 ((-0.00059838892 0 0)(0 0 -0)))
(0.021 ((-0.00070922411 0 0)(0 0 -0)))
(0.022 ((-0.00083642096 0 0)(0 0 -0)))
(0.023 ((-0.0009814312 0 0)(0 0 -0)))
(0.024 ((-0.0011456508 0 0)(0 0 -0)))
(0.025 ((-0.0013303973 0 0)(0 0 -0)))
(0.026 ((-0.0015368925 0 0)(0 0 -0)))
(0.027 ((-0.0017662509 0 0)(0 0 -0)))
(0.028 ((-0.0020194744 0 0)(0 0 -0)))
(0.029 ((-0.0022974512 0 0)(0 0 -0)))
(0.03 ((-0.0026009594 0 0)(0 0 -0)))
(0.031 ((-0.0029306739 0 0)(0 0 -0)))
(0.032 ((-0.0032871744 0 0)(0 0 -0)))
(0.033 ((-0.0036709551 0 0)(0 0 -0)))
(0.034 ((-0.0040824346 0 0)(0 0 -0)))
(0.035 ((-0.0045219651 0 0)(0 0 -0)))
(0.036 ((-0.004989842 0 0)(0 0 -0)))
(0.037 ((-0.0054863117 0 0)(0 0 -0)))
(0.038 ((-0.0060115792 0 0)(0 0 -0)))
(0.039 ((-0.0065658147 0 0)(0 0 -0)))
(0.04 ((-0.0071491587 0 0)(0 0 -0)))
(0.041 ((-0.0077617277 0 0)(0 0 -0)))
(0.042 ((-0.0084036175 0 0)(0 0 -0)))
(0.043 ((-0.009074907 0 0)(0 0 -0)))
(0.044 ((-0.0097756614 0 0)(0 0 -0)))
(0.045 ((-0.010505934 0 0)(0 0 -0)))
(0.046 ((-0.011265768 0 0)(0 0 -0)))
(0.047 ((-0.012055201 0 0)(0 0 -0)))
(0.048 ((-0.012874261 0 0)(0 0 -0)))
(0.049 ((-0.013722974 0 0)(0 0 -0)))
(0.05 ((-0.014601358 0 0)(0 0 -0)))
(0.051 ((-0.01550943 0 0)(0 0 -0)))
(0.052 ((-0.016447203 0 0)(0 0 -0)))
(0.053 ((-0.017414689 0 0)(0 0 -0)))
(0.054 ((-0.018411896 0 0)(0 0 -0)))
(0.055 ((-0.019438832 0 0)(0 0 -0)))
(0.056 ((-0.020495502 0 0)(0 0 -0)))
(0.057 ((-0.021581913 0 0)(0 0 -0)))
(0.058 ((-0.022698066 0 0)(0 0 -0)))
(0.059 ((-0.023843967 0 0)(0 0 -0)))
(0.06 ((-0.025019618 0 0)(0 0 -0)))
(0.061 ((-0.02622502 0 0)(0 0 -0)))
(0.062 ((-0.027460176 0 0)(0 0 -0)))
(0.063 ((-0.028725087 0 0)(0 0 -0)))
(0.064 ((-0.030019755 0 0)(0 0 -0)))
(0.065 ((-0.03134418 0 0)(0 0 -0)))
(0.066 ((-0.032698363 0 0)(0 0 -0)))
(0.067 ((-0.034082305 0 0)(0 0 -0)))
(0.068 ((-0.035496007 0 0)(0 0 -0)))
(0.069 ((-0.036939468 0 0)(0 0 -0)))
(0.07 ((-0.03841269 0 0)(0 0 -0)))
(0.071 ((-0.039915672 0 0)(0 0 -0)))
(0.072 ((-0.041448415 0 0)(0 0 -0)))
(0.073 ((-0.043010919 0 0)(0 0 -0)))
(0.074 ((-0.044603184 0 0)(0 0 -0)))
(0.075 ((-0.04622521 0 0)(0 0 -0)))
(0.076 ((-0.047876998 0 0)(0 0 -0)))
(0.077 ((-0.049558547 0 0)(0 0 -0)))
(0.078 ((-0.051269857 0 0)(0 0 -0)))
(0.079 ((-0.053010929 0 0)(0 0 -0)))
(0.08 ((-0.054781763 0 0)(0 0 -0)))
(0.081 ((-0.056582358 0 0)(0 0 -0)))
(0.082 ((-0.058412715 0 0)(0 0 -0)))
(0.083 ((-0.060272833 0 0)(0 0 -0)))
(0.084 ((-0.062162712 0 0)(0 0 -0)))
(0.085 ((-0.064082353 0 0)(0 0 -0)))
(0.086 ((-0.066031756 0 0)(0 0 -0)))
(0.087 ((-0.068010919 0 0)(0 0 -0)))
(0.088 ((-0.070019844 0 0)(0 0 -0)))
(0.089 ((-0.072058529 0 0)(0 0 -0)))
(0.09 ((-0.074126976 0 0)(0 0 -0)))
(0.091 ((-0.076225183 0 0)(0 0 -0)))
(0.092 ((-0.07835315 0 0)(0 0 -0)))
(0.093 ((-0.080510877 0 0)(0 0 -0)))
(0.094 ((-0.082698363 0 0)(0 0 -0)))
(0.095 ((-0.084915609 0 0)(0 0 -0)))
(0.096 ((-0.087162612 0 0)(0 0 -0)))
(0.097 ((-0.089439373 0 0)(0 0 -0)))
(0.098 ((-0.09174589 0 0)(0 0 -0)))
(0.099 ((-0.094082163 0 0)(0 0 -0)))
(0.1 ((-0.096448189 0 0)(0 0 -0)))
(0.101 ((-0.098843967 0 0)(0 0 -0)))
(0.102 ((-0.1012695 0 0)(0 0 -0)))
(0.103 ((-0.10372477 0 0)(0 0 -0)))
(0.104 ((-0.10620979 0 0)(0 0 -0)))
(0.105 ((-0.10872455 0 0)(0 0 -0)))
(0.106 ((-0.11126904 0 0)(0 0 -0)))
(0.107 ((-0.11384326 0 0)(0 0 -0)))
(0.108 ((-0.1164472 0 0)(0 0 -0)))
(0.109 ((-0.11908086 0 0)(0 0 -0)))
(0.11 ((-0.12174421 0 0)(0 0 -0)))
(0.111 ((-0.12443726 0 0)(0 0 -0)))
(0.112 ((-0.12715998 0 0)(0 0 -0)))
(0.113 ((-0.12991234 0 0)(0 0 -0)))
(0.114 ((-0.13269434 0 0)(0 0 -0)))
(0.115 ((-0.13550593 0 0)(0 0 -0)))
(0.116 ((-0.13834709 0 0)(0 0 -0)))
(0.117 ((-0.14121776 0 0)(0 0 -0)))
(0.118 ((-0.1441179 0 0)(0 0 -0)))
(0.119 ((-0.14704744 0 0)(0 0 -0)))
(0.12 ((-0.1500063 0 0)(0 0 -0)))
(0.121 ((-0.15299439 0 0)(0 0 -0)))
(0.122 ((-0.15601158 0 0)(0 0 -0)))
(0.123 ((-0.15905774 0 0)(0 0 -0)))
(0.124 ((-0.1621327 0 0)(0 0 -0)))
(0.125 ((-0.16523625 0 0)(0 0 -0)))
(0.126 ((-0.16836815 0 0)(0 0 -0)))
(0.127 ((-0.1715281 0 0)(0 0 -0)))
(0.128 ((-0.17471575 0 0)(0 0 -0)))
(0.129 ((-0.17793067 0 0)(0 0 -0)))
(0.13 ((-0.18117239 0 0)(0 0 -0)))
(0.131 ((-0.18444031 0 0)(0 0 -0)))
(0.132 ((-0.18773376 0 0)(0 0 -0)))
(0.133 ((-0.19105197 0 0)(0 0 -0)))
(0.134 ((-0.19439404 0 0)(0 0 -0)))
(0.135 ((-0.19775897 0 0)(0 0 -0)))
(0.136 ((-0.20114565 0 0)(0 0 -0)))
(0.137 ((-0.20455286 0 0)(0 0 -0)))
(0.138 ((-0.20797928 0 0)(0 0 -0)))
(0.139 ((-0.21142351 0 0)(0 0 -0)))
(0.14 ((-0.2148841 0 0)(0 0 -0)))
(0.141 ((-0.21835958 0 0)(0 0 -0)))
(0.142 ((-0.22184845 0 0)(0 0 -0)))
(0.143 ((-0.22534928 0 0)(0 0 -0)))
(0.144 ((-0.22886065 0 0)(0 0 -0)))
(0.145 ((-0.23238126 0 0)(0 0 -0)))
(0.146 ((-0.23590989 0 0)(0 0 -0)))
(0.147 ((-0.23944541 0 0)(0 0 -0)))
(0.148 ((-0.24298683 0 0)(0 0 -0)))
(0.149 ((-0.24653326 0 0)(0 0 -0)))
(0.15 ((-0.25008391 0 0)(0 0 -0)))
(0.151 ((-0.25363813 0 0)(0 0 -0)))
(0.152 ((-0.25719532 0 0)(0 0 -0)))
(0.153 ((-0.26075499 0 0)(0 0 -0)))
(0.154 ((-0.26431672 0 0)(0 0 -0)))
(0.155 ((-0.26788017 0 0)(0 0 -0)))
(0.156 ((-0.27144503 0 0)(0 0 -0)))
(0.157 ((-0.27501106 0 0)(0 0 -0)))
(0.158 ((-0.27857806 0 0)(0 0 -0)))
(0.159 ((-0.28214584 0 0)(0 0 -0)))
(0.16 ((-0.28571429 0 0)(0 0 -0)))
(0.161 ((-0.28928326 0 0)(0 0 -0)))
(0.162 ((-0.29285268 0 0)(0 0 -0)))
(0.163 ((-0.29642247 0 0)(0 0 -0)))
(0.164 ((-0.29999255 0 0)(0 0 -0)))
(0.165 ((-0.30356287 0 0)(0 0 -0)))
(0.166 ((-0.30713339 0 0)(0 0 -0)))
(0.167 ((-0.31070408 0 0)(0 0 -0)))
(0.168 ((-0.3142749 0 0)(0 0 -0)))
(0.169 ((-0.31784583 0 0)(0 0 -0)))
(0.17 ((-0.32141685 0 0)(0 0 -0)))
(0.171 ((-0.32498794 0 0)(0 0 -0)))
(0.172 ((-0.3285591 0 0)(0 0 -0)))
(0.173 ((-0.3321303 0 0)(0 0 -0)))
(0.174 ((-0.33570155 0 0)(0 0 -0)))
(0.175 ((-0.33927283 0 0)(0 0 -0)))
(0.176 ((-0.34284413 0 0)(0 0 -0)))
(0.177 ((-0.34641546 0 0)(0 0 -0)))
(0.178 ((-0.34998681 0 0)(0 0 -0)))
(0.179 ((-0.35355817 0 0)(0 0 -0)))
(0.18 ((-0.35712954 0 0)(0 0 -0)))
(0.181 ((-0.36070092 0 0)(0 0 -0)))
(0.182 ((-0.36427232 0 0)(0 0 -0)))
(0.183 ((-0.36784371 0 0)(0 0 -0)))
(0.184 ((-0.37141512 0 0)(0 0 -0)))
(0.185 ((-0.37498653 0 0)(0 0 -0)))
(0.186 ((-0.37855794 0 0)(0 0 -0)))
(0.187 ((-0.38212935 0 0)(0 0 -0)))
(0.188 ((-0.38570077 0 0)(0 0 -0)))
(0.189 ((-0.38927219 0 0)(0 0 -0)))
(0.19 ((-0.39284361 0 0)(0 0 -0)))
(0.191 ((-0.39641503 0 0)(0 0 -0)))
(0.192 ((-0.39998646 0 0)(0 0 -0)))
(0.193 ((-0.40355788 0 0)(0 0 -0)))
(0.194 ((-0.40712931 0 0)(0 0 -0)))
(0.195 ((-0.41070073 0 0)(0 0 -0)))
(0.196 ((-0.41427216 0 0)(0 0 -0)))
(0.197 ((-0.41784359 0 0)(0 0 -0)))
(0.198 ((-0.42141501 0 0)(0 0 -0)))
(0.199 ((-0.42498644 0 0)(0 0 -0)))
(0.2 ((-0.42855787 0 0)(0 0 -0)))
(0.201 ((-0.4321293 0 0)(0 0 -0)))
(0.202 ((-0.43570072 0 0)(0 0 -0)))
(0.203 ((-0.43927215 0 0)(0 0 -0)))
(0.204 ((-0.44284358 0 0)(0 0 -0)))
(0.205 ((-0.44641501 0 0)(0 0 -0)))
(0.206 ((-0.44998644 0 0)(0 0 -0)))
(0.207 ((-0.45355786 0 0)(0 0 -0)))
(0.208 ((-0.45712929 0 0)(0 0 -0)))
(0.209 ((-0.46070072 0 0)(0 0 -0)))
(0.21 ((-0.46427215 0 0)(0 0 -0)))
(0.211 ((-0.46784358 0 0)(0 0 -0)))
(0.212 ((-0.47141501 0 0)(0 0 -0)))
(0.213 ((-0.47498643 0 0)(0 0 -0)))
(0.214 ((-0.47855786 0 0)(0 0 -0)))
(0.215 ((-0.48212929 0 0)(0 0 -0)))
(0.216 ((-0.48570072 0 0)(0 0 -0)))
(0.217 ((-0.48927215 0 0)(0 0 -0)))
(0.218 ((-0.49284358 0 0)(0 0 -0)))
(0.219 ((-0.49641501 0 0)(0 0 -0)))
(0.22 ((-0.49998643 0 0)(0 0 -0)))
(0.221 ((-0.50355786 0 0)(0 0 -0)))
(0.222 ((-0.50712929 0 0)(0 0 -0)))
(0.223 ((-0.51070072 0 0)(0 0 -0)))
(0.224 ((-0.51427215 0 0)(0 0 -0)))
(0.225 ((-0.51784358 0 0)(0 0 -0)))
(0.226 ((-0.52141501 0 0)(0 0 -0)))
(0.227 ((-0.52498643 0 0)(0 0 -0)))
(0.228 ((-0.52855786 0 0)(0 0 -0)))
(0.229 ((-0.53212929 0 0)(0 0 -0)))
(0.23 ((-0.53570072 0 0)(0 0 -0)))
(0.231 ((-0.53927215 0 0)(0 0 -0)))
(0.232 ((-0.54284358 0 0)(0 0 -0)))
(0.233 ((-0.54641501 0 0)(0 0 -0)))
(0.234 ((-0.54998643 0 0)(0 0 -0)))
(0.235 ((-0.55355786 0 0)(0 0 -0)))
(0.236 ((-0.55712929 0 0)(0 0 -0)))
(0.237 ((-0.56070072 0 0)(0 0 -0)))
(0.238 ((-0.56427215 0 0)(0 0 -0)))
(0.239 ((-0.56784358 0 0)(0 0 -0)))
(0.24 ((-0.57141501 0 0)(0 0 -0)))
(0.241 ((-0.57498643 0 0)(0 0 -0)))
(0.242 ((-0.57855786 0 0)(0 0 -0)))
(0.243 ((-0.58212929 0 0)(0 0 -0)))
(0.244 ((-0.58570072 0 0)(0 0 -0)))
(0.245 ((-0.58927215 0 0)(0 0 -0)))
(0.246 ((-0.59284358 0 0)(0 0 -0)))
(0.247 ((-0.59641501 0 0)(0 0 -0)))
(0.248 ((-0.59998643 0 0)(0 0 -0)))
(0.249 ((-0.60355786 0 0)(0 0 -0)))
(0.25 ((-0.60712929 0 0)(0 0 -0)))
(0.251 ((-0.61070072 0 0)(0 0 -0)))
(0.252 ((-0.61427215 0 0)(0 0 -0)))
(0.253 ((-0.61784358 0 0)(0 0 -0)))
(0.254 ((-0.62141501 0 0)(0 0 -0)))
(0.255 ((-0.62498643 0 0)(0 0 -0)))
(0.256 ((-0.62855786 0 0)(0 0 -0)))
(0.257 ((-0.63212929 0 0)(0 0 -0)))
(0.258 ((-0.63570072 0 0)(0 0 -0)))
(0.259 ((-0.63927215 0 0)(0 0 -0)))
(0.26 ((-0.64284358 0 0)(0 0 -0)))
(0.261 ((-0.64641501 0 0)(0 0 -0)))
(0.262 ((-0.64998643 0 0)(0 0 -0)))
(0.263 ((-0.65355786 0 0)(0 0 -0)))
(0.264 ((-0.65712929 0 0)(0 0 -0)))
(0.265 ((-0.66070072 0 0)(0 0 -0)))
(0.266 ((-0.66427215 0 0)(0 0 -0)))
(0.267 ((-0.66784358 0 0)(0 0 -0)))
(0.268 ((-0.67141501 0 0)(0 0 -0)))
(0.269 ((-0.67498643 0 0)(0 0 -0)))
(0.27 ((-0.67855786 0 0)(0 0 -0)))
(0.271 ((-0.68212929 0 0)(0 0 -0)))
(0.272 ((-0.68570072 0 0)(0 0 -0)))
(0.273 ((-0.68927215 0 0)(0 0 -0)))
(0.274 ((-0.69284358 0 0)(0 0 -0)))
(0.275 ((-0.69641501 0 0)(0 0 -0)))
(0.276 ((-0.69998643 0 0)(0 0 -0)))
(0.277 ((-0.70355786 0 0)(0 0 -0)))
(0.278 ((-0.70712929 0 0)(0 0 -0)))
(0.279 ((-0.71070072 0 0)(0 0 -0)))
(0.28 ((-0.71427215 0 0)(0 0 -0)))
(0.281 ((-0.71784358 0 0)(0 0 -0)))
(0.282 ((-0.72141501 0 0)(0 0 -0)))
(0.283 ((-0.72498643 0 0)(0 0 -0)))
(0.284 ((-0.72855786 0 0)(0 0 -0)))
(0.285 ((-0.73212929 0 0)(0 0 -0)))
(0.286 ((-0.73570072 0 0)(0 0 -0)))
(0.287 ((-0.73927215 0 0)(0 0 -0)))
(0.288 ((-0.74284358 0 0)(0 0 -0)))
(0.289 ((-0.74641501 0 0)(0 0 -0)))
(0.29 ((-0.74998643 0 0)(0 0 -0)))
(0.291 ((-0.75355786 0 0)(0 0 -0)))
(0.292 ((-0.75712929 0 0)(0 0 -0)))
(0.293 ((-0.76070072 0 0)(0 0 -0)))
(0.294 ((-0.76427215 0 0)(0 0 -0)))
(0.295 ((-0.76784358 0 0)(0 0 -0)))
(0.296 ((-0.77141501 0 0)(0 0 -0)))
(0.297 ((-0.77498643 0 0)(0 0 -0)))
(0.298 ((-0.77855786 0 0)(0 0 -0)))
(0.299 ((-0.78212929 0 0)(0 0 -0)))
(0.3 ((-0.78570072 0 0)(0 0 -4.9406565e-324)))
(0.301 ((-0.78927215 0 0)(0 0 -0)))
(0.302 ((-0.79284358 0 0)(0 0 -9.8813129e-324)))
(0.303 ((-0.79641501 0 0)(0 0 3.9525252e-323)))
(0.304 ((-0.79998643 0 0)(0 0 -1.3833838e-322)))
(0.305 ((-0.80355786 0 0)(0 0 5.2865024e-322)))
(0.306 ((-0.80712929 0 0)(0 0 -1.9762626e-321)))
(0.307 ((-0.81070072 0 0)(0 0 7.3566375e-321)))
(0.308 ((-0.81427215 0 0)(0 0 -2.747005e-320)))
(0.309 ((-0.81784358 0 0)(0 0 1.025038e-319)))
(0.31 ((-0.82141501 0 0)(0 0 -3.8255009e-319)))
(0.311 ((-0.82498643 0 0)(0 0 1.4277114e-318)))
(0.312 ((-0.82855786 0 0)(0 0 -5.3282806e-318)))
(0.313 ((-0.83212929 0 0)(0 0 1.9885411e-317)))
(0.314 ((-0.83570072 0 0)(0 0 -7.4213339e-317)))
(0.315 ((-0.83927215 0 0)(0 0 2.7696798e-316)))
(0.316 ((-0.84284358 0 0)(0 0 -1.0336585e-315)))
(0.317 ((-0.84641501 0 0)(0 0 3.8576662e-315)))
(0.318 ((-0.84998643 0 0)(0 0 -1.4397006e-314)))
(0.319 ((-0.85355786 0 0)(0 0 5.3730359e-314)))
(0.32 ((-0.85712929 0 0)(0 0 -2.0052443e-313)))
(0.321 ((-0.86070072 0 0)(0 0 7.4836736e-313)))
(0.322 ((-0.86427215 0 0)(0 0 -2.792945e-312)))
(0.323 ((-0.86784358 0 0)(0 0 1.0423413e-311)))
(0.324 ((-0.87141501 0 0)(0 0 -3.8900706e-311)))
(0.325 ((-0.87498643 0 0)(0 0 1.4517941e-310)))
(0.326 ((-0.87855786 0 0)(0 0 -5.4181694e-310)))
(0.327 ((-0.88212929 0 0)(0 0 2.0220883e-309)))
(0.328 ((-0.88570072 0 0)(0 0 -7.5465364e-309)))
(0.329 ((-0.88927215 0 0)(0 0 2.8164057e-308)))
(0.33 ((-0.89284358 0 0)(0 0 -1.0510969e-307)))
(0.331 ((-0.89641501 0 0)(0 0 3.9227471e-307)))
(0.332 ((-0.89998643 0 0)(0 0 -1.4639892e-306)))
(0.333 ((-0.90355786 0 0)(0 0 5.4636819e-306)))
(0.334 ((-0.90712929 0 0)(0 0 -2.0390739e-305)))
(0.335 ((-0.91070072 0 0)(0 0 7.6099273e-305)))
(0.336 ((-0.91427215 0 0)(0 0 -2.8400635e-304)))
(0.337 ((-0.91784358 0 0)(0 0 1.0599261e-303)))
(0.338 ((-0.92141501 0 0)(0 0 -3.9556982e-303)))
(0.339 ((-0.92498643 0 0)(0 0 1.4762867e-302)))
(0.34 ((-0.92855786 0 0)(0 0 -5.5095768e-302)))
(0.341 ((-0.93212929 0 0)(0 0 2.0562021e-301)))
(0.342 ((-0.93570072 0 0)(0 0 -7.6738506e-301)))
(0.343 ((-0.93927215 0 0)(0 0 2.86392e-300)))
(0.344 ((-0.94284358 0 0)(0 0 -1.0688295e-299)))
(0.345 ((-0.94641501 0 0)(0 0 3.988926e-299)))
(0.346 ((-0.94998643 0 0)(0 0 -1.4886875e-298)))
(0.347 ((-0.95355786 0 0)(0 0 5.5558572e-298)))
(0.348 ((-0.95712929 0 0)(0 0 -2.0734741e-297)))
(0.349 ((-0.96070072 0 0)(0 0 7.7383108e-297)))
(0.35 ((-0.96427215 0 0)(0 0 -2.8879769e-296)))
(0.351 ((-0.96784358 0 0)(0 0 1.0778077e-295)))
(0.352 ((-0.97141501 0 0)(0 0 -4.0224329e-295)))
(0.353 ((-0.97498643 0 0)(0 0 1.5011924e-294)))
(0.354 ((-0.97855786 0 0)(0 0 -5.6025264e-294)))
(0.355 ((-0.98212929 0 0)(0 0 2.0908913e-293)))
(0.356 ((-0.98570072 0 0)(0 0 -7.8033126e-293)))
(0.357 ((-0.98927215 0 0)(0 0 2.9122359e-292)))
(0.358 ((-0.99284358 0 0)(0 0 -1.0868612e-291)))
(0.359 ((-0.99641501 0 0)(0 0 4.0562213e-291)))
(0.36 ((-0.99998643 0 0)(0 0 -1.5138024e-290)))
(0.361 ((-1.0035579 0 0)(0 0 5.6495875e-290)))
(0.362 ((-1.0071293 0 0)(0 0 -2.1084548e-289)))
(0.363 ((-1.0107007 0 0)(0 0 7.8688603e-289)))
(0.364 ((-1.0142721 0 0)(0 0 -2.9366986e-288)))
(0.365 ((-1.0178436 0 0)(0 0 1.0959909e-287)))
(0.366 ((-1.021415 0 0)(0 0 -4.0902936e-287)))
(0.367 ((-1.0249864 0 0)(0 0 1.5265183e-286)))
(0.368 ((-1.0285579 0 0)(0 0 -5.697044e-286)))
(0.369 ((-1.0321293 0 0)(0 0 2.1261658e-285)))
(0.37 ((-1.0357007 0 0)(0 0 -7.9349587e-285)))
(0.371 ((-1.0392721 0 0)(0 0 2.9613669e-284)))
(0.372 ((-1.0428436 0 0)(0 0 -1.1051972e-283)))
(0.373 ((-1.046415 0 0)(0 0 4.124652e-283)))
(0.374 ((-1.0499864 0 0)(0 0 -1.5393411e-282)))
(0.375 ((-1.0535579 0 0)(0 0 5.7448991e-282)))
(0.376 ((-1.0571293 0 0)(0 0 -2.1440255e-281)))
(0.377 ((-1.0607007 0 0)(0 0 8.0016122e-281)))
(0.378 ((-1.0642721 0 0)(0 0 -2.9862423e-280)))
(0.379 ((-1.0678436 0 0)(0 0 1.1144808e-279)))
(0.38 ((-1.071415 0 0)(0 0 -4.159299e-279)))
(0.381 ((-1.0749864 0 0)(0 0 1.5522715e-278)))
(0.382 ((-1.0785579 0 0)(0 0 -5.7931562e-278)))
(0.383 ((-1.0821293 0 0)(0 0 2.1620353e-277)))
(0.384 ((-1.0857007 0 0)(0 0 -8.0688257e-277)))
(0.385 ((-1.0892721 0 0)(0 0 3.0113267e-276)))
(0.386 ((-1.0928436 0 0)(0 0 -1.1238424e-275)))
(0.387 ((-1.096415 0 0)(0 0 4.1942371e-275)))
(0.388 ((-1.0999864 0 0)(0 0 -1.5653106e-274)))
(0.389 ((-1.1035579 0 0)(0 0 5.8418187e-274)))
(0.39 ((-1.1071293 0 0)(0 0 -2.1801964e-273)))
(0.391 ((-1.1107007 0 0)(0 0 8.1366038e-273)))
(0.392 ((-1.1142721 0 0)(0 0 -3.0366219e-272)))
(0.393 ((-1.1178436 0 0)(0 0 1.1332827e-271)))
(0.394 ((-1.121415 0 0)(0 0 -4.2294686e-271)))
(0.395 ((-1.1249864 0 0)(0 0 1.5784592e-270)))
(0.396 ((-1.1285579 0 0)(0 0 -5.8908899e-270)))
(0.397 ((-1.1321293 0 0)(0 0 2.19851e-269)))
(0.398 ((-1.1357007 0 0)(0 0 -8.2049511e-269)))
(0.399 ((-1.1392721 0 0)(0 0 3.0621295e-268)))
(0.4 ((-1.1428436 0 0)(0 0 -1.1428023e-267)))
(0.401 ((-1.146415 0 0)(0 0 4.2649961e-267)))
(0.402 ((-1.1499864 0 0)(0 0 -1.5917182e-266)))
(0.403 ((-1.1535579 0 0)(0 0 5.9403733e-266)))
(0.404 ((-1.1571293 0 0)(0 0 -2.2169775e-265)))
(0.405 ((-1.1607007 0 0)(0 0 8.2738727e-265)))
(0.406 ((-1.1642721 0 0)(0 0 -3.0878513e-264)))
(0.407 ((-1.1678436 0 0)(0 0 1.1524018e-263)))
(0.408 ((-1.171415 0 0)(0 0 -4.3008221e-263)))
(0.409 ((-1.1749864 0 0)(0 0 1.6050886e-262)))
(0.41 ((-1.1785579 0 0)(0 0 -5.9902724e-262)))
(0.411 ((-1.1821293 0 0)(0 0 2.2356001e-261)))
(0.412 ((-1.1857007 0 0)(0 0 -8.3433731e-261)))
(0.413 ((-1.1892721 0 0)(0 0 3.1137892e-260)))
(0.414 ((-1.1928436 0 0)(0 0 -1.162082e-259)))
(0.415 ((-1.196415 0 0)(0 0 4.3369489e-259)))
(0.416 ((-1.1999864 0 0)(0 0 -1.6185714e-258)))
(0.417 ((-1.2035579 0 0)(0 0 6.0405906e-258)))
(0.418 ((-1.2071293 0 0)(0 0 -2.2543791e-257)))
(0.419 ((-1.2107007 0 0)(0 0 8.4134574e-257)))
(0.42 ((-1.2142721 0 0)(0 0 -3.139945e-256)))
(0.421 ((-1.2178436 0 0)(0 0 1.1718434e-255)))
(0.422 ((-1.221415 0 0)(0 0 -4.3733793e-255)))
(0.423 ((-1.2249864 0 0)(0 0 1.6321674e-254)))
(0.424 ((-1.2285579 0 0)(0 0 -6.0913315e-254)))
(0.425 ((-1.2321293 0 0)(0 0 2.2733159e-253)))
(0.426 ((-1.2357007 0 0)(0 0 -8.4841303e-253)))
(0.427 ((-1.2392721 0 0)(0 0 3.1663205e-252)))
(0.428 ((-1.2428436 0 0)(0 0 -1.1816869e-251)))
(0.429 ((-1.246415 0 0)(0 0 4.4101156e-251)))
(0.43 ((-1.2499864 0 0)(0 0 -1.6458775e-250)))
(0.431 ((-1.2535579 0 0)(0 0 6.1424986e-250)))
(0.432 ((-1.2571293 0 0)(0 0 -2.2924117e-249)))
(0.433 ((-1.2607007 0 0)(0 0 8.5553969e-249)))
(0.434 ((-1.2642721 0 0)(0 0 -3.1929176e-248)))
(0.435 ((-1.2678436 0 0)(0 0 1.1916131e-247)))
(0.436 ((-1.271415 0 0)(0 0 -4.4471605e-247)))
(0.437 ((-1.2749864 0 0)(0 0 1.6597029e-246)))
(0.438 ((-1.2785579 0 0)(0 0 -6.1940956e-246)))
(0.439 ((-1.2821293 0 0)(0 0 2.3116679e-245)))
(0.44 ((-1.2857007 0 0)(0 0 -8.6272622e-245)))
(0.441 ((-1.2892721 0 0)(0 0 3.2197381e-244)))
(0.442 ((-1.2928436 0 0)(0 0 -1.2016226e-243)))
(0.443 ((-1.296415 0 0)(0 0 4.4845166e-243)))
(0.444 ((-1.2999864 0 0)(0 0 -1.6736444e-242)))
(0.445 ((-1.3035579 0 0)(0 0 6.2461259e-242)))
(0.446 ((-1.3071293 0 0)(0 0 -2.3310859e-241)))
(0.447 ((-1.3107007 0 0)(0 0 8.6997311e-241)))
(0.448 ((-1.3142721 0 0)(0 0 -3.2467838e-240)))
(0.449 ((-1.3178436 0 0)(0 0 1.2117162e-239)))
(0.45 ((-1.321415 0 0)(0 0 -4.5221865e-239)))
(0.451 ((-1.3249864 0 0)(0 0 1.687703e-238)))
(0.452 ((-1.3285579 0 0)(0 0 -6.2985933e-238)))
(0.453 ((-1.3321293 0 0)(0 0 2.350667e-237)))
(0.454 ((-1.3357007 0 0)(0 0 -8.7728087e-237)))
(0.455 ((-1.3392721 0 0)(0 0 3.2740568e-236)))
(0.456 ((-1.3428436 0 0)(0 0 -1.2218946e-235)))
(0.457 ((-1.346415 0 0)(0 0 4.5601728e-235)))
(0.458 ((-1.3499864 0 0)(0 0 -1.7018797e-234)))
(0.459 ((-1.3535579 0 0)(0 0 6.3515014e-234)))
(0.46 ((-1.3571293 0 0)(0 0 -2.3704126e-233)))
(0.461 ((-1.3607007 0 0)(0 0 8.8465003e-233)))
(0.462 ((-1.3642721 0 0)(0 0 -3.3015588e-232)))
(0.463 ((-1.3678436 0 0)(0 0 1.2321585e-231)))
(0.464 ((-1.371415 0 0)(0 0 -4.5984783e-231)))
(0.465 ((-1.3749864 0 0)(0 0 1.7161754e-230)))
(0.466 ((-1.3785579 0 0)(0 0 -6.404854e-230)))
(0.467 ((-1.3821293 0 0)(0 0 2.390324e-229)))
(0.468 ((-1.3857007 0 0)(0 0 -8.9208108e-229)))
(0.469 ((-1.3892721 0 0)(0 0 3.3292919e-228)))
(0.47 ((-1.3928436 0 0)(0 0 -1.2425087e-227)))
(0.471 ((-1.396415 0 0)(0 0 4.6371054e-227)))
(0.472 ((-1.3999864 0 0)(0 0 -1.7305913e-226)))
(0.473 ((-1.4035579 0 0)(0 0 6.4586547e-226)))
(0.474 ((-1.4071293 0 0)(0 0 -2.4104027e-225)))
(0.475 ((-1.4107007 0 0)(0 0 8.9957455e-225)))
(0.476 ((-1.4142721 0 0)(0 0 -3.3572579e-224)))
(0.477 ((-1.4178436 0 0)(0 0 1.2529457e-223)))
(0.478 ((-1.421415 0 0)(0 0 -4.6760571e-223)))
(0.479 ((-1.4249864 0 0)(0 0 1.7451283e-222)))
(0.48 ((-1.4285579 0 0)(0 0 -6.5129073e-222)))
(0.481 ((-1.4321293 0 0)(0 0 2.4306501e-221)))
(0.482 ((-1.4357007 0 0)(0 0 -9.0713097e-221)))
(0.483 ((-1.4392721 0 0)(0 0 3.3854589e-220)))
(0.484 ((-1.4428436 0 0)(0 0 -1.2634704e-219)))
(0.485 ((-1.446415 0 0)(0 0 4.7153359e-219)))
(0.486 ((-1.4499864 0 0)(0 0 -1.7597873e-218)))
(0.487 ((-1.4535579 0 0)(0 0 6.5676157e-218)))
(0.488 ((-1.4571293 0 0)(0 0 -2.4510675e-217)))
(0.489 ((-1.4607007 0 0)(0 0 9.1475086e-217)))
(0.49 ((-1.4642721 0 0)(0 0 -3.4138967e-216)))
(0.491 ((-1.4678436 0 0)(0 0 1.2740836e-215)))
(0.492 ((-1.471415 0 0)(0 0 -4.7549447e-215)))
(0.493 ((-1.4749864 0 0)(0 0 1.7745695e-214)))
(0.494 ((-1.4785579 0 0)(0 0 -6.6227836e-214)))
(0.495 ((-1.4821293 0 0)(0 0 2.4716565e-213)))
(0.496 ((-1.4857007 0 0)(0 0 -9.2243476e-213)))
(0.497 ((-1.4892721 0 0)(0 0 3.4425734e-212)))
(0.498 ((-1.4928436 0 0)(0 0 -1.2847859e-211)))
(0.499 ((-1.496415 0 0)(0 0 4.7948862e-211)))
(0.5 ((-1.4999864 0 0)(0 0 -1.7894759e-210)))
(0.501 ((-1.5035579 0 0)(0 0 6.6784149e-210)))
(0.502 ((-1.5071293 0 0)(0 0 -2.4924184e-209)))
(0.503 ((-1.5107007 0 0)(0 0 9.301832e-209)))
(0.504 ((-1.5142721 0 0)(0 0 -3.471491e-208)))
(0.505 ((-1.5178436 0 0)(0 0 1.2955781e-207)))
(0.506 ((-1.521415 0 0)(0 0 -4.8351632e-207)))
(0.507 ((-1.5249864 0 0)(0 0 1.8045075e-206)))
(0.508 ((-1.5285579 0 0)(0 0 -6.7345135e-206)))
(0.509 ((-1.5321293 0 0)(0 0 2.5133547e-205)))
(0.51 ((-1.5357007 0 0)(0 0 -9.3799673e-205)))
(0.511 ((-1.5392721 0 0)(0 0 3.5006514e-204)))
(0.512 ((-1.5428436 0 0)(0 0 -1.3064609e-203)))
(0.513 ((-1.546415 0 0)(0 0 4.8757785e-203)))
(0.514 ((-1.5499864 0 0)(0 0 -1.8196653e-202)))
(0.515 ((-1.5535579 0 0)(0 0 6.7910834e-202)))
(0.516 ((-1.5571293 0 0)(0 0 -2.5344668e-201)))
(0.517 ((-1.5607007 0 0)(0 0 9.4587589e-201)))
(0.518 ((-1.5642721 0 0)(0 0 -3.5300569e-200)))
(0.519 ((-1.5678436 0 0)(0 0 1.3174352e-199)))
(0.52 ((-1.571415 0 0)(0 0 -4.916735e-199)))
(0.521 ((-1.5749864 0 0)(0 0 1.8349505e-198)))
(0.522 ((-1.5785579 0 0)(0 0 -6.8481284e-198)))
(0.523 ((-1.5821293 0 0)(0 0 2.5557563e-197)))
(0.524 ((-1.5857007 0 0)(0 0 -9.5382124e-197)))
(0.525 ((-1.5892721 0 0)(0 0 3.5597093e-196)))
(0.526 ((-1.5928436 0 0)(0 0 -1.3285016e-195)))
(0.527 ((-1.596415 0 0)(0 0 4.9580355e-195)))
(0.528 ((-1.5999864 0 0)(0 0 -1.850364e-194)))
(0.529 ((-1.6035579 0 0)(0 0 6.9056526e-194)))
(0.53 ((-1.6071293 0 0)(0 0 -2.5772246e-193)))
(0.531 ((-1.6107007 0 0)(0 0 9.6183333e-193)))
(0.532 ((-1.6142721 0 0)(0 0 -3.5896108e-192)))
(0.533 ((-1.6178436 0 0)(0 0 1.339661e-191)))
(0.534 ((-1.621415 0 0)(0 0 -4.9996829e-191)))
(0.535 ((-1.6249864 0 0)(0 0 1.8659071e-190)))
(0.536 ((-1.6285579 0 0)(0 0 -6.96366e-190)))
(0.537 ((-1.6321293 0 0)(0 0 2.5988733e-189)))
(0.538 ((-1.6357007 0 0)(0 0 -9.6991272e-189)))
(0.539 ((-1.6392721 0 0)(0 0 3.6197635e-188)))
(0.54 ((-1.6428436 0 0)(0 0 -1.3509141e-187)))
(0.541 ((-1.646415 0 0)(0 0 5.0416802e-187)))
(0.542 ((-1.6499864 0 0)(0 0 -1.8815807e-186)))
(0.543 ((-1.6535579 0 0)(0 0 7.0221547e-186)))
(0.544 ((-1.6571293 0 0)(0 0 -2.6207038e-185)))
(0.545 ((-1.6607007 0 0)(0 0 9.7805998e-185)))
(0.546 ((-1.6642721 0 0)(0 0 -3.6501695e-184)))
(0.547 ((-1.6678436 0 0)(0 0 1.3622618e-183)))
(0.548 ((-1.671415 0 0)(0 0 -5.0840303e-183)))
(0.549 ((-1.6749864 0 0)(0 0 1.8973859e-182)))
(0.55 ((-1.6785579 0 0)(0 0 -7.0811407e-182)))
(0.551 ((-1.6821293 0 0)(0 0 2.6427177e-181)))
(0.552 ((-1.6857007 0 0)(0 0 -9.8627567e-181)))
(0.553 ((-1.6892721 0 0)(0 0 3.6808309e-180)))
(0.554 ((-1.6928436 0 0)(0 0 -1.3737048e-179)))
(0.555 ((-1.696415 0 0)(0 0 5.1267361e-179)))
(0.556 ((-1.6999864 0 0)(0 0 -1.913324e-178)))
(0.557 ((-1.7035579 0 0)(0 0 7.1406222e-178)))
(0.558 ((-1.7071293 0 0)(0 0 -2.6649165e-177)))
(0.559 ((-1.7107007 0 0)(0 0 9.9456038e-177)))
(0.56 ((-1.7142721 0 0)(0 0 -3.7117499e-176)))
(0.561 ((-1.7178436 0 0)(0 0 1.3852439e-175)))
(0.562 ((-1.721415 0 0)(0 0 -5.1698006e-175)))
(0.563 ((-1.7249864 0 0)(0 0 1.9293959e-174)))
(0.564 ((-1.7285579 0 0)(0 0 -7.2006034e-174)))
(0.565 ((-1.7321293 0 0)(0 0 2.6873018e-173)))
(0.566 ((-1.7357007 0 0)(0 0 -1.0029147e-172)))
(0.567 ((-1.7392721 0 0)(0 0 3.7429285e-172)))
(0.568 ((-1.7428436 0 0)(0 0 -1.3968799e-171)))
(0.569 ((-1.746415 0 0)(0 0 5.2132269e-171)))
(0.57 ((-1.7499864 0 0)(0 0 -1.9456028e-170)))
(0.571 ((-1.7535579 0 0)(0 0 7.2610884e-170)))
(0.572 ((-1.7571293 0 0)(0 0 -2.7098751e-169)))
(0.573 ((-1.7607007 0 0)(0 0 1.0113391e-168)))
(0.574 ((-1.7642721 0 0)(0 0 -3.7743691e-168)))
(0.575 ((-1.7678436 0 0)(0 0 1.4086137e-167)))
(0.576 ((-1.771415 0 0)(0 0 -5.257018e-167)))
(0.577 ((-1.7749864 0 0)(0 0 1.9619458e-166)))
(0.578 ((-1.7785579 0 0)(0 0 -7.3220815e-166)))
(0.579 ((-1.7821293 0 0)(0 0 2.732638e-165)))
(0.58 ((-1.7857007 0 0)(0 0 -1.0198344e-164)))
(0.581 ((-1.7892721 0 0)(0 0 3.8060737e-164)))
(0.582 ((-1.7928436 0 0)(0 0 -1.4204461e-163)))
(0.583 ((-1.796415 0 0)(0 0 5.3011769e-163)))
(0.584 ((-1.7999864 0 0)(0 0 -1.9784261e-162)))
(0.585 ((-1.8035579 0 0)(0 0 7.3835869e-162)))
(0.586 ((-1.8071293 0 0)(0 0 -2.7555921e-161)))
(0.587 ((-1.8107007 0 0)(0 0 1.028401e-160)))
(0.588 ((-1.8142721 0 0)(0 0 -3.8380447e-160)))
(0.589 ((-1.8178436 0 0)(0 0 1.4323778e-159)))
(0.59 ((-1.821415 0 0)(0 0 -5.3457067e-159)))
(0.591 ((-1.8249864 0 0)(0 0 1.9950449e-158)))
(0.592 ((-1.8285579 0 0)(0 0 -7.4456089e-158)))
(0.593 ((-1.8321293 0 0)(0 0 2.7787391e-157)))
(0.594 ((-1.8357007 0 0)(0 0 -1.0370395e-156)))
(0.595 ((-1.8392721 0 0)(0 0 3.8702843e-156)))
(0.596 ((-1.8428436 0 0)(0 0 -1.4444097e-155)))
(0.597 ((-1.846415 0 0)(0 0 5.3906106e-155)))
(0.598 ((-1.8499864 0 0)(0 0 -2.0118033e-154)))
(0.599 ((-1.8535579 0 0)(0 0 7.508152e-154)))
(0.6 ((-1.8571293 0 0)(0 0 -2.8020805e-153)))
(0.601 ((-1.8607007 0 0)(0 0 1.0457507e-152)))
(0.602 ((-1.8642721 0 0)(0 0 -3.9027946e-152)))
(0.603 ((-1.8678436 0 0)(0 0 1.4565428e-151)))
(0.604 ((-1.871415 0 0)(0 0 -5.4358916e-151)))
(0.605 ((-1.8749864 0 0)(0 0 2.0287024e-150)))
(0.606 ((-1.8785579 0 0)(0 0 -7.5712204e-150)))
(0.607 ((-1.8821293 0 0)(0 0 2.8256179e-149)))
(0.608 ((-1.8857007 0 0)(0 0 -1.054535e-148)))
(0.609 ((-1.8892721 0 0)(0 0 3.935578e-148)))
(0.61 ((-1.8928436 0 0)(0 0 -1.4687777e-147)))
(0.611 ((-1.896415 0 0)(0 0 5.4815531e-147)))
(0.612 ((-1.8999864 0 0)(0 0 -2.0457435e-146)))
(0.613 ((-1.9035579 0 0)(0 0 7.6348185e-146)))
(0.614 ((-1.9071293 0 0)(0 0 -2.8493531e-145)))
(0.615 ((-1.9107007 0 0)(0 0 1.063393e-144)))
(0.616 ((-1.9142721 0 0)(0 0 -3.9686369e-144)))
(0.617 ((-1.9178436 0 0)(0 0 1.4811154e-143)))
(0.618 ((-1.921415 0 0)(0 0 -5.5275981e-143)))
(0.619 ((-1.9249864 0 0)(0 0 2.0629277e-142)))
(0.62 ((-1.9285579 0 0)(0 0 -7.6989509e-142)))
(0.621 ((-1.9321293 0 0)(0 0 2.8732876e-141)))
(0.622 ((-1.9357007 0 0)(0 0 -1.0723255e-140)))
(0.623 ((-1.9392721 0 0)(0 0 4.0019734e-140)))
(0.624 ((-1.9428436 0 0)(0 0 -1.4935568e-139)))
(0.625 ((-1.946415 0 0)(0 0 5.5740298e-139)))
(0.626 ((-1.9499864 0 0)(0 0 -2.0802563e-138)))
(0.627 ((-1.9535579 0 0)(0 0 7.7636221e-138)))
(0.628 ((-1.9571293 0 0)(0 0 -2.8974232e-137)))
(0.629 ((-1.9607007 0 0)(0 0 1.0813331e-136)))
(0.63 ((-1.9642721 0 0)(0 0 -4.0355899e-136)))
(0.631 ((-1.9678436 0 0)(0 0 1.5061027e-135)))
(0.632 ((-1.971415 0 0)(0 0 -5.6208516e-135)))
(0.633 ((-1.9749864 0 0)(0 0 2.0977304e-134)))
(0.634 ((-1.9785579 0 0)(0 0 -7.8288364e-134)))
(0.635 ((-1.9821293 0 0)(0 0 2.9217615e-133)))
(0.636 ((-1.9857007 0 0)(0 0 -1.0904162e-132)))
(0.637 ((-1.9892721 0 0)(0 0 4.0694888e-132)))
(0.638 ((-1.9928436 0 0)(0 0 -1.5187539e-131)))
(0.639 ((-1.996415 0 0)(0 0 5.6680667e-131)))
(0.64 ((-1.9999864 0 0)(0 0 -2.1153513e-130)))
(0.641 ((-2.0035579 0 0)(0 0 7.8945985e-130)))
(0.642 ((-2.0071293 0 0)(0 0 -2.9463043e-129)))
(0.643 ((-2.0107007 0 0)(0 0 1.0995757e-128)))
(0.644 ((-2.0142721 0 0)(0 0 -4.1036725e-128)))
(0.645 ((-2.0178436 0 0)(0 0 1.5315114e-127)))
(0.646 ((-2.021415 0 0)(0 0 -5.7156784e-127)))
(0.647 ((-2.0249864 0 0)(0 0 2.1331202e-126)))
(0.648 ((-2.0285579 0 0)(0 0 -7.9609131e-126)))
(0.649 ((-2.0321293 0 0)(0 0 2.9710532e-125)))
(0.65 ((-2.0357007 0 0)(0 0 -1.1088122e-124)))
(0.651 ((-2.0392721 0 0)(0 0 4.1381433e-124)))
(0.652 ((-2.0428436 0 0)(0 0 -1.5443761e-123)))
(0.653 ((-2.046415 0 0)(0 0 5.7636901e-123)))
(0.654 ((-2.0499864 0 0)(0 0 -2.1510384e-122)))
(0.655 ((-2.0535579 0 0)(0 0 8.0277847e-122)))
(0.656 ((-2.0571293 0 0)(0 0 -2.99601e-121)))
(0.657 ((-2.0607007 0 0)(0 0 1.1181262e-120)))
(0.658 ((-2.0642721 0 0)(0 0 -4.1729037e-120)))
(0.659 ((-2.0678436 0 0)(0 0 1.5573488e-119)))
(0.66 ((-2.071415 0 0)(0 0 -5.812105e-119)))
(0.661 ((-2.0749864 0 0)(0 0 2.1691071e-118)))
(0.662 ((-2.0785579 0 0)(0 0 -8.095218e-118)))
(0.663 ((-2.0821293 0 0)(0 0 3.0211765e-117)))
(0.664 ((-2.0857007 0 0)(0 0 -1.1275184e-116)))
(0.665 ((-2.0892721 0 0)(0 0 4.207956e-116)))
(0.666 ((-2.0928436 0 0)(0 0 -1.5704306e-115)))
(0.667 ((-2.096415 0 0)(0 0 5.8609266e-115)))
(0.668 ((-2.0999864 0 0)(0 0 -2.1873276e-114)))
(0.669 ((-2.1035579 0 0)(0 0 8.1632177e-114)))
(0.67 ((-2.1071293 0 0)(0 0 -3.0465543e-113)))
(0.671 ((-2.1107007 0 0)(0 0 1.1369896e-112)))
(0.672 ((-2.1142721 0 0)(0 0 -4.2433028e-112)))
(0.673 ((-2.1178436 0 0)(0 0 1.5836222e-111)))
(0.674 ((-2.121415 0 0)(0 0 -5.9101584e-111)))
(0.675 ((-2.1249864 0 0)(0 0 2.2057011e-110)))
(0.676 ((-2.1285579 0 0)(0 0 -8.2317887e-110)))
(0.677 ((-2.1321293 0 0)(0 0 3.0721454e-109)))
(0.678 ((-2.1357007 0 0)(0 0 -1.1465403e-108)))
(0.679 ((-2.1392721 0 0)(0 0 4.2789465e-108)))
(0.68 ((-2.1428436 0 0)(0 0 -1.5969246e-107)))
(0.681 ((-2.146415 0 0)(0 0 5.9598036e-107)))
(0.682 ((-2.1499864 0 0)(0 0 -2.224229e-106)))
(0.683 ((-2.1535579 0 0)(0 0 8.3009356e-106)))
(0.684 ((-2.1571293 0 0)(0 0 -3.0979514e-105)))
(0.685 ((-2.1607007 0 0)(0 0 1.1561712e-104)))
(0.686 ((-2.1642721 0 0)(0 0 -4.3148896e-104)))
(0.687 ((-2.1678436 0 0)(0 0 1.6103387e-103)))
(0.688 ((-2.171415 0 0)(0 0 -6.0098659e-103)))
(0.689 ((-2.1749864 0 0)(0 0 2.2429125e-102)))
(0.69 ((-2.1785579 0 0)(0 0 -8.3706634e-102)))
(0.691 ((-2.1821293 0 0)(0 0 3.1239741e-101)))
(0.692 ((-2.1857007 0 0)(0 0 -1.165883e-100)))
(0.693 ((-2.1892721 0 0)(0 0 4.3511346e-100)))
(0.694 ((-2.1928436 0 0)(0 0 -1.6238656e-99)))
(0.695 ((-2.196415 0 0)(0 0 6.0603488e-99)))
(0.696 ((-2.1999864 0 0)(0 0 -2.2617529e-98)))
(0.697 ((-2.2035579 0 0)(0 0 8.4409769e-98)))
(0.698 ((-2.2071293 0 0)(0 0 -3.1502155e-97)))
(0.699 ((-2.2107007 0 0)(0 0 1.1756764e-96)))
(0.7 ((-2.2142721 0 0)(0 0 -4.3876841e-96)))
(0.701 ((-2.2178436 0 0)(0 0 1.637506e-95)))
(0.702 ((-2.221415 0 0)(0 0 -6.1112556e-95)))
(0.703 ((-2.2249864 0 0)(0 0 2.2807516e-94)))
(0.704 ((-2.2285579 0 0)(0 0 -8.511881e-94)))
(0.705 ((-2.2321293 0 0)(0 0 3.1766772e-93)))
(0.706 ((-2.2357007 0 0)(0 0 -1.1855521e-92)))
(0.707 ((-2.2392721 0 0)(0 0 4.4245406e-92)))
(0.708 ((-2.2428436 0 0)(0 0 -1.651261e-91)))
(0.709 ((-2.246415 0 0)(0 0 6.1625901e-91)))
(0.71 ((-2.2499864 0 0)(0 0 -2.2999099e-90)))
(0.711 ((-2.2535579 0 0)(0 0 8.5833807e-90)))
(0.712 ((-2.2571293 0 0)(0 0 -3.2033613e-89)))
(0.713 ((-2.2607007 0 0)(0 0 1.1955107e-88)))
(0.714 ((-2.2642721 0 0)(0 0 -4.4617067e-88)))
(0.715 ((-2.2678436 0 0)(0 0 1.6651316e-87)))
(0.716 ((-2.271415 0 0)(0 0 -6.2143558e-87)))
(0.717 ((-2.2749864 0 0)(0 0 2.3192292e-86)))
(0.718 ((-2.2785579 0 0)(0 0 -8.6554811e-86)))
(0.719 ((-2.2821293 0 0)(0 0 3.2302695e-85)))
(0.72 ((-2.2857007 0 0)(0 0 -1.205553e-84)))
(0.721 ((-2.2892721 0 0)(0 0 4.499185e-84)))
(0.722 ((-2.2928436 0 0)(0 0 -1.6791187e-83)))
(0.723 ((-2.296415 0 0)(0 0 6.2665563e-83)))
(0.724 ((-2.2999864 0 0)(0 0 -2.3387107e-82)))
(0.725 ((-2.3035579 0 0)(0 0 8.728187e-82)))
(0.726 ((-2.3071293 0 0)(0 0 -3.2574037e-81)))
(0.727 ((-2.3107007 0 0)(0 0 1.2156796e-80)))
(0.728 ((-2.3142721 0 0)(0 0 -4.5369781e-80)))
(0.729 ((-2.3178436 0 0)(0 0 1.6932233e-79)))
(0.73 ((-2.321415 0 0)(0 0 -6.3191953e-79)))
(0.731 ((-2.3249864 0 0)(0 0 2.3583558e-78)))
(0.732 ((-2.3285579 0 0)(0 0 -8.8015037e-78)))
(0.733 ((-2.3321293 0 0)(0 0 3.2847659e-77)))
(0.734 ((-2.3357007 0 0)(0 0 -1.2258913e-76)))
(0.735 ((-2.3392721 0 0)(0 0 4.5750887e-76)))
(0.736 ((-2.3428436 0 0)(0 0 -1.7074463e-75)))
(0.737 ((-2.346415 0 0)(0 0 6.3722765e-75)))
(0.738 ((-2.3499864 0 0)(0 0 -2.378166e-74)))
(0.739 ((-2.3535579 0 0)(0 0 8.8754362e-74)))
(0.74 ((-2.3571293 0 0)(0 0 -3.3123579e-73)))
(0.741 ((-2.3607007 0 0)(0 0 1.2361888e-72)))
(0.742 ((-2.3642721 0 0)(0 0 -4.6135194e-72)))
(0.743 ((-2.3678436 0 0)(0 0 1.7217889e-71)))
(0.744 ((-2.371415 0 0)(0 0 -6.4258036e-71)))
(0.745 ((-2.3749864 0 0)(0 0 2.3981425e-70)))
(0.746 ((-2.3785579 0 0)(0 0 -8.9499898e-70)))
(0.747 ((-2.3821293 0 0)(0 0 3.3401817e-69)))
(0.748 ((-2.3857007 0 0)(0 0 -1.2465728e-68)))
(0.749 ((-2.3892721 0 0)(0 0 4.6522729e-68)))
(0.75 ((-2.3928436 0 0)(0 0 -1.7362519e-67)))
(0.751 ((-2.396415 0 0)(0 0 6.4797803e-67)))
(0.752 ((-2.3999864 0 0)(0 0 -2.4182869e-66)))
(0.753 ((-2.4035579 0 0)(0 0 9.0251696e-66)))
(0.754 ((-2.4071293 0 0)(0 0 -3.3682392e-65)))
(0.755 ((-2.4107007 0 0)(0 0 1.257044e-64)))
(0.756 ((-2.4142721 0 0)(0 0 -4.691352e-64)))
(0.757 ((-2.4178436 0 0)(0 0 1.7508364e-63)))
(0.758 ((-2.421415 0 0)(0 0 -6.5342104e-63)))
(0.759 ((-2.4249864 0 0)(0 0 2.4386005e-62)))
(0.76 ((-2.4285579 0 0)(0 0 -9.100981e-62)))
(0.761 ((-2.4321293 0 0)(0 0 3.3965323e-61)))
(0.762 ((-2.4357007 0 0)(0 0 -1.2676031e-60)))
(0.763 ((-2.4392721 0 0)(0 0 4.7307593e-60)))
(0.764 ((-2.4428436 0 0)(0 0 -1.7655434e-59)))
(0.765 ((-2.446415 0 0)(0 0 6.5890977e-59)))
(0.766 ((-2.4499864 0 0)(0 0 -2.4590847e-58)))
(0.767 ((-2.4535579 0 0)(0 0 9.1774291e-58)))
(0.768 ((-2.4571293 0 0)(0 0 -3.4250632e-57)))
(0.769 ((-2.4607007 0 0)(0 0 1.278251e-56)))
(0.77 ((-2.4642721 0 0)(0 0 -4.7704976e-56)))
(0.771 ((-2.4678436 0 0)(0 0 1.7803739e-55)))
(0.772 ((-2.471415 0 0)(0 0 -6.644446e-55)))
(0.773 ((-2.4749864 0 0)(0 0 2.479741e-54)))
(0.774 ((-2.4785579 0 0)(0 0 -9.2545194e-54)))
(0.775 ((-2.4821293 0 0)(0 0 3.4538337e-53)))
(0.776 ((-2.4857007 0 0)(0 0 -1.2889883e-52)))
(0.777 ((-2.4892721 0 0)(0 0 4.8105697e-52)))
(0.778 ((-2.4928436 0 0)(0 0 -1.7953291e-51)))
(0.779 ((-2.496415 0 0)(0 0 6.7002593e-51)))
(0.78 ((-2.4999864 0 0)(0 0 -2.5005708e-50)))
(0.781 ((-2.5035579 0 0)(0 0 9.3322573e-50)))
(0.782 ((-2.5071293 0 0)(0 0 -3.4828458e-49)))
(0.783 ((-2.5107007 0 0)(0 0 1.2998158e-48)))
(0.784 ((-2.5142721 0 0)(0 0 -4.8509785e-48)))
(0.785 ((-2.5178436 0 0)(0 0 1.8104098e-47)))
(0.786 ((-2.521415 0 0)(0 0 -6.7565414e-47)))
(0.787 ((-2.5249864 0 0)(0 0 2.5215756e-46)))
(0.788 ((-2.5285579 0 0)(0 0 -9.4106482e-46)))
(0.789 ((-2.5321293 0 0)(0 0 3.5121017e-45)))
(0.79 ((-2.5357007 0 0)(0 0 -1.3107342e-44)))
(0.791 ((-2.5392721 0 0)(0 0 4.8917266e-44)))
(0.792 ((-2.5428436 0 0)(0 0 -1.8256172e-43)))
(0.793 ((-2.546415 0 0)(0 0 6.8132963e-43)))
(0.794 ((-2.5499864 0 0)(0 0 -2.5427568e-42)))
(0.795 ((-2.5535579 0 0)(0 0 9.4896975e-42)))
(0.796 ((-2.5571293 0 0)(0 0 -3.5416033e-41)))
(0.797 ((-2.5607007 0 0)(0 0 1.3217444e-40)))
(0.798 ((-2.5642721 0 0)(0 0 -4.9328171e-40)))
(0.799 ((-2.5678436 0 0)(0 0 1.8409524e-39)))
(0.8 ((-2.571415 0 0)(0 0 -6.8705279e-39)))
(0.801 ((-2.5749864 0 0)(0 0 2.5641159e-38)))
(0.802 ((-2.5785579 0 0)(0 0 -9.5694109e-38)))
(0.803 ((-2.5821293 0 0)(0 0 3.5713528e-37)))
(0.804 ((-2.5857007 0 0)(0 0 -1.332847e-36)))
(0.805 ((-2.5892721 0 0)(0 0 4.9742527e-36)))
(0.806 ((-2.5928436 0 0)(0 0 -1.8564164e-35)))
(0.807 ((-2.596415 0 0)(0 0 6.9282403e-35)))
(0.808 ((-2.5999864 0 0)(0 0 -2.5856545e-34)))
(0.809 ((-2.6035578 0 0)(0 0 9.6497939e-34)))
(0.81 ((-2.6071293 0 0)(0 0 -3.6013521e-33)))
(0.811 ((-2.6107007 0 0)(0 0 1.3440429e-32)))
(0.812 ((-2.6142721 0 0)(0 0 -5.0160364e-32)))
(0.813 ((-2.6178435 0 0)(0 0 1.8720103e-31)))
(0.814 ((-2.6214149 0 0)(0 0 -6.9864374e-31)))
(0.815 ((-2.6249863 0 0)(0 0 2.6073739e-30)))
(0.816 ((-2.6285578 0 0)(0 0 -9.730852e-30)))
(0.817 ((-2.6321292 0 0)(0 0 3.6316034e-29)))
(0.818 ((-2.6357006 0 0)(0 0 -1.3553328e-28)))
(0.819 ((-2.6392719 0 0)(0 0 5.058171e-28)))
(0.82 ((-2.6428433 0 0)(0 0 -1.8877351e-27)))
(0.821 ((-2.6464147 0 0)(0 0 7.0451234e-27)))
(0.822 ((-2.6499861 0 0)(0 0 -2.6292759e-26)))
(0.823 ((-2.6535574 0 0)(0 0 9.8125911e-26)))
(0.824 ((-2.6571287 0 0)(0 0 -3.6621089e-25)))
(0.825 ((-2.6607 0 0)(0 0 1.3667176e-24)))
(0.826 ((-2.6642713 0 0)(0 0 -5.1006596e-24)))
(0.827 ((-2.6678426 0 0)(0 0 1.9035921e-23)))
(0.828 ((-2.6714138 0 0)(0 0 -7.1043024e-23)))
(0.829 ((-2.6749849 0 0)(0 0 2.6513617e-22)))
(0.83 ((-2.678556 0 0)(0 0 -9.8950168e-22)))
(0.831 ((-2.682127 0 0)(0 0 3.6928705e-21)))
(0.832 ((-2.685698 0 0)(0 0 -1.378198e-20)))
(0.833 ((-2.6892688 0 0)(0 0 5.1435051e-20)))
(0.834 ((-2.6928395 0 0)(0 0 -1.9195822e-19)))
(0.835 ((-2.69641 0 0)(0 0 7.1639785e-19)))
(0.836 ((-2.6999803 0 0)(0 0 -2.6736332e-18)))
(0.837 ((-2.7035504 0 0)(0 0 9.9781348e-18)))
(0.838 ((-2.7071202 0 0)(0 0 -3.7238906e-17)))
(0.839 ((-2.7106896 0 0)(0 0 1.3897749e-16)))
(0.84 ((-2.7142586 0 0)(0 0 -5.1867105e-16)))
(0.841 ((-2.717827 0 0)(0 0 1.9357067e-15)))
(0.842 ((-2.7213948 0 0)(0 0 -7.2241558e-15)))
(0.843 ((-2.7249618 0 0)(0 0 2.6960917e-14)))
(0.844 ((-2.7285278 0 0)(0 0 -1.0061951e-13)))
(0.845 ((-2.7320927 0 0)(0 0 3.7551712e-13)))
(0.846 ((-2.7356561 0 0)(0 0 -1.401449e-12)))
(0.847 ((-2.7392179 0 0)(0 0 5.2302788e-12)))
(0.848 ((-2.7427776 0 0)(0 0 -1.9519666e-11)))
(0.849 ((-2.7463347 0 0)(0 0 7.2848387e-11)))
(0.85 ((-2.749889 0 0)(0 0 -2.7187388e-10)))
(0.851 ((-2.7534396 0 0)(0 0 1.0146471e-09)))
(0.852 ((-2.756986 0 0)(0 0 -3.7867146e-09)))
(0.853 ((-2.7605275 0 0)(0 0 1.4132211e-08)))
(0.854 ((-2.764063 0 0)(0 0 -5.2742131e-08)))
(0.855 ((-2.7675916 0 0)(0 0 1.9683631e-07)))
(0.856 ((-2.7711122 0 0)(0 0 -7.3460312e-07)))
(0.857 ((-2.7746236 0 0)(0 0 2.7415762e-06)))
(0.858 ((-2.7781244 0 0)(0 0 -1.0231702e-05)))
(0.859 ((-2.7816133 0 0)(0 0 3.818523e-05)))
(0.86 ((-2.7850888 0 0)(0 0 -0.0003315698)))
(0.861 ((-2.7885494 0 0)(0 0 -0.0012110921)))
(0.862 ((-2.7919936 0 0)(0 0 -0.0022187661)))
(0.863 ((-2.79542 0 0)(0 0 -0.0034634345)))
(0.864 ((-2.7988272 0 0)(0 0 -0.0049741107)))
(0.865 ((-2.8022139 0 0)(0 0 -0.0068131832)))
(0.866 ((-2.8055788 0 0)(0 0 -0.0090483226)))
(0.867 ((-2.8089209 0 0)(0 0 -0.011762565)))
(0.868 ((-2.8122391 0 0)(0 0 -0.015054478)))
(0.869 ((-2.8155326 0 0)(0 0 -0.019041264)))
(0.87 ((-2.8188005 0 0)(0 0 -0.023861292)))
(0.871 ((-2.8220422 0 0)(0 0 -0.029676893)))
(0.872 ((-2.8252571 0 0)(0 0 -0.036676999)))
(0.873 ((-2.8284448 0 0)(0 0 -0.045079518)))
(0.874 ((-2.8316047 0 0)(0 0 -0.055133154)))
(0.875 ((-2.8347366 0 0)(0 0 -0.067118387)))
(0.876 ((-2.8378402 0 0)(0 0 -0.081347302)))
(0.877 ((-2.8409151 0 0)(0 0 -0.098161994)))
(0.878 ((-2.8439613 0 0)(0 0 -0.11793137)))
(0.879 ((-2.8469785 0 0)(0 0 -0.1410463)))
(0.88 ((-2.8499666 0 0)(0 0 -0.16791325)))
(0.881 ((-2.8529254 0 0)(0 0 -0.19894682)))
(0.882 ((-2.855855 0 0)(0 0 -0.2345616)))
(0.883 ((-2.8587551 0 0)(0 0 -0.27516404)))
(0.884 ((-2.8616258 0 0)(0 0 -0.32114501)))
(0.885 ((-2.8644669 0 0)(0 0 -0.3728734)))
(0.886 ((-2.8672785 0 0)(0 0 -0.43069128)))
(0.887 ((-2.8700605 0 0)(0 0 -0.49491071)))
(0.888 ((-2.8728129 0 0)(0 0 -0.56581214)))
(0.889 ((-2.8755356 0 0)(0 0 -0.64364422)))
(0.89 ((-2.8782287 0 0)(0 0 -0.72862481)))
(0.891 ((-2.880892 0 0)(0 0 -0.82094278)))
(0.892 ((-2.8835257 0 0)(0 0 -0.92076036)))
(0.893 ((-2.8861296 0 0)(0 0 -1.0282158)))
(0.894 ((-2.8887038 0 0)(0 0 -1.1434263)))
(0.895 ((-2.8912483 0 0)(0 0 -1.2664902)))
(0.896 ((-2.8937631 0 0)(0 0 -1.39749)))
(0.897 ((-2.8962481 0 0)(0 0 -1.5364946)))
(0.898 ((-2.8987034 0 0)(0 0 -1.683561)))
(0.899 ((-2.9011289 0 0)(0 0 -1.8387365)))
(0.9 ((-2.9035247 0 0)(0 0 -2.0020602)))
(0.901 ((-2.9058907 0 0)(0 0 -2.173564)))
(0.902 ((-2.908227 0 0)(0 0 -2.3532743)))
(0.903 ((-2.9105335 0 0)(0 0 -2.5412123)))
(0.904 ((-2.9128103 0 0)(0 0 -2.7373953)))
(0.905 ((-2.9150573 0 0)(0 0 -2.9418372)))
(0.906 ((-2.9172745 0 0)(0 0 -3.1545488)))
(0.907 ((-2.919462 0 0)(0 0 -3.3755386)))
(0.908 ((-2.9216197 0 0)(0 0 -3.6048128)))
(0.909 ((-2.9237477 0 0)(0 0 -3.8423757)))
(0.91 ((-2.9258459 0 0)(0 0 -4.0882297)))
(0.911 ((-2.9279143 0 0)(0 0 -4.3423757)))
(0.912 ((-2.929953 0 0)(0 0 -4.6048128)))
(0.913 ((-2.9319619 0 0)(0 0 -4.8755386)))
(0.914 ((-2.9339411 0 0)(0 0 -5.1545488)))
(0.915 ((-2.9358905 0 0)(0 0 -5.4418372)))
(0.916 ((-2.9378102 0 0)(0 0 -5.7373953)))
(0.917 ((-2.9397 0 0)(0 0 -6.0412123)))
(0.918 ((-2.9415602 0 0)(0 0 -6.3532743)))
(0.919 ((-2.9433905 0 0)(0 0 -6.673564)))
(0.92 ((-2.9451911 0 0)(0 0 -7.0020602)))
(0.921 ((-2.9469619 0 0)(0 0 -7.3387365)))
(0.922 ((-2.948703 0 0)(0 0 -7.683561)))
(0.923 ((-2.9504143 0 0)(0 0 -8.0364946)))
(0.924 ((-2.9520959 0 0)(0 0 -8.39749)))
(0.925 ((-2.9537477 0 0)(0 0 -8.7664902)))
(0.926 ((-2.9553697 0 0)(0 0 -9.1434263)))
(0.927 ((-2.9569619 0 0)(0 0 -9.5282158)))
(0.928 ((-2.9585245 0 0)(0 0 -9.9207604)))
(0.929 ((-2.9600572 0 0)(0 0 -10.320943)))
(0.93 ((-2.9615602 0 0)(0 0 -10.728625)))
(0.931 ((-2.9630334 0 0)(0 0 -11.143644)))
(0.932 ((-2.9644769 0 0)(0 0 -11.565812)))
(0.933 ((-2.9658906 0 0)(0 0 -11.994911)))
(0.934 ((-2.9672745 0 0)(0 0 -12.430691)))
(0.935 ((-2.9686287 0 0)(0 0 -12.872873)))
(0.936 ((-2.9699531 0 0)(0 0 -13.321145)))
(0.937 ((-2.9712478 0 0)(0 0 -13.775164)))
(0.938 ((-2.9725127 0 0)(0 0 -14.234562)))
(0.939 ((-2.9737478 0 0)(0 0 -14.698947)))
(0.94 ((-2.9749533 0 0)(0 0 -15.167913)))
(0.941 ((-2.9761289 0 0)(0 0 -15.641046)))
(0.942 ((-2.9772748 0 0)(0 0 -16.117931)))
(0.943 ((-2.978391 0 0)(0 0 -16.598162)))
(0.944 ((-2.9794774 0 0)(0 0 -17.081347)))
(0.945 ((-2.980534 0 0)(0 0 -17.567118)))
(0.946 ((-2.981561 0 0)(0 0 -18.055133)))
(0.947 ((-2.9825582 0 0)(0 0 -18.54508)))
(0.948 ((-2.9835257 0 0)(0 0 -19.036677)))
(0.949 ((-2.9844634 0 0)(0 0 -19.529677)))
(0.95 ((-2.9853715 0 0)(0 0 -20.023861)))
(0.951 ((-2.9862499 0 0)(0 0 -20.519041)))
(0.952 ((-2.9870986 0 0)(0 0 -21.015054)))
(0.953 ((-2.9879177 0 0)(0 0 -21.511763)))
(0.954 ((-2.9887071 0 0)(0 0 -22.009048)))
(0.955 ((-2.9894669 0 0)(0 0 -22.506813)))
(0.956 ((-2.9901972 0 0)(0 0 -23.004974)))
(0.957 ((-2.990898 0 0)(0 0 -23.503463)))
(0.958 ((-2.9915693 0 0)(0 0 -24.002221)))
(0.959 ((-2.9922111 0 0)(0 0 -24.501202)))
(0.96 ((-2.9928237 0 0)(0 0 -25.000366)))
(0.961 ((-2.9934071 0 0)(0 0 -25.49968)))
(0.962 ((-2.9939613 0 0)(0 0 -25.999117)))
(0.963 ((-2.9944866 0 0)(0 0 -26.498656)))
(0.964 ((-2.994983 0 0)(0 0 -26.998278)))
(0.965 ((-2.9954509 0 0)(0 0 -27.497969)))
(0.966 ((-2.9958904 0 0)(0 0 -27.997715)))
(0.967 ((-2.9963019 0 0)(0 0 -28.497507)))
(0.968 ((-2.9966857 0 0)(0 0 -28.997337)))
(0.969 ((-2.9970422 0 0)(0 0 -29.497197)))
(0.97 ((-2.9973719 0 0)(0 0 -29.997083)))
(0.971 ((-2.9976754 0 0)(0 0 -30.49699)))
(0.972 ((-2.9979534 0 0)(0 0 -30.996913)))
(0.973 ((-2.9982066 0 0)(0 0 -31.496851)))
(0.974 ((-2.998436 0 0)(0 0 -31.996799)))
(0.975 ((-2.9986425 0 0)(0 0 -32.496757)))
(0.976 ((-2.9988272 0 0)(0 0 -32.996723)))
(0.977 ((-2.9989914 0 0)(0 0 -33.496695)))
(0.978 ((-2.9991364 0 0)(0 0 -33.996671)))
(0.979 ((-2.9992636 0 0)(0 0 -34.496653)))
(0.98 ((-2.9993745 0 0)(0 0 -34.996637)))
(0.981 ((-2.9994704 0 0)(0 0 -35.496624)))
(0.982 ((-2.999553 0 0)(0 0 -35.996614)))
(0.983 ((-2.9996236 0 0)(0 0 -36.496606)))
(0.984 ((-2.9996836 0 0)(0 0 -36.996599)))
(0.985 ((-2.9997345 0 0)(0 0 -37.496593)))
(0.986 ((-2.9997773 0 0)(0 0 -37.996588)))
(0.987 ((-2.9998132 0 0)(0 0 -38.496584)))
(0.988 ((-2.9998432 0 0)(0 0 -38.996581)))
(0.989 ((-2.9998682 0 0)(0 0 -39.496579)))
(0.99 ((-2.999889 0 0)(0 0 -39.996577)))
(0.991 ((-2.9999062 0 0)(0 0 -40.496575)))
(0.992 ((-2.9999204 0 0)(0 0 -40.996573)))
(0.993 ((-2.9999322 0 0)(0 0 -41.496572)))
(0.994 ((-2.9999419 0 0)(0 0 -41.996571)))
(0.995 ((-2.9999498 0 0)(0 0 -42.49657)))
(0.996 ((-2.9999564 0 0)(0 0 -42.99657)))
(0.997 ((-2.9999618 0 0)(0 0 -43.496569)))
(0.998 ((-2.9999663 0 0)(0 0 -43.996568)))
(0.999 ((-2.9999698 0 0)(0 0 -44.496568)))
(1 ((-2.9999732 0 0)(0 0 -44.996567)))
(1.001 ((-2.9999729 0 0)(0 0 -45.496567)))
(1.002 ((-2.9999689 0 0)(0 0 -45.996566)))
(1.003 ((-2.9999645 0 0)(0 0 -46.496566)))
(1.004 ((-2.9999591 0 0)(0 0 -46.996565)))
(1.005 ((-2.9999525 0 0)(0 0 -47.496564)))
(1.006 ((-2.9999446 0 0)(0 0 -47.996563)))
(1.007 ((-2.9999349 0 0)(0 0 -48.496562)))
(1.008 ((-2.9999231 0 0)(0 0 -48.996561)))
(1.009 ((-2.9999089 0 0)(0 0 -49.49656)))
(1.01 ((-2.9998917 0 0)(0 0 -49.996558)))
(1.011 ((-2.9998709 0 0)(0 0 -50.496556)))
(1.012 ((-2.9998459 0 0)(0 0 -50.996553)))
(1.013 ((-2.9998159 0 0)(0 0 -51.49655)))
(1.014 ((-2.99978 0 0)(0 0 -51.996546)))
(1.015 ((-2.9997372 0 0)(0 0 -52.496542)))
(1.016 ((-2.9996863 0 0)(0 0 -52.996536)))
(1.017 ((-2.9996263 0 0)(0 0 -53.496529)))
(1.018 ((-2.9995557 0 0)(0 0 -53.99652)))
(1.019 ((-2.9994731 0 0)(0 0 -54.49651)))
(1.02 ((-2.9993772 0 0)(0 0 -54.996497)))
(1.021 ((-2.9992663 0 0)(0 0 -55.496482)))
(1.022 ((-2.9991391 0 0)(0 0 -55.996463)))
(1.023 ((-2.9989941 0 0)(0 0 -56.49644)))
(1.024 ((-2.9988299 0 0)(0 0 -56.996412)))
(1.025 ((-2.9986452 0 0)(0 0 -57.496377)))
(1.026 ((-2.9984387 0 0)(0 0 -57.996335)))
(1.027 ((-2.9982093 0 0)(0 0 -58.496284)))
(1.028 ((-2.9979561 0 0)(0 0 -58.996221)))
(1.029 ((-2.9976781 0 0)(0 0 -59.496145)))
(1.03 ((-2.9973746 0 0)(0 0 -59.996051)))
(1.031 ((-2.9970449 0 0)(0 0 -60.495937)))
(1.032 ((-2.9966884 0 0)(0 0 -60.995798)))
(1.033 ((-2.9963046 0 0)(0 0 -61.495627)))
(1.034 ((-2.9958931 0 0)(0 0 -61.99542)))
(1.035 ((-2.9954536 0 0)(0 0 -62.495166)))
(1.036 ((-2.9949857 0 0)(0 0 -62.994856)))
(1.037 ((-2.9944893 0 0)(0 0 -63.494478)))
(1.038 ((-2.993964 0 0)(0 0 -63.994017)))
(1.039 ((-2.9934098 0 0)(0 0 -64.493455)))
(1.04 ((-2.9928264 0 0)(0 0 -64.992769)))
(1.041 ((-2.9922138 0 0)(0 0 -65.491933)))
(1.042 ((-2.991572 0 0)(0 0 -65.990913)))
(1.043 ((-2.9909007 0 0)(0 0 -66.489672)))
(1.044 ((-2.9901999 0 0)(0 0 -66.98816)))
(1.045 ((-2.9894696 0 0)(0 0 -67.486321)))
(1.046 ((-2.9887098 0 0)(0 0 -67.984086)))
(1.047 ((-2.9879204 0 0)(0 0 -68.481372)))
(1.048 ((-2.9871013 0 0)(0 0 -68.97808)))
(1.049 ((-2.9862526 0 0)(0 0 -69.474093)))
(1.05 ((-2.9853742 0 0)(0 0 -69.969273)))
(1.051 ((-2.9844661 0 0)(0 0 -70.463458)))
(1.052 ((-2.9835284 0 0)(0 0 -70.956457)))
(1.053 ((-2.9825609 0 0)(0 0 -71.448055)))
(1.054 ((-2.9815637 0 0)(0 0 -71.938001)))
(1.055 ((-2.9805367 0 0)(0 0 -72.426016)))
(1.056 ((-2.9794801 0 0)(0 0 -72.911787)))
(1.057 ((-2.9783937 0 0)(0 0 -73.394972)))
(1.058 ((-2.9772775 0 0)(0 0 -73.875203)))
(1.059 ((-2.9761316 0 0)(0 0 -74.352088)))
(1.06 ((-2.974956 0 0)(0 0 -74.825221)))
(1.061 ((-2.9737505 0 0)(0 0 -75.294188)))
(1.062 ((-2.9725154 0 0)(0 0 -75.758573)))
(1.063 ((-2.9712505 0 0)(0 0 -76.21797)))
(1.064 ((-2.9699558 0 0)(0 0 -76.671989)))
(1.065 ((-2.9686314 0 0)(0 0 -77.120261)))
(1.066 ((-2.9672772 0 0)(0 0 -77.562443)))
(1.067 ((-2.9658933 0 0)(0 0 -77.998224)))
(1.068 ((-2.9644796 0 0)(0 0 -78.427322)))
(1.069 ((-2.9630361 0 0)(0 0 -78.84949)))
(1.07 ((-2.9615629 0 0)(0 0 -79.26451)))
(1.071 ((-2.9600599 0 0)(0 0 -79.672192)))
(1.072 ((-2.9585272 0 0)(0 0 -80.072374)))
(1.073 ((-2.9569647 0 0)(0 0 -80.464919)))
(1.074 ((-2.9553724 0 0)(0 0 -80.849708)))
(1.075 ((-2.9537504 0 0)(0 0 -81.226644)))
(1.076 ((-2.9520986 0 0)(0 0 -81.595644)))
(1.077 ((-2.950417 0 0)(0 0 -81.95664)))
(1.078 ((-2.9487057 0 0)(0 0 -82.309573)))
(1.079 ((-2.9469646 0 0)(0 0 -82.654398)))
(1.08 ((-2.9451938 0 0)(0 0 -82.991074)))
(1.081 ((-2.9433932 0 0)(0 0 -83.31957)))
(1.082 ((-2.9415629 0 0)(0 0 -83.63986)))
(1.083 ((-2.9397027 0 0)(0 0 -83.951922)))
(1.084 ((-2.9378129 0 0)(0 0 -84.255739)))
(1.085 ((-2.9358932 0 0)(0 0 -84.551297)))
(1.086 ((-2.9339438 0 0)(0 0 -84.838586)))
(1.087 ((-2.9319647 0 0)(0 0 -85.117596)))
(1.088 ((-2.9299557 0 0)(0 0 -85.388322)))
(1.089 ((-2.927917 0 0)(0 0 -85.650759)))
(1.09 ((-2.9258486 0 0)(0 0 -85.904905)))
(1.091 ((-2.9237504 0 0)(0 0 -86.150759)))
(1.092 ((-2.9216224 0 0)(0 0 -86.388322)))
(1.093 ((-2.9194647 0 0)(0 0 -86.617596)))
(1.094 ((-2.9172772 0 0)(0 0 -86.838586)))
(1.095 ((-2.91506 0 0)(0 0 -87.051297)))
(1.096 ((-2.912813 0 0)(0 0 -87.255739)))
(1.097 ((-2.9105362 0 0)(0 0 -87.451922)))
(1.098 ((-2.9082297 0 0)(0 0 -87.63986)))
(1.099 ((-2.9058934 0 0)(0 0 -87.81957)))
(1.1 ((-2.9035274 0 0)(0 0 -87.991074)))
(1.101 ((-2.9011316 0 0)(0 0 -88.154398)))
(1.102 ((-2.8987061 0 0)(0 0 -88.309573)))
(1.103 ((-2.8962508 0 0)(0 0 -88.45664)))
(1.104 ((-2.8937658 0 0)(0 0 -88.595644)))
(1.105 ((-2.891251 0 0)(0 0 -88.726644)))
(1.106 ((-2.8887065 0 0)(0 0 -88.849708)))
(1.107 ((-2.8861323 0 0)(0 0 -88.964919)))
(1.108 ((-2.8835284 0 0)(0 0 -89.072374)))
(1.109 ((-2.8808947 0 0)(0 0 -89.172192)))
(1.11 ((-2.8782314 0 0)(0 0 -89.26451)))
(1.111 ((-2.8755383 0 0)(0 0 -89.34949)))
(1.112 ((-2.8728156 0 0)(0 0 -89.427322)))
(1.113 ((-2.8700632 0 0)(0 0 -89.498224)))
(1.114 ((-2.8672812 0 0)(0 0 -89.562443)))
(1.115 ((-2.8644696 0 0)(0 0 -89.620261)))
(1.116 ((-2.8616285 0 0)(0 0 -89.671989)))
(1.117 ((-2.8587578 0 0)(0 0 -89.71797)))
(1.118 ((-2.8558577 0 0)(0 0 -89.758573)))
(1.119 ((-2.8529281 0 0)(0 0 -89.794188)))
(1.12 ((-2.8499693 0 0)(0 0 -89.825221)))
(1.121 ((-2.8469812 0 0)(0 0 -89.852088)))
(1.122 ((-2.843964 0 0)(0 0 -89.875203)))
(1.123 ((-2.8409178 0 0)(0 0 -89.894972)))
(1.124 ((-2.8378429 0 0)(0 0 -89.911787)))
(1.125 ((-2.8347393 0 0)(0 0 -89.926016)))
(1.126 ((-2.8316074 0 0)(0 0 -89.938001)))
(1.127 ((-2.8284475 0 0)(0 0 -89.948055)))
(1.128 ((-2.8252598 0 0)(0 0 -89.956457)))
(1.129 ((-2.8220449 0 0)(0 0 -89.963458)))
(1.13 ((-2.8188032 0 0)(0 0 -89.969273)))
(1.131 ((-2.8155353 0 0)(0 0 -89.974093)))
(1.132 ((-2.8122418 0 0)(0 0 -89.97808)))
(1.133 ((-2.8089236 0 0)(0 0 -89.981372)))
(1.134 ((-2.8055815 0 0)(0 0 -89.984086)))
(1.135 ((-2.8022166 0 0)(0 0 -89.986321)))
(1.136 ((-2.7988299 0 0)(0 0 -89.98816)))
(1.137 ((-2.7954227 0 0)(0 0 -89.989671)))
(1.138 ((-2.7919963 0 0)(0 0 -89.990916)))
(1.139 ((-2.7885521 0 0)(0 0 -89.991923)))
(1.14 ((-2.7850915 0 0)(0 0 -89.992803)))
(1.141 ((-2.781616 0 0)(0 0 -89.993173)))
(1.142 ((-2.7781271 0 0)(0 0 -89.993124)))
(1.143 ((-2.7746263 0 0)(0 0 -89.993137)))
(1.144 ((-2.7711149 0 0)(0 0 -89.993134)))
(1.145 ((-2.7675943 0 0)(0 0 -89.993135)))
(1.146 ((-2.7640657 0 0)(0 0 -89.993134)))
(1.147 ((-2.7605302 0 0)(0 0 -89.993134)))
(1.148 ((-2.7569887 0 0)(0 0 -89.993134)))
(1.149 ((-2.7534423 0 0)(0 0 -89.993134)))
(1.15 ((-2.7498917 0 0)(0 0 -89.993134)))
(1.151 ((-2.7463374 0 0)(0 0 -89.993134)))
(1.152 ((-2.7427803 0 0)(0 0 -89.993134)))
(1.153 ((-2.7392206 0 0)(0 0 -89.993134)))
(1.154 ((-2.7356588 0 0)(0 0 -89.993134)))
(1.155 ((-2.7320954 0 0)(0 0 -89.993134)))
(1.156 ((-2.7285305 0 0)(0 0 -89.993134)))
(1.157 ((-2.7249645 0 0)(0 0 -89.993134)))
(1.158 ((-2.7213975 0 0)(0 0 -89.993134)))
(1.159 ((-2.7178297 0 0)(0 0 -89.993134)))
(1.16 ((-2.7142613 0 0)(0 0 -89.993134)))
(1.161 ((-2.7106923 0 0)(0 0 -89.993134)))
(1.162 ((-2.7071229 0 0)(0 0 -89.993134)))
(1.163 ((-2.7035531 0 0)(0 0 -89.993134)))
(1.164 ((-2.699983 0 0)(0 0 -89.993134)))
(1.165 ((-2.6964127 0 0)(0 0 -89.993134)))
(1.166 ((-2.6928422 0 0)(0 0 -89.993134)))
(1.167 ((-2.6892715 0 0)(0 0 -89.993134)))
(1.168 ((-2.6857007 0 0)(0 0 -89.993134)))
(1.169 ((-2.6821297 0 0)(0 0 -89.993134)))
(1.17 ((-2.6785587 0 0)(0 0 -89.993134)))
(1.171 ((-2.6749876 0 0)(0 0 -89.993134)))
(1.172 ((-2.6714165 0 0)(0 0 -89.993134)))
(1.173 ((-2.6678453 0 0)(0 0 -89.993134)))
(1.174 ((-2.664274 0 0)(0 0 -89.993134)))
(1.175 ((-2.6607027 0 0)(0 0 -89.993134)))
(1.176 ((-2.6571314 0 0)(0 0 -89.993134)))
(1.177 ((-2.6535601 0 0)(0 0 -89.993134)))
(1.178 ((-2.6499888 0 0)(0 0 -89.993134)))
(1.179 ((-2.6464174 0 0)(0 0 -89.993134)))
(1.18 ((-2.642846 0 0)(0 0 -89.993134)))
(1.181 ((-2.6392746 0 0)(0 0 -89.993134)))
(1.182 ((-2.6357033 0 0)(0 0 -89.993134)))
(1.183 ((-2.6321319 0 0)(0 0 -89.993134)))
(1.184 ((-2.6285605 0 0)(0 0 -89.993134)))
(1.185 ((-2.624989 0 0)(0 0 -89.993134)))
(1.186 ((-2.6214176 0 0)(0 0 -89.993134)))
(1.187 ((-2.6178462 0 0)(0 0 -89.993134)))
(1.188 ((-2.6142748 0 0)(0 0 -89.993134)))
(1.189 ((-2.6107034 0 0)(0 0 -89.993134)))
(1.19 ((-2.607132 0 0)(0 0 -89.993134)))
(1.191 ((-2.6035605 0 0)(0 0 -89.993134)))
(1.192 ((-2.5999891 0 0)(0 0 -89.993134)))
(1.193 ((-2.5964177 0 0)(0 0 -89.993134)))
(1.194 ((-2.5928463 0 0)(0 0 -89.993134)))
(1.195 ((-2.5892748 0 0)(0 0 -89.993134)))
(1.196 ((-2.5857034 0 0)(0 0 -89.993134)))
(1.197 ((-2.582132 0 0)(0 0 -89.993134)))
(1.198 ((-2.5785606 0 0)(0 0 -89.993134)))
(1.199 ((-2.5749891 0 0)(0 0 -89.993134)))
(1.2 ((-2.5714177 0 0)(0 0 -89.993134)))
(1.201 ((-2.5678463 0 0)(0 0 -89.993134)))
(1.202 ((-2.5642748 0 0)(0 0 -89.993134)))
(1.203 ((-2.5607034 0 0)(0 0 -89.993134)))
(1.204 ((-2.557132 0 0)(0 0 -89.993134)))
(1.205 ((-2.5535606 0 0)(0 0 -89.993134)))
(1.206 ((-2.5499891 0 0)(0 0 -89.993134)))
(1.207 ((-2.5464177 0 0)(0 0 -89.993134)))
(1.208 ((-2.5428463 0 0)(0 0 -89.993134)))
(1.209 ((-2.5392748 0 0)(0 0 -89.993134)))
(1.21 ((-2.5357034 0 0)(0 0 -89.993134)))
(1.211 ((-2.532132 0 0)(0 0 -89.993134)))
(1.212 ((-2.5285606 0 0)(0 0 -89.993134)))
(1.213 ((-2.5249891 0 0)(0 0 -89.993134)))
(1.214 ((-2.5214177 0 0)(0 0 -89.993134)))
(1.215 ((-2.5178463 0 0)(0 0 -89.993134)))
(1.216 ((-2.5142748 0 0)(0 0 -89.993134)))
(1.217 ((-2.5107034 0 0)(0 0 -89.993134)))
(1.218 ((-2.507132 0 0)(0 0 -89.993134)))
(1.219 ((-2.5035606 0 0)(0 0 -89.993134)))
(1.22 ((-2.4999891 0 0)(0 0 -89.993134)))
(1.221 ((-2.4964177 0 0)(0 0 -89.993134)))
(1.222 ((-2.4928463 0 0)(0 0 -89.993134)))
(1.223 ((-2.4892748 0 0)(0 0 -89.993134)))
(1.224 ((-2.4857034 0 0)(0 0 -89.993134)))
(1.225 ((-2.482132 0 0)(0 0 -89.993134)))
(1.226 ((-2.4785606 0 0)(0 0 -89.993134)))
(1.227 ((-2.4749891 0 0)(0 0 -89.993134)))
(1.228 ((-2.4714177 0 0)(0 0 -89.993134)))
(1.229 ((-2.4678463 0 0)(0 0 -89.993134)))
(1.23 ((-2.4642748 0 0)(0 0 -89.993134)))
(1.231 ((-2.4607034 0 0)(0 0 -89.993134)))
(1.232 ((-2.457132 0 0)(0 0 -89.993134)))
(1.233 ((-2.4535606 0 0)(0 0 -89.993134)))
(1.234 ((-2.4499891 0 0)(0 0 -89.993134)))
(1.235 ((-2.4464177 0 0)(0 0 -89.993134)))
(1.236 ((-2.4428463 0 0)(0 0 -89.993134)))
(1.237 ((-2.4392748 0 0)(0 0 -89.993134)))
(1.238 ((-2.4357034 0 0)(0 0 -89.993134)))
(1.239 ((-2.432132 0 0)(0 0 -89.993134)))
(1.24 ((-2.4285606 0 0)(0 0 -89.993134)))
(1.241 ((-2.4249891 0 0)(0 0 -89.993134)))
(1.242 ((-2.4214177 0 0)(0 0 -89.993134)))
(1.243 ((-2.4178463 0 0)(0 0 -89.993134)))
(1.244 ((-2.4142748 0 0)(0 0 -89.993134)))
(1.245 ((-2.4107034 0 0)(0 0 -89.993134)))
(1.246 ((-2.407132 0 0)(0 0 -89.993134)))
(1.247 ((-2.4035606 0 0)(0 0 -89.993134)))
(1.248 ((-2.3999891 0 0)(0 0 -89.993134)))
(1.249 ((-2.3964177 0 0)(0 0 -89.993134)))
(1.25 ((-2.3928463 0 0)(0 0 -89.993134)))
(1.251 ((-2.3892748 0 0)(0 0 -89.993134)))
(1.252 ((-2.3857034 0 0)(0 0 -89.993134)))
(1.253 ((-2.382132 0 0)(0 0 -89.993134)))
(1.254 ((-2.3785606 0 0)(0 0 -89.993134)))
(1.255 ((-2.3749891 0 0)(0 0 -89.993134)))
(1.256 ((-2.3714177 0 0)(0 0 -89.993134)))
(1.257 ((-2.3678463 0 0)(0 0 -89.993134)))
(1.258 ((-2.3642748 0 0)(0 0 -89.993134)))
(1.259 ((-2.3607034 0 0)(0 0 -89.993134)))
(1.26 ((-2.357132 0 0)(0 0 -89.993134)))
(1.261 ((-2.3535606 0 0)(0 0 -89.993134)))
(1.262 ((-2.3499891 0 0)(0 0 -89.993134)))
(1.263 ((-2.3464177 0 0)(0 0 -89.993134)))
(1.264 ((-2.3428463 0 0)(0 0 -89.993134)))
(1.265 ((-2.3392748 0 0)(0 0 -89.993134)))
(1.266 ((-2.3357034 0 0)(0 0 -89.993134)))
(1.267 ((-2.332132 0 0)(0 0 -89.993134)))
(1.268 ((-2.3285606 0 0)(0 0 -89.993134)))
(1.269 ((-2.3249891 0 0)(0 0 -89.993134)))
(1.27 ((-2.3214177 0 0)(0 0 -89.993134)))
(1.271 ((-2.3178463 0 0)(0 0 -89.993134)))
(1.272 ((-2.3142748 0 0)(0 0 -89.993134)))
(1.273 ((-2.3107034 0 0)(0 0 -89.993134)))
(1.274 ((-2.307132 0 0)(0 0 -89.993134)))
(1.275 ((-2.3035606 0 0)(0 0 -89.993134)))
(1.276 ((-2.2999891 0 0)(0 0 -89.993134)))
(1.277 ((-2.2964177 0 0)(0 0 -89.993134)))
(1.278 ((-2.2928463 0 0)(0 0 -89.993134)))
(1.279 ((-2.2892748 0 0)(0 0 -89.993134)))
(1.28 ((-2.2857034 0 0)(0 0 -89.993134)))
(1.281 ((-2.282132 0 0)(0 0 -89.993134)))
(1.282 ((-2.2785606 0 0)(0 0 -89.993134)))
(1.283 ((-2.2749891 0 0)(0 0 -89.993134)))
(1.284 ((-2.2714177 0 0)(0 0 -89.993134)))
(1.285 ((-2.2678463 0 0)(0 0 -89.993134)))
(1.286 ((-2.2642748 0 0)(0 0 -89.993134)))
(1.287 ((-2.2607034 0 0)(0 0 -89.993134)))
(1.288 ((-2.257132 0 0)(0 0 -89.993134)))
(1.289 ((-2.2535606 0 0)(0 0 -89.993134)))
(1.29 ((-2.2499891 0 0)(0 0 -89.993134)))
(1.291 ((-2.2464177 0 0)(0 0 -89.993134)))
(1.292 ((-2.2428463 0 0)(0 0 -89.993134)))
(1.293 ((-2.2392748 0 0)(0 0 -89.993134)))
(1.294 ((-2.2357034 0 0)(0 0 -89.993134)))
(1.295 ((-2.232132 0 0)(0 0 -89.993134)))
(1.296 ((-2.2285606 0 0)(0 0 -89.993134)))
(1.297 ((-2.2249891 0 0)(0 0 -89.993134)))
(1.298 ((-2.2214177 0 0)(0 0 -89.993134)))
(1.299 ((-2.2178463 0 0)(0 0 -89.993134)))
(1.3 ((-2.2142748 0 0)(0 0 -89.993134)))
(1.301 ((-2.2107034 0 0)(0 0 -89.993134)))
(1.302 ((-2.207132 0 0)(0 0 -89.993134)))
(1.303 ((-2.2035606 0 0)(0 0 -89.993134)))
(1.304 ((-2.1999891 0 0)(0 0 -89.993134)))
(1.305 ((-2.1964177 0 0)(0 0 -89.993134)))
(1.306 ((-2.1928463 0 0)(0 0 -89.993134)))
(1.307 ((-2.1892748 0 0)(0 0 -89.993134)))
(1.308 ((-2.1857034 0 0)(0 0 -89.993134)))
(1.309 ((-2.182132 0 0)(0 0 -89.993134)))
(1.31 ((-2.1785606 0 0)(0 0 -89.993134)))
(1.311 ((-2.1749891 0 0)(0 0 -89.993134)))
(1.312 ((-2.1714177 0 0)(0 0 -89.993134)))
(1.313 ((-2.1678463 0 0)(0 0 -89.993134)))
(1.314 ((-2.1642748 0 0)(0 0 -89.993134)))
(1.315 ((-2.1607034 0 0)(0 0 -89.993134)))
(1.316 ((-2.157132 0 0)(0 0 -89.993134)))
(1.317 ((-2.1535606 0 0)(0 0 -89.993134)))
(1.318 ((-2.1499891 0 0)(0 0 -89.993134)))
(1.319 ((-2.1464177 0 0)(0 0 -89.993134)))
(1.32 ((-2.1428463 0 0)(0 0 -89.993134)))
(1.321 ((-2.1392748 0 0)(0 0 -89.993134)))
(1.322 ((-2.1357034 0 0)(0 0 -89.993134)))
(1.323 ((-2.132132 0 0)(0 0 -89.993134)))
(1.324 ((-2.1285606 0 0)(0 0 -89.993134)))
(1.325 ((-2.1249891 0 0)(0 0 -89.993134)))
(1.326 ((-2.1214177 0 0)(0 0 -89.993134)))
(1.327 ((-2.1178463 0 0)(0 0 -89.993134)))
(1.328 ((-2.1142748 0 0)(0 0 -89.993134)))
(1.329 ((-2.1107034 0 0)(0 0 -89.993134)))
(1.33 ((-2.107132 0 0)(0 0 -89.993134)))
(1.331 ((-2.1035606 0 0)(0 0 -89.993134)))
(1.332 ((-2.0999891 0 0)(0 0 -89.993134)))
(1.333 ((-2.0964177 0 0)(0 0 -89.993134)))
(1.334 ((-2.0928463 0 0)(0 0 -89.993134)))
(1.335 ((-2.0892748 0 0)(0 0 -89.993134)))
(1.336 ((-2.0857034 0 0)(0 0 -89.993134)))
(1.337 ((-2.082132 0 0)(0 0 -89.993134)))
(1.338 ((-2.0785606 0 0)(0 0 -89.993134)))
(1.339 ((-2.0749891 0 0)(0 0 -89.993134)))
(1.34 ((-2.0714177 0 0)(0 0 -89.993134)))
(1.341 ((-2.0678463 0 0)(0 0 -89.993134)))
(1.342 ((-2.0642748 0 0)(0 0 -89.993134)))
(1.343 ((-2.0607034 0 0)(0 0 -89.993134)))
(1.344 ((-2.057132 0 0)(0 0 -89.993134)))
(1.345 ((-2.0535606 0 0)(0 0 -89.993134)))
(1.346 ((-2.0499891 0 0)(0 0 -89.993134)))
(1.347 ((-2.0464177 0 0)(0 0 -89.993134)))
(1.348 ((-2.0428463 0 0)(0 0 -89.993134)))
(1.349 ((-2.0392748 0 0)(0 0 -89.993134)))
(1.35 ((-2.0357034 0 0)(0 0 -89.993134)))
(1.351 ((-2.032132 0 0)(0 0 -89.993134)))
(1.352 ((-2.0285606 0 0)(0 0 -89.993134)))
(1.353 ((-2.0249891 0 0)(0 0 -89.993134)))
(1.354 ((-2.0214177 0 0)(0 0 -89.993134)))
(1.355 ((-2.0178463 0 0)(0 0 -89.993134)))
(1.356 ((-2.0142748 0 0)(0 0 -89.993134)))
(1.357 ((-2.0107034 0 0)(0 0 -89.993134)))
(1.358 ((-2.007132 0 0)(0 0 -89.993134)))
(1.359 ((-2.0035606 0 0)(0 0 -89.993134)))
(1.36 ((-1.9999891 0 0)(0 0 -89.993134)))
(1.361 ((-1.9964177 0 0)(0 0 -89.993134)))
(1.362 ((-1.9928463 0 0)(0 0 -89.993134)))
(1.363 ((-1.9892748 0 0)(0 0 -89.993134)))
(1.364 ((-1.9857034 0 0)(0 0 -89.993134)))
(1.365 ((-1.982132 0 0)(0 0 -89.993134)))
(1.366 ((-1.9785606 0 0)(0 0 -89.993134)))
(1.367 ((-1.9749891 0 0)(0 0 -89.993134)))
(1.368 ((-1.9714177 0 0)(0 0 -89.993134)))
(1.369 ((-1.9678463 0 0)(0 0 -89.993134)))
(1.37 ((-1.9642748 0 0)(0 0 -89.993134)))
(1.371 ((-1.9607034 0 0)(0 0 -89.993134)))
(1.372 ((-1.957132 0 0)(0 0 -89.993134)))
(1.373 ((-1.9535606 0 0)(0 0 -89.993134)))
(1.374 ((-1.9499891 0 0)(0 0 -89.993134)))
(1.375 ((-1.9464177 0 0)(0 0 -89.993134)))
(1.376 ((-1.9428463 0 0)(0 0 -89.993134)))
(1.377 ((-1.9392748 0 0)(0 0 -89.993134)))
(1.378 ((-1.9357034 0 0)(0 0 -89.993134)))
(1.379 ((-1.932132 0 0)(0 0 -89.993134)))
(1.38 ((-1.9285606 0 0)(0 0 -89.993134)))
(1.381 ((-1.9249891 0 0)(0 0 -89.993134)))
(1.382 ((-1.9214177 0 0)(0 0 -89.993134)))
(1.383 ((-1.9178463 0 0)(0 0 -89.993134)))
(1.384 ((-1.9142748 0 0)(0 0 -89.993134)))
(1.385 ((-1.9107034 0 0)(0 0 -89.993134)))
(1.386 ((-1.907132 0 0)(0 0 -89.993134)))
(1.387 ((-1.9035606 0 0)(0 0 -89.993134)))
(1.388 ((-1.8999891 0 0)(0 0 -89.993134)))
(1.389 ((-1.8964177 0 0)(0 0 -89.993134)))
(1.39 ((-1.8928463 0 0)(0 0 -89.993134)))
(1.391 ((-1.8892748 0 0)(0 0 -89.993134)))
(1.392 ((-1.8857034 0 0)(0 0 -89.993134)))
(1.393 ((-1.882132 0 0)(0 0 -89.993134)))
(1.394 ((-1.8785606 0 0)(0 0 -89.993134)))
(1.395 ((-1.8749891 0 0)(0 0 -89.993134)))
(1.396 ((-1.8714177 0 0)(0 0 -89.993134)))
(1.397 ((-1.8678463 0 0)(0 0 -89.993134)))
(1.398 ((-1.8642748 0 0)(0 0 -89.993134)))
(1.399 ((-1.8607034 0 0)(0 0 -89.993134)))
(1.4 ((-1.857132 0 0)(0 0 -89.993134)))
(1.401 ((-1.8535606 0 0)(0 0 -89.993134)))
(1.402 ((-1.8499891 0 0)(0 0 -89.993134)))
(1.403 ((-1.8464177 0 0)(0 0 -89.993134)))
(1.404 ((-1.8428463 0 0)(0 0 -89.993134)))
(1.405 ((-1.8392748 0 0)(0 0 -89.993134)))
(1.406 ((-1.8357034 0 0)(0 0 -89.993134)))
(1.407 ((-1.832132 0 0)(0 0 -89.993134)))
(1.408 ((-1.8285606 0 0)(0 0 -89.993134)))
(1.409 ((-1.8249891 0 0)(0 0 -89.993134)))
(1.41 ((-1.8214177 0 0)(0 0 -89.993134)))
(1.411 ((-1.8178463 0 0)(0 0 -89.993134)))
(1.412 ((-1.8142748 0 0)(0 0 -89.993134)))
(1.413 ((-1.8107034 0 0)(0 0 -89.993134)))
(1.414 ((-1.807132 0 0)(0 0 -89.993134)))
(1.415 ((-1.8035606 0 0)(0 0 -89.993134)))
(1.416 ((-1.7999891 0 0)(0 0 -89.993134)))
(1.417 ((-1.7964177 0 0)(0 0 -89.993134)))
(1.418 ((-1.7928463 0 0)(0 0 -89.993134)))
(1.419 ((-1.7892748 0 0)(0 0 -89.993134)))
(1.42 ((-1.7857034 0 0)(0 0 -89.993134)))
(1.421 ((-1.782132 0 0)(0 0 -89.993134)))
(1.422 ((-1.7785606 0 0)(0 0 -89.993134)))
(1.423 ((-1.7749891 0 0)(0 0 -89.993134)))
(1.424 ((-1.7714177 0 0)(0 0 -89.993134)))
(1.425 ((-1.7678463 0 0)(0 0 -89.993134)))
(1.426 ((-1.7642748 0 0)(0 0 -89.993134)))
(1.427 ((-1.7607034 0 0)(0 0 -89.993134)))
(1.428 ((-1.757132 0 0)(0 0 -89.993134)))
(1.429 ((-1.7535606 0 0)(0 0 -89.993134)))
(1.43 ((-1.7499891 0 0)(0 0 -89.993134)))
(1.431 ((-1.7464177 0 0)(0 0 -89.993134)))
(1.432 ((-1.7428463 0 0)(0 0 -89.993134)))
(1.433 ((-1.7392748 0 0)(0 0 -89.993134)))
(1.434 ((-1.7357034 0 0)(0 0 -89.993134)))
(1.435 ((-1.732132 0 0)(0 0 -89.993134)))
(1.436 ((-1.7285606 0 0)(0 0 -89.993134)))
(1.437 ((-1.7249891 0 0)(0 0 -89.993134)))
(1.438 ((-1.7214177 0 0)(0 0 -89.993134)))
(1.439 ((-1.7178463 0 0)(0 0 -89.993134)))
(1.44 ((-1.7142748 0 0)(0 0 -89.993134)))
(1.441 ((-1.7107034 0 0)(0 0 -89.993134)))
(1.442 ((-1.707132 0 0)(0 0 -89.993134)))
(1.443 ((-1.7035606 0 0)(0 0 -89.993134)))
(1.444 ((-1.6999891 0 0)(0 0 -89.993134)))
(1.445 ((-1.6964177 0 0)(0 0 -89.993134)))
(1.446 ((-1.6928463 0 0)(0 0 -89.993134)))
(1.447 ((-1.6892748 0 0)(0 0 -89.993134)))
(1.448 ((-1.6857034 0 0)(0 0 -89.993134)))
(1.449 ((-1.682132 0 0)(0 0 -89.993134)))
(1.45 ((-1.6785606 0 0)(0 0 -89.993134)))
(1.451 ((-1.6749891 0 0)(0 0 -89.993134)))
(1.452 ((-1.6714177 0 0)(0 0 -89.993134)))
(1.453 ((-1.6678463 0 0)(0 0 -89.993134)))
(1.454 ((-1.6642748 0 0)(0 0 -89.993134)))
(1.455 ((-1.6607034 0 0)(0 0 -89.993134)))
(1.456 ((-1.657132 0 0)(0 0 -89.993134)))
(1.457 ((-1.6535606 0 0)(0 0 -89.993134)))
(1.458 ((-1.6499891 0 0)(0 0 -89.993134)))
(1.459 ((-1.6464177 0 0)(0 0 -89.993134)))
(1.46 ((-1.6428463 0 0)(0 0 -89.993134)))
(1.461 ((-1.6392748 0 0)(0 0 -89.993134)))
(1.462 ((-1.6357034 0 0)(0 0 -89.993134)))
(1.463 ((-1.632132 0 0)(0 0 -89.993134)))
(1.464 ((-1.6285606 0 0)(0 0 -89.993134)))
(1.465 ((-1.6249891 0 0)(0 0 -89.993134)))
(1.466 ((-1.6214177 0 0)(0 0 -89.993134)))
(1.467 ((-1.6178463 0 0)(0 0 -89.993134)))
(1.468 ((-1.6142748 0 0)(0 0 -89.993134)))
(1.469 ((-1.6107034 0 0)(0 0 -89.993134)))
(1.47 ((-1.607132 0 0)(0 0 -89.993134)))
(1.471 ((-1.6035606 0 0)(0 0 -89.993134)))
(1.472 ((-1.5999891 0 0)(0 0 -89.993134)))
(1.473 ((-1.5964177 0 0)(0 0 -89.993134)))
(1.474 ((-1.5928463 0 0)(0 0 -89.993134)))
(1.475 ((-1.5892748 0 0)(0 0 -89.993134)))
(1.476 ((-1.5857034 0 0)(0 0 -89.993134)))
(1.477 ((-1.582132 0 0)(0 0 -89.993134)))
(1.478 ((-1.5785606 0 0)(0 0 -89.993134)))
(1.479 ((-1.5749891 0 0)(0 0 -89.993134)))
(1.48 ((-1.5714177 0 0)(0 0 -89.993134)))
(1.481 ((-1.5678463 0 0)(0 0 -89.993134)))
(1.482 ((-1.5642748 0 0)(0 0 -89.993134)))
(1.483 ((-1.5607034 0 0)(0 0 -89.993134)))
(1.484 ((-1.557132 0 0)(0 0 -89.993134)))
(1.485 ((-1.5535606 0 0)(0 0 -89.993134)))
(1.486 ((-1.5499891 0 0)(0 0 -89.993134)))
(1.487 ((-1.5464177 0 0)(0 0 -89.993134)))
(1.488 ((-1.5428463 0 0)(0 0 -89.993134)))
(1.489 ((-1.5392748 0 0)(0 0 -89.993134)))
(1.49 ((-1.5357034 0 0)(0 0 -89.993134)))
(1.491 ((-1.532132 0 0)(0 0 -89.993134)))
(1.492 ((-1.5285606 0 0)(0 0 -89.993134)))
(1.493 ((-1.5249891 0 0)(0 0 -89.993134)))
(1.494 ((-1.5214177 0 0)(0 0 -89.993134)))
(1.495 ((-1.5178463 0 0)(0 0 -89.993134)))
(1.496 ((-1.5142748 0 0)(0 0 -89.993134)))
(1.497 ((-1.5107034 0 0)(0 0 -89.993134)))
(1.498 ((-1.507132 0 0)(0 0 -89.993134)))
(1.499 ((-1.5035606 0 0)(0 0 -89.993134)))
(1.5 ((-1.4999891 0 0)(0 0 -89.993134)))
(1.501 ((-1.4964177 0 0)(0 0 -89.993134)))
(1.502 ((-1.4928463 0 0)(0 0 -89.993134)))
(1.503 ((-1.4892748 0 0)(0 0 -89.993134)))
(1.504 ((-1.4857034 0 0)(0 0 -89.993134)))
(1.505 ((-1.482132 0 0)(0 0 -89.993134)))
(1.506 ((-1.4785606 0 0)(0 0 -89.993134)))
(1.507 ((-1.4749891 0 0)(0 0 -89.993134)))
(1.508 ((-1.4714177 0 0)(0 0 -89.993134)))
(1.509 ((-1.4678463 0 0)(0 0 -89.993134)))
(1.51 ((-1.4642748 0 0)(0 0 -89.993134)))
(1.511 ((-1.4607034 0 0)(0 0 -89.993134)))
(1.512 ((-1.457132 0 0)(0 0 -89.993134)))
(1.513 ((-1.4535606 0 0)(0 0 -89.993134)))
(1.514 ((-1.4499891 0 0)(0 0 -89.993134)))
(1.515 ((-1.4464177 0 0)(0 0 -89.993134)))
(1.516 ((-1.4428463 0 0)(0 0 -89.993134)))
(1.517 ((-1.4392748 0 0)(0 0 -89.993134)))
(1.518 ((-1.4357034 0 0)(0 0 -89.993134)))
(1.519 ((-1.432132 0 0)(0 0 -89.993134)))
(1.52 ((-1.4285606 0 0)(0 0 -89.993134)))
(1.521 ((-1.4249891 0 0)(0 0 -89.993134)))
(1.522 ((-1.4214177 0 0)(0 0 -89.993134)))
(1.523 ((-1.4178463 0 0)(0 0 -89.993134)))
(1.524 ((-1.4142748 0 0)(0 0 -89.993134)))
(1.525 ((-1.4107034 0 0)(0 0 -89.993134)))
(1.526 ((-1.407132 0 0)(0 0 -89.993134)))
(1.527 ((-1.4035606 0 0)(0 0 -89.993134)))
(1.528 ((-1.3999891 0 0)(0 0 -89.993134)))
(1.529 ((-1.3964177 0 0)(0 0 -89.993134)))
(1.53 ((-1.3928463 0 0)(0 0 -89.993134)))
(1.531 ((-1.3892748 0 0)(0 0 -89.993134)))
(1.532 ((-1.3857034 0 0)(0 0 -89.993134)))
(1.533 ((-1.382132 0 0)(0 0 -89.993134)))
(1.534 ((-1.3785606 0 0)(0 0 -89.993134)))
(1.535 ((-1.3749891 0 0)(0 0 -89.993134)))
(1.536 ((-1.3714177 0 0)(0 0 -89.993134)))
(1.537 ((-1.3678463 0 0)(0 0 -89.993134)))
(1.538 ((-1.3642748 0 0)(0 0 -89.993134)))
(1.539 ((-1.3607034 0 0)(0 0 -89.993134)))
(1.54 ((-1.357132 0 0)(0 0 -89.993134)))
(1.541 ((-1.3535606 0 0)(0 0 -89.993134)))
(1.542 ((-1.3499891 0 0)(0 0 -89.993134)))
(1.543 ((-1.3464177 0 0)(0 0 -89.993134)))
(1.544 ((-1.3428463 0 0)(0 0 -89.993134)))
(1.545 ((-1.3392748 0 0)(0 0 -89.993134)))
(1.546 ((-1.3357034 0 0)(0 0 -89.993134)))
(1.547 ((-1.332132 0 0)(0 0 -89.993134)))
(1.548 ((-1.3285606 0 0)(0 0 -89.993134)))
(1.549 ((-1.3249891 0 0)(0 0 -89.993134)))
(1.55 ((-1.3214177 0 0)(0 0 -89.993134)))
(1.551 ((-1.3178463 0 0)(0 0 -89.993134)))
(1.552 ((-1.3142748 0 0)(0 0 -89.993134)))
(1.553 ((-1.3107034 0 0)(0 0 -89.993134)))
(1.554 ((-1.307132 0 0)(0 0 -89.993134)))
(1.555 ((-1.3035606 0 0)(0 0 -89.993134)))
(1.556 ((-1.2999891 0 0)(0 0 -89.993134)))
(1.557 ((-1.2964177 0 0)(0 0 -89.993134)))
(1.558 ((-1.2928463 0 0)(0 0 -89.993134)))
(1.559 ((-1.2892748 0 0)(0 0 -89.993134)))
(1.56 ((-1.2857034 0 0)(0 0 -89.993134)))
(1.561 ((-1.282132 0 0)(0 0 -89.993134)))
(1.562 ((-1.2785606 0 0)(0 0 -89.993134)))
(1.563 ((-1.2749891 0 0)(0 0 -89.993134)))
(1.564 ((-1.2714177 0 0)(0 0 -89.993134)))
(1.565 ((-1.2678463 0 0)(0 0 -89.993134)))
(1.566 ((-1.2642748 0 0)(0 0 -89.993134)))
(1.567 ((-1.2607034 0 0)(0 0 -89.993134)))
(1.568 ((-1.257132 0 0)(0 0 -89.993134)))
(1.569 ((-1.2535606 0 0)(0 0 -89.993134)))
(1.57 ((-1.2499891 0 0)(0 0 -89.993134)))
(1.571 ((-1.2464177 0 0)(0 0 -89.993134)))
(1.572 ((-1.2428463 0 0)(0 0 -89.993134)))
(1.573 ((-1.2392748 0 0)(0 0 -89.993134)))
(1.574 ((-1.2357034 0 0)(0 0 -89.993134)))
(1.575 ((-1.232132 0 0)(0 0 -89.993134)))
(1.576 ((-1.2285606 0 0)(0 0 -89.993134)))
(1.577 ((-1.2249891 0 0)(0 0 -89.993134)))
(1.578 ((-1.2214177 0 0)(0 0 -89.993134)))
(1.579 ((-1.2178463 0 0)(0 0 -89.993134)))
(1.58 ((-1.2142748 0 0)(0 0 -89.993134)))
(1.581 ((-1.2107034 0 0)(0 0 -89.993134)))
(1.582 ((-1.207132 0 0)(0 0 -89.993134)))
(1.583 ((-1.2035606 0 0)(0 0 -89.993134)))
(1.584 ((-1.1999891 0 0)(0 0 -89.993134)))
(1.585 ((-1.1964177 0 0)(0 0 -89.993134)))
(1.586 ((-1.1928463 0 0)(0 0 -89.993134)))
(1.587 ((-1.1892748 0 0)(0 0 -89.993134)))
(1.588 ((-1.1857034 0 0)(0 0 -89.993134)))
(1.589 ((-1.182132 0 0)(0 0 -89.993134)))
(1.59 ((-1.1785606 0 0)(0 0 -89.993134)))
(1.591 ((-1.1749891 0 0)(0 0 -89.993134)))
(1.592 ((-1.1714177 0 0)(0 0 -89.993134)))
(1.593 ((-1.1678463 0 0)(0 0 -89.993134)))
(1.594 ((-1.1642748 0 0)(0 0 -89.993134)))
(1.595 ((-1.1607034 0 0)(0 0 -89.993134)))
(1.596 ((-1.157132 0 0)(0 0 -89.993134)))
(1.597 ((-1.1535606 0 0)(0 0 -89.993134)))
(1.598 ((-1.1499891 0 0)(0 0 -89.993134)))
(1.599 ((-1.1464177 0 0)(0 0 -89.993134)))
(1.6 ((-1.1428463 0 0)(0 0 -89.993134)))
(1.601 ((-1.1392748 0 0)(0 0 -89.993134)))
(1.602 ((-1.1357034 0 0)(0 0 -89.993134)))
(1.603 ((-1.132132 0 0)(0 0 -89.993134)))
(1.604 ((-1.1285606 0 0)(0 0 -89.993134)))
(1.605 ((-1.1249891 0 0)(0 0 -89.993134)))
(1.606 ((-1.1214177 0 0)(0 0 -89.993134)))
(1.607 ((-1.1178463 0 0)(0 0 -89.993134)))
(1.608 ((-1.1142748 0 0)(0 0 -89.993134)))
(1.609 ((-1.1107034 0 0)(0 0 -89.993134)))
(1.61 ((-1.107132 0 0)(0 0 -89.993134)))
(1.611 ((-1.1035606 0 0)(0 0 -89.993134)))
(1.612 ((-1.0999891 0 0)(0 0 -89.993134)))
(1.613 ((-1.0964177 0 0)(0 0 -89.993134)))
(1.614 ((-1.0928463 0 0)(0 0 -89.993134)))
(1.615 ((-1.0892748 0 0)(0 0 -89.993134)))
(1.616 ((-1.0857034 0 0)(0 0 -89.993134)))
(1.617 ((-1.082132 0 0)(0 0 -89.993134)))
(1.618 ((-1.0785606 0 0)(0 0 -89.993134)))
(1.619 ((-1.0749891 0 0)(0 0 -89.993134)))
(1.62 ((-1.0714177 0 0)(0 0 -89.993134)))
(1.621 ((-1.0678463 0 0)(0 0 -89.993134)))
(1.622 ((-1.0642748 0 0)(0 0 -89.993134)))
(1.623 ((-1.0607034 0 0)(0 0 -89.993134)))
(1.624 ((-1.057132 0 0)(0 0 -89.993134)))
(1.625 ((-1.0535606 0 0)(0 0 -89.993134)))
(1.626 ((-1.0499891 0 0)(0 0 -89.993134)))
(1.627 ((-1.0464177 0 0)(0 0 -89.993134)))
(1.628 ((-1.0428463 0 0)(0 0 -89.993134)))
(1.629 ((-1.0392748 0 0)(0 0 -89.993134)))
(1.63 ((-1.0357034 0 0)(0 0 -89.993134)))
(1.631 ((-1.032132 0 0)(0 0 -89.993134)))
(1.632 ((-1.0285606 0 0)(0 0 -89.993134)))
(1.633 ((-1.0249891 0 0)(0 0 -89.993134)))
(1.634 ((-1.0214177 0 0)(0 0 -89.993134)))
(1.635 ((-1.0178463 0 0)(0 0 -89.993134)))
(1.636 ((-1.0142748 0 0)(0 0 -89.993134)))
(1.637 ((-1.0107034 0 0)(0 0 -89.993134)))
(1.638 ((-1.007132 0 0)(0 0 -89.993134)))
(1.639 ((-1.0035606 0 0)(0 0 -89.993134)))
(1.64 ((-0.99998914 0 0)(0 0 -89.993134)))
(1.641 ((-0.99641771 0 0)(0 0 -89.993134)))
(1.642 ((-0.99284628 0 0)(0 0 -89.993134)))
(1.643 ((-0.98927485 0 0)(0 0 -89.993134)))
(1.644 ((-0.98570342 0 0)(0 0 -89.993134)))
(1.645 ((-0.98213199 0 0)(0 0 -89.993134)))
(1.646 ((-0.97856056 0 0)(0 0 -89.993134)))
(1.647 ((-0.97498914 0 0)(0 0 -89.993134)))
(1.648 ((-0.97141771 0 0)(0 0 -89.993134)))
(1.649 ((-0.96784628 0 0)(0 0 -89.993134)))
(1.65 ((-0.96427485 0 0)(0 0 -89.993134)))
(1.651 ((-0.96070342 0 0)(0 0 -89.993134)))
(1.652 ((-0.95713199 0 0)(0 0 -89.993134)))
(1.653 ((-0.95356056 0 0)(0 0 -89.993134)))
(1.654 ((-0.94998914 0 0)(0 0 -89.993134)))
(1.655 ((-0.94641771 0 0)(0 0 -89.993134)))
(1.656 ((-0.94284628 0 0)(0 0 -89.993134)))
(1.657 ((-0.93927485 0 0)(0 0 -89.993134)))
(1.658 ((-0.93570342 0 0)(0 0 -89.993134)))
(1.659 ((-0.93213199 0 0)(0 0 -89.993134)))
(1.66 ((-0.92856056 0 0)(0 0 -89.993134)))
(1.661 ((-0.92498914 0 0)(0 0 -89.993134)))
(1.662 ((-0.92141771 0 0)(0 0 -89.993134)))
(1.663 ((-0.91784628 0 0)(0 0 -89.993134)))
(1.664 ((-0.91427485 0 0)(0 0 -89.993134)))
(1.665 ((-0.91070342 0 0)(0 0 -89.993134)))
(1.666 ((-0.90713199 0 0)(0 0 -89.993134)))
(1.667 ((-0.90356056 0 0)(0 0 -89.993134)))
(1.668 ((-0.89998914 0 0)(0 0 -89.993134)))
(1.669 ((-0.89641771 0 0)(0 0 -89.993134)))
(1.67 ((-0.89284628 0 0)(0 0 -89.993134)))
(1.671 ((-0.88927485 0 0)(0 0 -89.993134)))
(1.672 ((-0.88570342 0 0)(0 0 -89.993134)))
(1.673 ((-0.88213199 0 0)(0 0 -89.993134)))
(1.674 ((-0.87856056 0 0)(0 0 -89.993134)))
(1.675 ((-0.87498914 0 0)(0 0 -89.993134)))
(1.676 ((-0.87141771 0 0)(0 0 -89.993134)))
(1.677 ((-0.86784628 0 0)(0 0 -89.993134)))
(1.678 ((-0.86427485 0 0)(0 0 -89.993134)))
(1.679 ((-0.86070342 0 0)(0 0 -89.993134)))
(1.68 ((-0.85713199 0 0)(0 0 -89.993134)))
(1.681 ((-0.85356056 0 0)(0 0 -89.993134)))
(1.682 ((-0.84998914 0 0)(0 0 -89.993134)))
(1.683 ((-0.84641771 0 0)(0 0 -89.993134)))
(1.684 ((-0.84284628 0 0)(0 0 -89.993134)))
(1.685 ((-0.83927485 0 0)(0 0 -89.993134)))
(1.686 ((-0.83570342 0 0)(0 0 -89.993134)))
(1.687 ((-0.83213199 0 0)(0 0 -89.993134)))
(1.688 ((-0.82856056 0 0)(0 0 -89.993134)))
(1.689 ((-0.82498914 0 0)(0 0 -89.993134)))
(1.69 ((-0.82141771 0 0)(0 0 -89.993134)))
(1.691 ((-0.81784628 0 0)(0 0 -89.993134)))
(1.692 ((-0.81427485 0 0)(0 0 -89.993134)))
(1.693 ((-0.81070342 0 0)(0 0 -89.993134)))
(1.694 ((-0.80713199 0 0)(0 0 -89.993134)))
(1.695 ((-0.80356056 0 0)(0 0 -89.993134)))
(1.696 ((-0.79998914 0 0)(0 0 -89.993134)))
(1.697 ((-0.79641771 0 0)(0 0 -89.993134)))
(1.698 ((-0.79284628 0 0)(0 0 -89.993134)))
(1.699 ((-0.78927485 0 0)(0 0 -89.993134)))
(1.7 ((-0.78570342 0 0)(0 0 -89.993134)))
(1.701 ((-0.78213199 0 0)(0 0 -89.993134)))
(1.702 ((-0.77856056 0 0)(0 0 -89.993134)))
(1.703 ((-0.77498914 0 0)(0 0 -89.993134)))
(1.704 ((-0.77141771 0 0)(0 0 -89.993134)))
(1.705 ((-0.76784628 0 0)(0 0 -89.993134)))
(1.706 ((-0.76427485 0 0)(0 0 -89.993134)))
(1.707 ((-0.76070342 0 0)(0 0 -89.993134)))
(1.708 ((-0.75713199 0 0)(0 0 -89.993134)))
(1.709 ((-0.75356056 0 0)(0 0 -89.993134)))
(1.71 ((-0.74998914 0 0)(0 0 -89.993134)))
(1.711 ((-0.74641771 0 0)(0 0 -89.993134)))
(1.712 ((-0.74284628 0 0)(0 0 -89.993134)))
(1.713 ((-0.73927485 0 0)(0 0 -89.993134)))
(1.714 ((-0.73570342 0 0)(0 0 -89.993134)))
(1.715 ((-0.73213199 0 0)(0 0 -89.993134)))
(1.716 ((-0.72856056 0 0)(0 0 -89.993134)))
(1.717 ((-0.72498914 0 0)(0 0 -89.993134)))
(1.718 ((-0.72141771 0 0)(0 0 -89.993134)))
(1.719 ((-0.71784628 0 0)(0 0 -89.993134)))
(1.72 ((-0.71427485 0 0)(0 0 -89.993134)))
(1.721 ((-0.71070342 0 0)(0 0 -89.993134)))
(1.722 ((-0.70713199 0 0)(0 0 -89.993134)))
(1.723 ((-0.70356056 0 0)(0 0 -89.993134)))
(1.724 ((-0.69998914 0 0)(0 0 -89.993134)))
(1.725 ((-0.69641771 0 0)(0 0 -89.993134)))
(1.726 ((-0.69284628 0 0)(0 0 -89.993134)))
(1.727 ((-0.68927485 0 0)(0 0 -89.993134)))
(1.728 ((-0.68570342 0 0)(0 0 -89.993134)))
(1.729 ((-0.68213199 0 0)(0 0 -89.993134)))
(1.73 ((-0.67856056 0 0)(0 0 -89.993134)))
(1.731 ((-0.67498914 0 0)(0 0 -89.993134)))
(1.732 ((-0.67141771 0 0)(0 0 -89.993134)))
(1.733 ((-0.66784628 0 0)(0 0 -89.993134)))
(1.734 ((-0.66427485 0 0)(0 0 -89.993134)))
(1.735 ((-0.66070342 0 0)(0 0 -89.993134)))
(1.736 ((-0.65713199 0 0)(0 0 -89.993134)))
(1.737 ((-0.65356056 0 0)(0 0 -89.993134)))
(1.738 ((-0.64998914 0 0)(0 0 -89.993134)))
(1.739 ((-0.64641771 0 0)(0 0 -89.993134)))
(1.74 ((-0.64284628 0 0)(0 0 -89.993134)))
(1.741 ((-0.63927485 0 0)(0 0 -89.993134)))
(1.742 ((-0.63570342 0 0)(0 0 -89.993134)))
(1.743 ((-0.63213199 0 0)(0 0 -89.993134)))
(1.744 ((-0.62856056 0 0)(0 0 -89.993134)))
(1.745 ((-0.62498914 0 0)(0 0 -89.993134)))
(1.746 ((-0.62141771 0 0)(0 0 -89.993134)))
(1.747 ((-0.61784628 0 0)(0 0 -89.993134)))
(1.748 ((-0.61427485 0 0)(0 0 -89.993134)))
(1.749 ((-0.61070342 0 0)(0 0 -89.993134)))
(1.75 ((-0.60713199 0 0)(0 0 -89.993134)))
(1.751 ((-0.60356056 0 0)(0 0 -89.993134)))
(1.752 ((-0.59998914 0 0)(0 0 -89.993134)))
(1.753 ((-0.59641771 0 0)(0 0 -89.993134)))
(1.754 ((-0.59284628 0 0)(0 0 -89.993134)))
(1.755 ((-0.58927485 0 0)(0 0 -89.993134)))
(1.756 ((-0.58570342 0 0)(0 0 -89.993134)))
(1.757 ((-0.58213199 0 0)(0 0 -89.993134)))
(1.758 ((-0.57856056 0 0)(0 0 -89.993134)))
(1.759 ((-0.57498914 0 0)(0 0 -89.993134)))
(1.76 ((-0.57141771 0 0)(0 0 -89.993134)))
(1.761 ((-0.56784628 0 0)(0 0 -89.993134)))
(1.762 ((-0.56427485 0 0)(0 0 -89.993134)))
(1.763 ((-0.56070342 0 0)(0 0 -89.993134)))
(1.764 ((-0.55713199 0 0)(0 0 -89.993134)))
(1.765 ((-0.55356056 0 0)(0 0 -89.993134)))
(1.766 ((-0.54998914 0 0)(0 0 -89.993134)))
(1.767 ((-0.54641771 0 0)(0 0 -89.993134)))
(1.768 ((-0.54284628 0 0)(0 0 -89.993134)))
(1.769 ((-0.53927485 0 0)(0 0 -89.993134)))
(1.77 ((-0.53570342 0 0)(0 0 -89.993134)))
(1.771 ((-0.53213199 0 0)(0 0 -89.993134)))
(1.772 ((-0.52856056 0 0)(0 0 -89.993134)))
(1.773 ((-0.52498914 0 0)(0 0 -89.993134)))
(1.774 ((-0.52141771 0 0)(0 0 -89.993134)))
(1.775 ((-0.51784628 0 0)(0 0 -89.993134)))
(1.776 ((-0.51427485 0 0)(0 0 -89.993134)))
(1.777 ((-0.51070342 0 0)(0 0 -89.993134)))
(1.778 ((-0.50713199 0 0)(0 0 -89.993134)))
(1.779 ((-0.50356056 0 0)(0 0 -89.993134)))
(1.78 ((-0.49998914 0 0)(0 0 -89.993134)))
(1.781 ((-0.49641771 0 0)(0 0 -89.993134)))
(1.782 ((-0.49284628 0 0)(0 0 -89.993134)))
(1.783 ((-0.48927485 0 0)(0 0 -89.993134)))
(1.784 ((-0.48570342 0 0)(0 0 -89.993134)))
(1.785 ((-0.48213199 0 0)(0 0 -89.993134)))
(1.786 ((-0.47856056 0 0)(0 0 -89.993134)))
(1.787 ((-0.47498914 0 0)(0 0 -89.993134)))
(1.788 ((-0.47141771 0 0)(0 0 -89.993134)))
(1.789 ((-0.46784628 0 0)(0 0 -89.993134)))
(1.79 ((-0.46427485 0 0)(0 0 -89.993134)))
(1.791 ((-0.46070342 0 0)(0 0 -89.993134)))
(1.792 ((-0.45713199 0 0)(0 0 -89.993134)))
(1.793 ((-0.45356056 0 0)(0 0 -89.993134)))
(1.794 ((-0.44998914 0 0)(0 0 -89.993134)))
(1.795 ((-0.44641771 0 0)(0 0 -89.993134)))
(1.796 ((-0.44284628 0 0)(0 0 -89.993134)))
(1.797 ((-0.43927485 0 0)(0 0 -89.993134)))
(1.798 ((-0.43570342 0 0)(0 0 -89.993134)))
(1.799 ((-0.432132 0 0)(0 0 -89.993134)))
(1.8 ((-0.42856057 0 0)(0 0 -89.993134)))
(1.801 ((-0.42498914 0 0)(0 0 -89.993134)))
(1.802 ((-0.42141771 0 0)(0 0 -89.993134)))
(1.803 ((-0.41784629 0 0)(0 0 -89.993134)))
(1.804 ((-0.41427486 0 0)(0 0 -89.993134)))
(1.805 ((-0.41070343 0 0)(0 0 -89.993134)))
(1.806 ((-0.40713201 0 0)(0 0 -89.993134)))
(1.807 ((-0.40356058 0 0)(0 0 -89.993134)))
(1.808 ((-0.39998916 0 0)(0 0 -89.993134)))
(1.809 ((-0.39641773 0 0)(0 0 -89.993134)))
(1.81 ((-0.39284631 0 0)(0 0 -89.993134)))
(1.811 ((-0.38927489 0 0)(0 0 -89.993134)))
(1.812 ((-0.38570347 0 0)(0 0 -89.993134)))
(1.813 ((-0.38213205 0 0)(0 0 -89.993134)))
(1.814 ((-0.37856064 0 0)(0 0 -89.993134)))
(1.815 ((-0.37498923 0 0)(0 0 -89.993134)))
(1.816 ((-0.37141782 0 0)(0 0 -89.993134)))
(1.817 ((-0.36784642 0 0)(0 0 -89.993134)))
(1.818 ((-0.36427502 0 0)(0 0 -89.993134)))
(1.819 ((-0.36070363 0 0)(0 0 -89.993134)))
(1.82 ((-0.35713224 0 0)(0 0 -89.993134)))
(1.821 ((-0.35356087 0 0)(0 0 -89.993134)))
(1.822 ((-0.34998951 0 0)(0 0 -89.993134)))
(1.823 ((-0.34641816 0 0)(0 0 -89.993134)))
(1.824 ((-0.34284683 0 0)(0 0 -89.993134)))
(1.825 ((-0.33927553 0 0)(0 0 -89.993134)))
(1.826 ((-0.33570425 0 0)(0 0 -89.993134)))
(1.827 ((-0.332133 0 0)(0 0 -89.993134)))
(1.828 ((-0.3285618 0 0)(0 0 -89.993134)))
(1.829 ((-0.32499064 0 0)(0 0 -89.993134)))
(1.83 ((-0.32141955 0 0)(0 0 -89.993134)))
(1.831 ((-0.31784853 0 0)(0 0 -89.993134)))
(1.832 ((-0.3142776 0 0)(0 0 -89.993134)))
(1.833 ((-0.31070678 0 0)(0 0 -89.993134)))
(1.834 ((-0.30713609 0 0)(0 0 -89.993134)))
(1.835 ((-0.30356557 0 0)(0 0 -89.993134)))
(1.836 ((-0.29999525 0 0)(0 0 -89.993134)))
(1.837 ((-0.29642517 0 0)(0 0 -89.993134)))
(1.838 ((-0.29285539 0 0)(0 0 -89.993134)))
(1.839 ((-0.28928597 0 0)(0 0 -89.993134)))
(1.84 ((-0.28571699 0 0)(0 0 -89.993134)))
(1.841 ((-0.28214855 0 0)(0 0 -89.993134)))
(1.842 ((-0.27858076 0 0)(0 0 -89.993134)))
(1.843 ((-0.27501376 0 0)(0 0 -89.993134)))
(1.844 ((-0.27144773 0 0)(0 0 -89.993134)))
(1.845 ((-0.26788287 0 0)(0 0 -89.993134)))
(1.846 ((-0.26431943 0 0)(0 0 -89.993134)))
(1.847 ((-0.26075769 0 0)(0 0 -89.993134)))
(1.848 ((-0.25719802 0 0)(0 0 -89.993134)))
(1.849 ((-0.25364083 0 0)(0 0 -89.993134)))
(1.85 ((-0.25008661 0 0)(0 0 -89.993134)))
(1.851 ((-0.24653596 0 0)(0 0 -89.993134)))
(1.852 ((-0.24298953 0 0)(0 0 -89.993134)))
(1.853 ((-0.23944811 0 0)(0 0 -89.993134)))
(1.854 ((-0.23591259 0 0)(0 0 -89.993134)))
(1.855 ((-0.23238396 0 0)(0 0 -89.993134)))
(1.856 ((-0.22886335 0 0)(0 0 -89.993134)))
(1.857 ((-0.22535198 0 0)(0 0 -89.993134)))
(1.858 ((-0.22185115 0 0)(0 0 -89.993134)))
(1.859 ((-0.21836228 0 0)(0 0 -89.993134)))
(1.86 ((-0.2148868 0 0)(0 0 -89.993134)))
(1.861 ((-0.21142621 0 0)(0 0 -89.993134)))
(1.862 ((-0.20798198 0 0)(0 0 -89.993134)))
(1.863 ((-0.20455556 0 0)(0 0 -89.993134)))
(1.864 ((-0.20114835 0 0)(0 0 -89.993134)))
(1.865 ((-0.19776167 0 0)(0 0 -89.993134)))
(1.866 ((-0.19439674 0 0)(0 0 -89.993134)))
(1.867 ((-0.19105467 0 0)(0 0 -89.993134)))
(1.868 ((-0.18773646 0 0)(0 0 -89.993134)))
(1.869 ((-0.18444301 0 0)(0 0 -89.993134)))
(1.87 ((-0.18117509 0 0)(0 0 -89.993134)))
(1.871 ((-0.17793337 0 0)(0 0 -89.993134)))
(1.872 ((-0.17471845 0 0)(0 0 -89.993134)))
(1.873 ((-0.1715308 0 0)(0 0 -89.993134)))
(1.874 ((-0.16837085 0 0)(0 0 -89.993134)))
(1.875 ((-0.16523895 0 0)(0 0 -89.993134)))
(1.876 ((-0.1621354 0 0)(0 0 -89.993134)))
(1.877 ((-0.15906044 0 0)(0 0 -89.993134)))
(1.878 ((-0.15601428 0 0)(0 0 -89.993134)))
(1.879 ((-0.15299709 0 0)(0 0 -89.993134)))
(1.88 ((-0.150009 0 0)(0 0 -89.993134)))
(1.881 ((-0.14705014 0 0)(0 0 -89.993134)))
(1.882 ((-0.1441206 0 0)(0 0 -89.993134)))
(1.883 ((-0.14122047 0 0)(0 0 -89.993134)))
(1.884 ((-0.13834979 0 0)(0 0 -89.993134)))
(1.885 ((-0.13550863 0 0)(0 0 -89.993134)))
(1.886 ((-0.13269704 0 0)(0 0 -89.993134)))
(1.887 ((-0.12991504 0 0)(0 0 -89.993134)))
(1.888 ((-0.12716268 0 0)(0 0 -89.993134)))
(1.889 ((-0.12443996 0 0)(0 0 -89.993134)))
(1.89 ((-0.12174692 0 0)(0 0 -89.993134)))
(1.891 ((-0.11908356 0 0)(0 0 -89.993134)))
(1.892 ((-0.1164499 0 0)(0 0 -89.993134)))
(1.893 ((-0.11384596 0 0)(0 0 -89.993134)))
(1.894 ((-0.11127174 0 0)(0 0 -89.993134)))
(1.895 ((-0.10872725 0 0)(0 0 -89.993134)))
(1.896 ((-0.10621249 0 0)(0 0 -89.993134)))
(1.897 ((-0.10372747 0 0)(0 0 -89.993134)))
(1.898 ((-0.1012722 0 0)(0 0 -89.993134)))
(1.899 ((-0.098846668 0 0)(0 0 -89.993134)))
(1.9 ((-0.09645089 0 0)(0 0 -89.993134)))
(1.901 ((-0.094084864 0 0)(0 0 -89.993134)))
(1.902 ((-0.091748591 0 0)(0 0 -89.993134)))
(1.903 ((-0.089442074 0 0)(0 0 -89.993134)))
(1.904 ((-0.087165313 0 0)(0 0 -89.993134)))
(1.905 ((-0.08491831 0 0)(0 0 -89.993134)))
(1.906 ((-0.082701064 0 0)(0 0 -89.993134)))
(1.907 ((-0.080513578 0 0)(0 0 -89.993134)))
(1.908 ((-0.078355851 0 0)(0 0 -89.993134)))
(1.909 ((-0.076227884 0 0)(0 0 -89.993134)))
(1.91 ((-0.074129677 0 0)(0 0 -89.993134)))
(1.911 ((-0.07206123 0 0)(0 0 -89.993134)))
(1.912 ((-0.070022545 0 0)(0 0 -89.993134)))
(1.913 ((-0.06801362 0 0)(0 0 -89.993134)))
(1.914 ((-0.066034456 0 0)(0 0 -89.993134)))
(1.915 ((-0.064085054 0 0)(0 0 -89.993134)))
(1.916 ((-0.062165413 0 0)(0 0 -89.993134)))
(1.917 ((-0.060275534 0 0)(0 0 -89.993134)))
(1.918 ((-0.058415416 0 0)(0 0 -89.993134)))
(1.919 ((-0.056585059 0 0)(0 0 -89.993134)))
(1.92 ((-0.054784464 0 0)(0 0 -89.993134)))
(1.921 ((-0.05301363 0 0)(0 0 -89.993134)))
(1.922 ((-0.051272558 0 0)(0 0 -89.993134)))
(1.923 ((-0.049561248 0 0)(0 0 -89.993134)))
(1.924 ((-0.047879699 0 0)(0 0 -89.993134)))
(1.925 ((-0.046227911 0 0)(0 0 -89.993134)))
(1.926 ((-0.044605885 0 0)(0 0 -89.993134)))
(1.927 ((-0.04301362 0 0)(0 0 -89.993134)))
(1.928 ((-0.041451116 0 0)(0 0 -89.993134)))
(1.929 ((-0.039918373 0 0)(0 0 -89.993134)))
(1.93 ((-0.038415391 0 0)(0 0 -89.993134)))
(1.931 ((-0.036942169 0 0)(0 0 -89.993134)))
(1.932 ((-0.035498708 0 0)(0 0 -89.993134)))
(1.933 ((-0.034085006 0 0)(0 0 -89.993134)))
(1.934 ((-0.032701064 0 0)(0 0 -89.993134)))
(1.935 ((-0.031346881 0 0)(0 0 -89.993134)))
(1.936 ((-0.030022456 0 0)(0 0 -89.993134)))
(1.937 ((-0.028727788 0 0)(0 0 -89.993134)))
(1.938 ((-0.027462877 0 0)(0 0 -89.993134)))
(1.939 ((-0.026227721 0 0)(0 0 -89.993134)))
(1.94 ((-0.025022319 0 0)(0 0 -89.993134)))
(1.941 ((-0.023846668 0 0)(0 0 -89.993134)))
(1.942 ((-0.022700767 0 0)(0 0 -89.993134)))
(1.943 ((-0.021584613 0 0)(0 0 -89.993134)))
(1.944 ((-0.020498203 0 0)(0 0 -89.993134)))
(1.945 ((-0.019441533 0 0)(0 0 -89.993134)))
(1.946 ((-0.018414597 0 0)(0 0 -89.993134)))
(1.947 ((-0.01741739 0 0)(0 0 -89.993134)))
(1.948 ((-0.016449904 0 0)(0 0 -89.993134)))
(1.949 ((-0.01551213 0 0)(0 0 -89.993134)))
(1.95 ((-0.014604058 0 0)(0 0 -89.993134)))
(1.951 ((-0.013725674 0 0)(0 0 -89.993134)))
(1.952 ((-0.012876962 0 0)(0 0 -89.993134)))
(1.953 ((-0.012057902 0 0)(0 0 -89.993134)))
(1.954 ((-0.011268469 0 0)(0 0 -89.993134)))
(1.955 ((-0.010508635 0 0)(0 0 -89.993134)))
(1.956 ((-0.0097783623 0 0)(0 0 -89.993134)))
(1.957 ((-0.0090776079 0 0)(0 0 -89.993134)))
(1.958 ((-0.0084063184 0 0)(0 0 -89.993134)))
(1.959 ((-0.0077644286 0 0)(0 0 -89.993134)))
(1.96 ((-0.0071518596 0 0)(0 0 -89.993134)))
(1.961 ((-0.0065685155 0 0)(0 0 -89.993134)))
(1.962 ((-0.0060142801 0 0)(0 0 -89.993134)))
(1.963 ((-0.0054890126 0 0)(0 0 -89.993134)))
(1.964 ((-0.0049925429 0 0)(0 0 -89.993134)))
(1.965 ((-0.004524666 0 0)(0 0 -89.993134)))
(1.966 ((-0.0040851355 0 0)(0 0 -89.993134)))
(1.967 ((-0.003673656 0 0)(0 0 -89.993134)))
(1.968 ((-0.0032898753 0 0)(0 0 -89.993134)))
(1.969 ((-0.0029333748 0 0)(0 0 -89.993134)))
(1.97 ((-0.0026036603 0 0)(0 0 -89.993134)))
(1.971 ((-0.0023001521 0 0)(0 0 -89.993134)))
(1.972 ((-0.0020221753 0 0)(0 0 -89.993134)))
(1.973 ((-0.0017689518 0 0)(0 0 -89.993134)))
(1.974 ((-0.0015395934 0 0)(0 0 -89.993134)))
(1.975 ((-0.0013330982 0 0)(0 0 -89.993134)))
(1.976 ((-0.0011483517 0 0)(0 0 -89.993134)))
(1.977 ((-0.00098413208 0 0)(0 0 -89.993134)))
(1.978 ((-0.00083912184 0 0)(0 0 -89.993134)))
(1.979 ((-0.00071192499 0 0)(0 0 -89.993134)))
(1.98 ((-0.0006010898 0 0)(0 0 -89.993134)))
(1.981 ((-0.00050513557 0 0)(0 0 -89.993134)))
(1.982 ((-0.00042258157 0 0)(0 0 -89.993134)))
(1.983 ((-0.0003519761 0 0)(0 0 -89.993134)))
(1.984 ((-0.00029192317 0 0)(0 0 -89.993134)))
(1.985 ((-0.00024110525 0 0)(0 0 -89.993134)))
(1.986 ((-0.00019830054 0 0)(0 0 -89.993134)))
(1.987 ((-0.00016239445 0 0)(0 0 -89.993134)))
(1.988 ((-0.00013238525 0 0)(0 0 -89.993134)))
(1.989 ((-0.0001073847 0 0)(0 0 -89.993134)))
(1.99 ((-8.6614561e-05 0 0)(0 0 -89.993134)))
(1.991 ((-6.9400059e-05 0 0)(0 0 -89.993134)))
(1.992 ((-5.5161448e-05 0 0)(0 0 -89.993134)))
(1.993 ((-4.3404542e-05 0 0)(0 0 -89.993134)))
(1.994 ((-3.3710756e-05 0 0)(0 0 -89.993134)))
(1.995 ((-2.5728065e-05 0 0)(0 0 -89.993134)))
(1.996 ((-1.9159908e-05 0 0)(0 0 -89.993134)))
(1.997 ((-1.3764602e-05 0 0)(0 0 -89.993134)))
(1.998 ((-9.3193299e-06 0 0)(0 0 -89.993134)))
(1.999 ((-5.7204717e-06 0 0)(0 0 -89.993134)))
(2 ((-2.5793011e-06 0 0)(0 0 -89.993134)))
(2.001 ((-1.2587392e-06 0 0)(0 0 -89.993134)))
(2.002 ((-1.4316579e-06 0 0)(0 0 -89.993134)))
(2.003 ((-1.3853245e-06 0 0)(0 0 -89.993134)))
(2.004 ((-1.3977395e-06 0 0)(0 0 -89.993134)))
(2.005 ((-1.3944129e-06 0 0)(0 0 -89.993134)))
(2.006 ((-1.3953042e-06 0 0)(0 0 -89.993134)))
(2.007 ((-1.3950654e-06 0 0)(0 0 -89.993134)))
(2.008 ((-1.3951294e-06 0 0)(0 0 -89.993134)))
(2.009 ((-1.3951123e-06 0 0)(0 0 -89.993134)))
(2.01 ((-1.3951169e-06 0 0)(0 0 -89.993134)))
(2.011 ((-1.3951156e-06 0 0)(0 0 -89.993134)))
(2.012 ((-1.395116e-06 0 0)(0 0 -89.993134)))
(2.013 ((-1.3951159e-06 0 0)(0 0 -89.993134)))
(2.014 ((-1.3951159e-06 0 0)(0 0 -89.993134)))
(2.015 ((-1.3951159e-06 0 0)(0 0 -89.993134)))
(2.016 ((-1.3951159e-06 0 0)(0 0 -89.993134)))
(2.017 ((-1.3951159e-06 0 0)(0 0 -89.993134)))
(2.018 ((-1.3951159e-06 0 0)(0 0 -89.993134)))
(2.019 ((-1.3951159e-06 0 0)(0 0 -89.993134)))
(2.02 ((-1.3951159e-06 0 0)(0 0 -89.993134)))
(2.021 ((-1.3951159e-06 0 0)(0 0 -89.993134)))
(2.022 ((-1.3951159e-06 0 0)(0 0 -89.993134)))
(2.023 ((-1.3951159e-06 0 0)(0 0 -89.993134)))
(2.024 ((-1.3951159e-06 0 0)(0 0 -89.993134)))
(2.025 ((-1.3951159e-06 0 0)(0 0 -89.993134)))
(2.026 ((-1.3951159e-06 0 0)(0 0 -89.993134)))
(2.027 ((-1.3951159e-06 0 0)(0 0 -89.993134)))
(2.028 ((-1.3951159e-06 0 0)(0 0 -89.993134)))
(2.029 ((-1.3951159e-06 0 0)(0 0 -89.993134)))
(2.03 ((-1.3951159e-06 0 0)(0 0 -89.993134)))
(2.031 ((-1.3951159e-06 0 0)(0 0 -89.993134)))
(2.032 ((-1.3951159e-06 0 0)(0 0 -89.993134)))
(2.033 ((-1.3951159e-06 0 0)(0 0 -89.993134)))
(2.034 ((-1.3951159e-06 0 0)(0 0 -89.993134)))
(2.035 ((-1.3951159e-06 0 0)(0 0 -89.993134)))
(2.036 ((-1.3951159e-06 0 0)(0 0 -89.993134)))
(2.037 ((-1.3951159e-06 0 0)(0 0 -89.993134)))
(2.038 ((-1.3951159e-06 0 0)(0 0 -89.993134)))
(2.039 ((-1.3951159e-06 0 0)(0 0 -89.993134)))
(2.04 ((-1.3951159e-06 0 0)(0 0 -89.993134)))
(2.041 ((-1.3951159e-06 0 0)(0 0 -89.993134)))
(2.042 ((-1.3951159e-06 0 0)(0 0 -89.993134)))
(2.043 ((-1.3951159e-06 0 0)(0 0 -89.993134)))
(2.044 ((-1.3951159e-06 0 0)(0 0 -89.993134)))
(2.045 ((-1.3951159e-06 0 0)(0 0 -89.993134)))
(2.046 ((-1.3951159e-06 0 0)(0 0 -89.993134)))
(2.047 ((-1.3951159e-06 0 0)(0 0 -89.993134)))
(2.048 ((-1.3951159e-06 0 0)(0 0 -89.993134)))
(2.049 ((-1.3951159e-06 0 0)(0 0 -89.993134)))
(2.05 ((-1.3951159e-06 0 0)(0 0 -89.993134)))
(2.051 ((-1.3951159e-06 0 0)(0 0 -89.993134)))
(2.052 ((-1.3951159e-06 0 0)(0 0 -89.993134)))
(2.053 ((-1.3951159e-06 0 0)(0 0 -89.993134)))
(2.054 ((-1.3951159e-06 0 0)(0 0 -89.993134)))
(2.055 ((-1.3951159e-06 0 0)(0 0 -89.993134)))
(2.056 ((-1.3951159e-06 0 0)(0 0 -89.993134)))
(2.057 ((-1.3951159e-06 0 0)(0 0 -89.993134)))
(2.058 ((-1.3951159e-06 0 0)(0 0 -89.993134)))
(2.059 ((-1.3951159e-06 0 0)(0 0 -89.993134)))
(2.06 ((-1.3951159e-06 0 0)(0 0 -89.993134)))
(2.061 ((-1.3951159e-06 0 0)(0 0 -89.993134)))
(2.062 ((-1.3951159e-06 0 0)(0 0 -89.993134)))
(2.063 ((-1.3951159e-06 0 0)(0 0 -89.993134)))
(2.064 ((-1.3951159e-06 0 0)(0 0 -89.993134)))
(2.065 ((-1.3951159e-06 0 0)(0 0 -89.993134)))
(2.066 ((-1.3951159e-06 0 0)(0 0 -89.993134)))
(2.067 ((-1.3951159e-06 0 0)(0 0 -89.993134)))
(2.068 ((-1.3951159e-06 0 0)(0 0 -89.993134)))
(2.069 ((-1.3951159e-06 0 0)(0 0 -89.993134)))
(2.07 ((-1.3951159e-06 0 0)(0 0 -89.993134)))
(2.071 ((-1.3951159e-06 0 0)(0 0 -89.993134)))
(2.072 ((-1.3951159e-06 0 0)(0 0 -89.993134)))
(2.073 ((-1.3951159e-06 0 0)(0 0 -89.993134)))
(2.074 ((-1.3951159e-06 0 0)(0 0 -89.993134)))
(2.075 ((-1.3951159e-06 0 0)(0 0 -89.993134)))
(2.076 ((-1.3951159e-06 0 0)(0 0 -89.993134)))
(2.077 ((-1.3951159e-06 0 0)(0 0 -89.993134)))
(2.078 ((-1.3951159e-06 0 0)(0 0 -89.993134)))
(2.079 ((-1.3951159e-06 0 0)(0 0 -89.993134)))
(2.08 ((-1.3951159e-06 0 0)(0 0 -89.993134)))
(2.081 ((-1.3951159e-06 0 0)(0 0 -89.993134)))
(2.082 ((-1.3951159e-06 0 0)(0 0 -89.993134)))
(2.083 ((-1.3951159e-06 0 0)(0 0 -89.993134)))
(2.084 ((-1.3951159e-06 0 0)(0 0 -89.993134)))
(2.085 ((-1.3951159e-06 0 0)(0 0 -89.993134)))
(2.086 ((-1.3951159e-06 0 0)(0 0 -89.993134)))
(2.087 ((-1.3951159e-06 0 0)(0 0 -89.993134)))
(2.088 ((-1.3951159e-06 0 0)(0 0 -89.993134)))
(2.089 ((-1.3951159e-06 0 0)(0 0 -89.993134)))
(2.09 ((-1.3951159e-06 0 0)(0 0 -89.993134)))
(2.091 ((-1.3951159e-06 0 0)(0 0 -89.993134)))
(2.092 ((-1.3951159e-06 0 0)(0 0 -89.993134)))
(2.093 ((-1.3951159e-06 0 0)(0 0 -89.993134)))
(2.094 ((-1.3951159e-06 0 0)(0 0 -89.993134)))
(2.095 ((-1.3951159e-06 0 0)(0 0 -89.993134)))
(2.096 ((-1.3951159e-06 0 0)(0 0 -89.993134)))
(2.097 ((-1.3951159e-06 0 0)(0 0 -89.993134)))
(2.098 ((-1.3951159e-06 0 0)(0 0 -89.993134)))
(2.099 ((-1.3951159e-06 0 0)(0 0 -89.993134)))
)
