2100
(
(0 ((-0 0 0)(0 0 -0)))
(0.001 ((-8.9610362e-06 0 0)(0 0 -0)))
(0.002 ((-1.9881531e-05 0 0)(0 0 -0)))
(0.003 ((-3.3184142e-05 0 0)(0 0 -0)))
(0.004 ((-4.9378957e-05 0 0)(0 0 -0)))
(0.005 ((-6.9081045e-05 0 0)(0 0 -0)))
(0.006 ((-9.3029757e-05 0 0)(0 0 -0)))
(0.007 ((-0.00012211094 0 0)(0 0 -0)))
(0.008 ((-0.00015738171 0 0)(0 0 -0)))
(0.009 ((-0.00020009753 0 0)(0 0 -0)))
(0.01 ((-0.00025174104 0 0)(0 0 -0)))
(0.011 ((-0.00031405146 0 0)(0 0 -0)))
(0.012 ((-0.00038905309 0 0)(0 0 -0)))
(0.013 ((-0.00047908069 0 0)(0 0 -0)))
(0.014 ((-0.00058679897 0 0)(0 0 -0)))
(0.015 ((-0.0007152131 0 0)(0 0 -0)))
(0.016 ((-0.00086766687 0 0)(0 0 -0)))
(0.017 ((-0.0010478257 0 0)(0 0 -0)))
(0.018 ((-0.0012596421 0 0)(0 0 -0)))
(0.019 ((-0.0015073041 0 0)(0 0 -0)))
(0.02 ((-0.0017951668 0 0)(0 0 -0)))
(0.021 ((-0.0021276723 0 0)(0 0 -0)))
(0.022 ((-0.0025092629 0 0)(0 0 -0)))
(0.023 ((-0.0029442936 0 0)(0 0 -0)))
(0.024 ((-0.0034369524 0 0)(0 0 -0)))
(0.025 ((-0.0039911919 0 0)(0 0 -0)))
(0.026 ((-0.0046106774 0 0)(0 0 -0)))
(0.027 ((-0.0052987528 0 0)(0 0 -0)))
(0.028 ((-0.0060584233 0 0)(0 0 -0)))
(0.029 ((-0.0068923535 0 0)(0 0 -0)))
(0.03 ((-0.0078028782 0 0)(0 0 -0)))
(0.031 ((-0.0087920217 0 0)(0 0 -0)))
(0.032 ((-0.0098615233 0 0)(0 0 -0)))
(0.033 ((-0.011012865 0 0)(0 0 -0)))
(0.034 ((-0.012247304 0 0)(0 0 -0)))
(0.035 ((-0.013565895 0 0)(0 0 -0)))
(0.036 ((-0.014969526 0 0)(0 0 -0)))
(0.037 ((-0.016458935 0 0)(0 0 -0)))
(0.038 ((-0.018034738 0 0)(0 0 -0)))
(0.039 ((-0.019697444 0 0)(0 0 -0)))
(0.04 ((-0.021447476 0 0)(0 0 -0)))
(0.041 ((-0.023285183 0 0)(0 0 -0)))
(0.042 ((-0.025210852 0 0)(0 0 -0)))
(0.043 ((-0.027224721 0 0)(0 0 -0)))
(0.044 ((-0.029326984 0 0)(0 0 -0)))
(0.045 ((-0.031517802 0 0)(0 0 -0)))
(0.046 ((-0.033797305 0 0)(0 0 -0)))
(0.047 ((-0.036165603 0 0)(0 0 -0)))
(0.048 ((-0.038622784 0 0)(0 0 -0)))
(0.049 ((-0.041168921 0 0)(0 0 -0)))
(0.05 ((-0.043804073 0 0)(0 0 -0)))
(0.051 ((-0.046528289 0 0)(0 0 -0)))
(0.052 ((-0.049341609 0 0)(0 0 -0)))
(0.053 ((-0.052244067 0 0)(0 0 -0)))
(0.054 ((-0.055235688 0 0)(0 0 -0)))
(0.055 ((-0.058316496 0 0)(0 0 -0)))
(0.056 ((-0.061486507 0 0)(0 0 -0)))
(0.057 ((-0.064745738 0 0)(0 0 -0)))
(0.058 ((-0.068094199 0 0)(0 0 -0)))
(0.059 ((-0.071531902 0 0)(0 0 -0)))
(0.06 ((-0.075058853 0 0)(0 0 -0)))
(0.061 ((-0.07867506 0 0)(0 0 -0)))
(0.062 ((-0.082380528 0 0)(0 0 -0)))
(0.063 ((-0.086175262 0 0)(0 0 -0)))
(0.064 ((-0.090059265 0 0)(0 0 -0)))
(0.065 ((-0.09403254 0 0)(0 0 -0)))
(0.066 ((-0.09809509 0 0)(0 0 -0)))
(0.067 ((-0.10224692 0 0)(0 0 -0)))
(0.068 ((-0.10648802 0 0)(0 0 -0)))
(0.069 ((-0.11081841 0 0)(0 0 -0)))
(0.07 ((-0.11523807 0 0)(0 0 -0)))
(0.071 ((-0.11974702 0 0)(0 0 -0)))
(0.072 ((-0.12434525 0 0)(0 0 -0)))
(0.073 ((-0.12903276 0 0)(0 0 -0)))
(0.074 ((-0.13380955 0 0)(0 0 -0)))
(0.075 ((-0.13867563 0 0)(0 0 -0)))
(0.076 ((-0.14363099 0 0)(0 0 -0)))
(0.077 ((-0.14867564 0 0)(0 0 -0)))
(0.078 ((-0.15380957 0 0)(0 0 -0)))
(0.079 ((-0.15903279 0 0)(0 0 -0)))
(0.08 ((-0.16434529 0 0)(0 0 -0)))
(0.081 ((-0.16974707 0 0)(0 0 -0)))
(0.082 ((-0.17523814 0 0)(0 0 -0)))
(0.083 ((-0.1808185 0 0)(0 0 -0)))
(0.084 ((-0.18648814 0 0)(0 0 -0)))
(0.085 ((-0.19224706 0 0)(0 0 -0)))
(0.086 ((-0.19809527 0 0)(0 0 -0)))
(0.087 ((-0.20403276 0 0)(0 0 -0)))
(0.088 ((-0.21005953 0 0)(0 0 -0)))
(0.089 ((-0.21617559 0 0)(0 0 -0)))
(0.09 ((-0.22238093 0 0)(0 0 -0)))
(0.091 ((-0.22867555 0 0)(0 0 -0)))
(0.092 ((-0.23505945 0 0)(0 0 -0)))
(0.093 ((-0.24153263 0 0)(0 0 -0)))
(0.094 ((-0.24809509 0 0)(0 0 -0)))
(0.095 ((-0.25474683 0 0)(0 0 -0)))
(0.096 ((-0.26148784 0 0)(0 0 -0)))
(0.097 ((-0.26831812 0 0)(0 0 -0)))
(0.098 ((-0.27523767 0 0)(0 0 -0)))
(0.099 ((-0.28224649 0 0)(0 0 -0)))
(0.1 ((-0.28934457 0 0)(0 0 -0)))
(0.101 ((-0.2965319 0 0)(0 0 -0)))
(0.102 ((-0.30380849 0 0)(0 0 -0)))
(0.103 ((-0.31117431 0 0)(0 0 -0)))
(0.104 ((-0.31862936 0 0)(0 0 -0)))
(0.105 ((-0.32617364 0 0)(0 0 -0)))
(0.106 ((-0.33380712 0 0)(0 0 -0)))
(0.107 ((-0.34152978 0 0)(0 0 -0)))
(0.108 ((-0.34934161 0 0)(0 0 -0)))
(0.109 ((-0.35724257 0 0)(0 0 -0)))
(0.11 ((-0.36523264 0 0)(0 0 -0)))
(0.111 ((-0.37331178 0 0)(0 0 -0)))
(0.112 ((-0.38147993 0 0)(0 0 -0)))
(0.113 ((-0.38973703 0 0)(0 0 -0)))
(0.114 ((-0.39808302 0 0)(0 0 -0)))
(0.115 ((-0.4065178 0 0)(0 0 -0)))
(0.116 ((-0.41504127 0 0)(0 0 -0)))
(0.117 ((-0.42365329 0 0)(0 0 -0)))
(0.118 ((-0.43235371 0 0)(0 0 -0)))
(0.119 ((-0.44114233 0 0)(0 0 -0)))
(0.12 ((-0.4500189 0 0)(0 0 -0)))
(0.121 ((-0.45898316 0 0)(0 0 -0)))
(0.122 ((-0.46803474 0 0)(0 0 -0)))
(0.123 ((-0.47717322 0 0)(0 0 -0)))
(0.124 ((-0.4863981 0 0)(0 0 -0)))
(0.125 ((-0.49570875 0 0)(0 0 -0)))
(0.126 ((-0.50510445 0 0)(0 0 -0)))
(0.127 ((-0.51458429 0 0)(0 0 -0)))
(0.128 ((-0.52414724 0 0)(0 0 -0)))
(0.129 ((-0.53379202 0 0)(0 0 -0)))
(0.13 ((-0.54351716 0 0)(0 0 -0)))
(0.131 ((-0.55332092 0 0)(0 0 -0)))
(0.132 ((-0.56320128 0 0)(0 0 -0)))
(0.133 ((-0.5731559 0 0)(0 0 -0)))
(0.134 ((-0.58318211 0 0)(0 0 -0)))
(0.135 ((-0.59327691 0 0)(0 0 -0)))
(0.136 ((-0.60343695 0 0)(0 0 -0)))
(0.137 ((-0.61365858 0 0)(0 0 -0)))
(0.138 ((-0.62393783 0 0)(0 0 -0)))
(0.139 ((-0.63427053 0 0)(0 0 -0)))
(0.14 ((-0.64465231 0 0)(0 0 -0)))
(0.141 ((-0.65507873 0 0)(0 0 -0)))
(0.142 ((-0.66554536 0 0)(0 0 -0)))
(0.143 ((-0.67604783 0 0)(0 0 -0)))
(0.144 ((-0.68658195 0 0)(0 0 -0)))
(0.145 ((-0.69714378 0 0)(0 0 -0)))
(0.146 ((-0.70772966 0 0)(0 0 -0)))
(0.147 ((-0.71833622 0 0)(0 0 -0)))
(0.148 ((-0.72896048 0 0)(0 0 -0)))
(0.149 ((-0.73959977 0 0)(0 0 -0)))
(0.15 ((-0.75025174 0 0)(0 0 -0)))
(0.151 ((-0.76091438 0 0)(0 0 -0)))
(0.152 ((-0.77158595 0 0)(0 0 -0)))
(0.153 ((-0.78226497 0 0)(0 0 -0)))
(0.154 ((-0.79295017 0 0)(0 0 -0)))
(0.155 ((-0.80364051 0 0)(0 0 -0)))
(0.156 ((-0.81433509 0 0)(0 0 -0)))
(0.157 ((-0.82503318 0 0)(0 0 -0)))
(0.158 ((-0.83573417 0 0)(0 0 -0)))
(0.159 ((-0.84643753 0 0)(0 0 -0)))
(0.16 ((-0.85714286 0 0)(0 0 -0)))
(0.161 ((-0.86784979 0 0)(0 0 -0)))
(0.162 ((-0.87855805 0 0)(0 0 -0)))
(0.163 ((-0.8892674 0 0)(0 0 -0)))
(0.164 ((-0.89997764 0 0)(0 0 -0)))
(0.165 ((-0.9106886 0 0)(0 0 -0)))
(0.166 ((-0.92140017 0 0)(0 0 -0)))
(0.167 ((-0.93211223 0 0)(0 0 -0)))
(0.168 ((-0.94282469 0 0)(0 0 -0)))
(0.169 ((-0.95353748 0 0)(0 0 -0)))
(0.17 ((-0.96425055 0 0)(0 0 -0)))
(0.171 ((-0.97496383 0 0)(0 0 -0)))
(0.172 ((-0.9856773 0 0)(0 0 -0)))
(0.173 ((-0.99639091 0 0)(0 0 -0)))
(0.174 ((-1.0071046 0 0)(0 0 -0)))
(0.175 ((-1.0178185 0 0)(0 0 -0)))
(0.176 ((-1.0285324 0 0)(0 0 -0)))
(0.177 ((-1.0392464 0 0)(0 0 -0)))
(0.178 ((-1.0499604 0 0)(0 0 -0)))
(0.179 ((-1.0606745 0 0)(0 0 -0)))
(0.18 ((-1.0713886 0 0)(0 0 -0)))
(0.181 ((-1.0821028 0 0)(0 0 -0)))
(0.182 ((-1.0928169 0 0)(0 0 -0)))
(0.183 ((-1.1035311 0 0)(0 0 -0)))
(0.184 ((-1.1142454 0 0)(0 0 -0)))
(0.185 ((-1.1249596 0 0)(0 0 -0)))
(0.186 ((-1.1356738 0 0)(0 0 -0)))
(0.187 ((-1.1463881 0 0)(0 0 -0)))
(0.188 ((-1.1571023 0 0)(0 0 -0)))
(0.189 ((-1.1678166 0 0)(0 0 -0)))
(0.19 ((-1.1785308 0 0)(0 0 -0)))
(0.191 ((-1.1892451 0 0)(0 0 -0)))
(0.192 ((-1.1999594 0 0)(0 0 -0)))
(0.193 ((-1.2106736 0 0)(0 0 -0)))
(0.194 ((-1.2213879 0 0)(0 0 -0)))
(0.195 ((-1.2321022 0 0)(0 0 -0)))
(0.196 ((-1.2428165 0 0)(0 0 -0)))
(0.197 ((-1.2535308 0 0)(0 0 -0)))
(0.198 ((-1.264245 0 0)(0 0 -0)))
(0.199 ((-1.2749593 0 0)(0 0 -0)))
(0.2 ((-1.2856736 0 0)(0 0 -0)))
(0.201 ((-1.2963879 0 0)(0 0 -0)))
(0.202 ((-1.3071022 0 0)(0 0 -0)))
(0.203 ((-1.3178165 0 0)(0 0 -0)))
(0.204 ((-1.3285307 0 0)(0 0 -0)))
(0.205 ((-1.339245 0 0)(0 0 -0)))
(0.206 ((-1.3499593 0 0)(0 0 -0)))
(0.207 ((-1.3606736 0 0)(0 0 -0)))
(0.208 ((-1.3713879 0 0)(0 0 -0)))
(0.209 ((-1.3821022 0 0)(0 0 -0)))
(0.21 ((-1.3928164 0 0)(0 0 -0)))
(0.211 ((-1.4035307 0 0)(0 0 -0)))
(0.212 ((-1.414245 0 0)(0 0 -0)))
(0.213 ((-1.4249593 0 0)(0 0 -0)))
(0.214 ((-1.4356736 0 0)(0 0 -0)))
(0.215 ((-1.4463879 0 0)(0 0 -0)))
(0.216 ((-1.4571022 0 0)(0 0 -0)))
(0.217 ((-1.4678164 0 0)(0 0 -0)))
(0.218 ((-1.4785307 0 0)(0 0 -0)))
(0.219 ((-1.489245 0 0)(0 0 -0)))
(0.22 ((-1.4999593 0 0)(0 0 -0)))
(0.221 ((-1.5106736 0 0)(0 0 -0)))
(0.222 ((-1.5213879 0 0)(0 0 -0)))
(0.223 ((-1.5321022 0 0)(0 0 -0)))
(0.224 ((-1.5428164 0 0)(0 0 -0)))
(0.225 ((-1.5535307 0 0)(0 0 -0)))
(0.226 ((-1.564245 0 0)(0 0 -0)))
(0.227 ((-1.5749593 0 0)(0 0 -0)))
(0.228 ((-1.5856736 0 0)(0 0 -0)))
(0.229 ((-1.5963879 0 0)(0 0 -0)))
(0.23 ((-1.6071022 0 0)(0 0 -0)))
(0.231 ((-1.6178164 0 0)(0 0 -0)))
(0.232 ((-1.6285307 0 0)(0 0 -0)))
(0.233 ((-1.639245 0 0)(0 0 -0)))
(0.234 ((-1.6499593 0 0)(0 0 -0)))
(0.235 ((-1.6606736 0 0)(0 0 -0)))
(0.236 ((-1.6713879 0 0)(0 0 -0)))
(0.237 ((-1.6821022 0 0)(0 0 -0)))
(0.238 ((-1.6928164 0 0)(0 0 -0)))
(0.239 ((-1.7035307 0 0)(0 0 -0)))
(0.24 ((-1.714245 0 0)(0 0 -0)))
(0.241 ((-1.7249593 0 0)(0 0 -0)))
(0.242 ((-1.7356736 0 0)(0 0 -0)))
(0.243 ((-1.7463879 0 0)(0 0 -0)))
(0.244 ((-1.7571022 0 0)(0 0 -0)))
(0.245 ((-1.7678164 0 0)(0 0 -0)))
(0.246 ((-1.7785307 0 0)(0 0 -0)))
(0.247 ((-1.789245 0 0)(0 0 -0)))
(0.248 ((-1.7999593 0 0)(0 0 -0)))
(0.249 ((-1.8106736 0 0)(0 0 -0)))
(0.25 ((-1.8213879 0 0)(0 0 -0)))
(0.251 ((-1.8321022 0 0)(0 0 -0)))
(0.252 ((-1.8428164 0 0)(0 0 -0)))
(0.253 ((-1.8535307 0 0)(0 0 -0)))
(0.254 ((-1.864245 0 0)(0 0 -0)))
(0.255 ((-1.8749593 0 0)(0 0 -0)))
(0.256 ((-1.8856736 0 0)(0 0 -0)))
(0.257 ((-1.8963879 0 0)(0 0 -0)))
(0.258 ((-1.9071022 0 0)(0 0 -0)))
(0.259 ((-1.9178164 0 0)(0 0 -0)))
(0.26 ((-1.9285307 0 0)(0 0 -0)))
(0.261 ((-1.939245 0 0)(0 0 -0)))
(0.262 ((-1.9499593 0 0)(0 0 -0)))
(0.263 ((-1.9606736 0 0)(0 0 -0)))
(0.264 ((-1.9713879 0 0)(0 0 -0)))
(0.265 ((-1.9821022 0 0)(0 0 -0)))
(0.266 ((-1.9928164 0 0)(0 0 -0)))
(0.267 ((-2.0035307 0 0)(0 0 -0)))
(0.268 ((-2.014245 0 0)(0 0 -0)))
(0.269 ((-2.0249593 0 0)(0 0 -0)))
(0.27 ((-2.0356736 0 0)(0 0 -0)))
(0.271 ((-2.0463879 0 0)(0 0 -0)))
(0.272 ((-2.0571022 0 0)(0 0 -0)))
(0.273 ((-2.0678164 0 0)(0 0 -0)))
(0.274 ((-2.0785307 0 0)(0 0 -0)))
(0.275 ((-2.089245 0 0)(0 0 -0)))
(0.276 ((-2.0999593 0 0)(0 0 -0)))
(0.277 ((-2.1106736 0 0)(0 0 -0)))
(0.278 ((-2.1213879 0 0)(0 0 -0)))
(0.279 ((-2.1321022 0 0)(0 0 -0)))
(0.28 ((-2.1428164 0 0)(0 0 -0)))
(0.281 ((-2.1535307 0 0)(0 0 -0)))
(0.282 ((-2.164245 0 0)(0 0 -0)))
(0.283 ((-2.1749593 0 0)(0 0 -0)))
(0.284 ((-2.1856736 0 0)(0 0 -0)))
(0.285 ((-2.1963879 0 0)(0 0 -0)))
(0.286 ((-2.2071022 0 0)(0 0 -0)))
(0.287 ((-2.2178164 0 0)(0 0 -0)))
(0.288 ((-2.2285307 0 0)(0 0 -0)))
(0.289 ((-2.239245 0 0)(0 0 -0)))
(0.29 ((-2.2499593 0 0)(0 0 -0)))
(0.291 ((-2.2606736 0 0)(0 0 -0)))
(0.292 ((-2.2713879 0 0)(0 0 -0)))
(0.293 ((-2.2821022 0 0)(0 0 -0)))
(0.294 ((-2.2928164 0 0)(0 0 -0)))
(0.295 ((-2.3035307 0 0)(0 0 -0)))
(0.296 ((-2.314245 0 0)(0 0 -0)))
(0.297 ((-2.3249593 0 0)(0 0 -0)))
(0.298 ((-2.3356736 0 0)(0 0 -0)))
(0.299 ((-2.3463879 0 0)(0 0 -0)))
(0.3 ((-2.3571022 0 0)(0 0 -4.9406565e-324)))
(0.301 ((-2.3678164 0 0)(0 0 -0)))
(0.302 ((-2.3785307 0 0)(0 0 -9.8813129e-324)))
(0.303 ((-2.389245 0 0)(0 0 3.9525252e-323)))
(0.304 ((-2.3999593 0 0)(0 0 -1.3833838e-322)))
(0.305 ((-2.4106736 0 0)(0 0 5.2865024e-322)))
(0.306 ((-2.4213879 0 0)(0 0 -1.9762626e-321)))
(0.307 ((-2.4321022 0 0)(0 0 7.3566375e-321)))
(0.308 ((-2.4428164 0 0)(0 0 -2.747005e-320)))
(0.309 ((-2.4535307 0 0)(0 0 1.025038e-319)))
(0.31 ((-2.464245 0 0)(0 0 -3.8255009e-319)))
(0.311 ((-2.4749593 0 0)(0 0 1.4277114e-318)))
(0.312 ((-2.4856736 0 0)(0 0 -5.3282806e-318)))
(0.313 ((-2.4963879 0 0)(0 0 1.9885411e-317)))
(0.314 ((-2.5071022 0 0)(0 0 -7.4213339e-317)))
(0.315 ((-2.5178164 0 0)(0 0 2.7696798e-316)))
(0.316 ((-2.5285307 0 0)(0 0 -1.0336585e-315)))
(0.317 ((-2.539245 0 0)(0 0 3.8576662e-315)))
(0.318 ((-2.5499593 0 0)(0 0 -1.4397006e-314)))
(0.319 ((-2.5606736 0 0)(0 0 5.3730359e-314)))
(0.32 ((-2.5713879 0 0)(0 0 -2.0052443e-313)))
(0.321 ((-2.5821022 0 0)(0 0 7.4836736e-313)))
(0.322 ((-2.5928164 0 0)(0 0 -2.792945e-312)))
(0.323 ((-2.6035307 0 0)(0 0 1.0423413e-311)))
(0.324 ((-2.614245 0 0)(0 0 -3.8900706e-311)))
(0.325 ((-2.6249593 0 0)(0 0 1.4517941e-310)))
(0.326 ((-2.6356736 0 0)(0 0 -5.4181694e-310)))
(0.327 ((-2.6463879 0 0)(0 0 2.0220883e-309)))
(0.328 ((-2.6571022 0 0)(0 0 -7.5465364e-309)))
(0.329 ((-2.6678164 0 0)(0 0 2.8164057e-308)))
(0.33 ((-2.6785307 0 0)(0 0 -1.0510969e-307)))
(0.331 ((-2.689245 0 0)(0 0 3.9227471e-307)))
(0.332 ((-2.6999593 0 0)(0 0 -1.4639892e-306)))
(0.333 ((-2.7106736 0 0)(0 0 5.4636819e-306)))
(0.334 ((-2.7213879 0 0)(0 0 -2.0390739e-305)))
(0.335 ((-2.7321022 0 0)(0 0 7.6099273e-305)))
(0.336 ((-2.7428164 0 0)(0 0 -2.8400635e-304)))
(0.337 ((-2.7535307 0 0)(0 0 1.0599261e-303)))
(0.338 ((-2.764245 0 0)(0 0 -3.9556982e-303)))
(0.339 ((-2.7749593 0 0)(0 0 1.4762867e-302)))
(0.34 ((-2.7856736 0 0)(0 0 -5.5095768e-302)))
(0.341 ((-2.7963879 0 0)(0 0 2.0562021e-301)))
(0.342 ((-2.8071022 0 0)(0 0 -7.6738506e-301)))
(0.343 ((-2.8178164 0 0)(0 0 2.86392e-300)))
(0.344 ((-2.8285307 0 0)(0 0 -1.0688295e-299)))
(0.345 ((-2.839245 0 0)(0 0 3.988926e-299)))
(0.346 ((-2.8499593 0 0)(0 0 -1.4886875e-298)))
(0.347 ((-2.8606736 0 0)(0 0 5.5558572e-298)))
(0.348 ((-2.8713879 0 0)(0 0 -2.0734741e-297)))
(0.349 ((-2.8821022 0 0)(0 0 7.7383108e-297)))
(0.35 ((-2.8928164 0 0)(0 0 -2.8879769e-296)))
(0.351 ((-2.9035307 0 0)(0 0 1.0778077e-295)))
(0.352 ((-2.914245 0 0)(0 0 -4.0224329e-295)))
(0.353 ((-2.9249593 0 0)(0 0 1.5011924e-294)))
(0.354 ((-2.9356736 0 0)(0 0 -5.6025264e-294)))
(0.355 ((-2.9463879 0 0)(0 0 2.0908913e-293)))
(0.356 ((-2.9571022 0 0)(0 0 -7.8033126e-293)))
(0.357 ((-2.9678164 0 0)(0 0 2.9122359e-292)))
(0.358 ((-2.9785307 0 0)(0 0 -1.0868612e-291)))
(0.359 ((-2.989245 0 0)(0 0 4.0562213e-291)))
(0.36 ((-2.9999593 0 0)(0 0 -1.5138024e-290)))
(0.361 ((-3.0106736 0 0)(0 0 5.6495875e-290)))
(0.362 ((-3.0213879 0 0)(0 0 -2.1084548e-289)))
(0.363 ((-3.0321022 0 0)(0 0 7.8688603e-289)))
(0.364 ((-3.0428164 0 0)(0 0 -2.9366986e-288)))
(0.365 ((-3.0535307 0 0)(0 0 1.0959909e-287)))
(0.366 ((-3.064245 0 0)(0 0 -4.0902936e-287)))
(0.367 ((-3.0749593 0 0)(0 0 1.5265183e-286)))
(0.368 ((-3.0856736 0 0)(0 0 -5.697044e-286)))
(0.369 ((-3.0963879 0 0)(0 0 2.1261658e-285)))
(0.37 ((-3.1071022 0 0)(0 0 -7.9349587e-285)))
(0.371 ((-3.1178164 0 0)(0 0 2.9613669e-284)))
(0.372 ((-3.1285307 0 0)(0 0 -1.1051972e-283)))
(0.373 ((-3.139245 0 0)(0 0 4.124652e-283)))
(0.374 ((-3.1499593 0 0)(0 0 -1.5393411e-282)))
(0.375 ((-3.1606736 0 0)(0 0 5.7448991e-282)))
(0.376 ((-3.1713879 0 0)(0 0 -2.1440255e-281)))
(0.377 ((-3.1821022 0 0)(0 0 8.0016122e-281)))
(0.378 ((-3.1928164 0 0)(0 0 -2.9862423e-280)))
(0.379 ((-3.2035307 0 0)(0 0 1.1144808e-279)))
(0.38 ((-3.214245 0 0)(0 0 -4.159299e-279)))
(0.381 ((-3.2249593 0 0)(0 0 1.5522715e-278)))
(0.382 ((-3.2356736 0 0)(0 0 -5.7931562e-278)))
(0.383 ((-3.2463879 0 0)(0 0 2.1620353e-277)))
(0.384 ((-3.2571022 0 0)(0 0 -8.0688257e-277)))
(0.385 ((-3.2678164 0 0)(0 0 3.0113267e-276)))
(0.386 ((-3.2785307 0 0)(0 0 -1.1238424e-275)))
(0.387 ((-3.289245 0 0)(0 0 4.1942371e-275)))
(0.388 ((-3.2999593 0 0)(0 0 -1.5653106e-274)))
(0.389 ((-3.3106736 0 0)(0 0 5.8418187e-274)))
(0.39 ((-3.3213879 0 0)(0 0 -2.1801964e-273)))
(0.391 ((-3.3321022 0 0)(0 0 8.1366038e-273)))
(0.392 ((-3.3428164 0 0)(0 0 -3.0366219e-272)))
(0.393 ((-3.3535307 0 0)(0 0 1.1332827e-271)))
(0.394 ((-3.364245 0 0)(0 0 -4.2294686e-271)))
(0.395 ((-3.3749593 0 0)(0 0 1.5784592e-270)))
(0.396 ((-3.3856736 0 0)(0 0 -5.8908899e-270)))
(0.397 ((-3.3963879 0 0)(0 0 2.19851e-269)))
(0.398 ((-3.4071022 0 0)(0 0 -8.2049511e-269)))
(0.399 ((-3.4178164 0 0)(0 0 3.0621295e-268)))
(0.4 ((-3.4285307 0 0)(0 0 -1.1428023e-267)))
(0.401 ((-3.439245 0 0)(0 0 4.2649961e-267)))
(0.402 ((-3.4499593 0 0)(0 0 -1.5917182e-266)))
(0.403 ((-3.4606736 0 0)(0 0 5.9403733e-266)))
(0.404 ((-3.4713879 0 0)(0 0 -2.2169775e-265)))
(0.405 ((-3.4821022 0 0)(0 0 8.2738727e-265)))
(0.406 ((-3.4928164 0 0)(0 0 -3.0878513e-264)))
(0.407 ((-3.5035307 0 0)(0 0 1.1524018e-263)))
(0.408 ((-3.514245 0 0)(0 0 -4.3008221e-263)))
(0.409 ((-3.5249593 0 0)(0 0 1.6050886e-262)))
(0.41 ((-3.5356736 0 0)(0 0 -5.9902724e-262)))
(0.411 ((-3.5463879 0 0)(0 0 2.2356001e-261)))
(0.412 ((-3.5571022 0 0)(0 0 -8.3433731e-261)))
(0.413 ((-3.5678164 0 0)(0 0 3.1137892e-260)))
(0.414 ((-3.5785307 0 0)(0 0 -1.162082e-259)))
(0.415 ((-3.589245 0 0)(0 0 4.3369489e-259)))
(0.416 ((-3.5999593 0 0)(0 0 -1.6185714e-258)))
(0.417 ((-3.6106736 0 0)(0 0 6.0405906e-258)))
(0.418 ((-3.6213879 0 0)(0 0 -2.2543791e-257)))
(0.419 ((-3.6321022 0 0)(0 0 8.4134574e-257)))
(0.42 ((-3.6428164 0 0)(0 0 -3.139945e-256)))
(0.421 ((-3.6535307 0 0)(0 0 1.1718434e-255)))
(0.422 ((-3.664245 0 0)(0 0 -4.3733793e-255)))
(0.423 ((-3.6749593 0 0)(0 0 1.6321674e-254)))
(0.424 ((-3.6856736 0 0)(0 0 -6.0913315e-254)))
(0.425 ((-3.6963879 0 0)(0 0 2.2733159e-253)))
(0.426 ((-3.7071022 0 0)(0 0 -8.4841303e-253)))
(0.427 ((-3.7178164 0 0)(0 0 3.1663205e-252)))
(0.428 ((-3.7285307 0 0)(0 0 -1.1816869e-251)))
(0.429 ((-3.739245 0 0)(0 0 4.4101156e-251)))
(0.43 ((-3.7499593 0 0)(0 0 -1.6458775e-250)))
(0.431 ((-3.7606736 0 0)(0 0 6.1424986e-250)))
(0.432 ((-3.7713879 0 0)(0 0 -2.2924117e-249)))
(0.433 ((-3.7821022 0 0)(0 0 8.5553969e-249)))
(0.434 ((-3.7928164 0 0)(0 0 -3.1929176e-248)))
(0.435 ((-3.8035307 0 0)(0 0 1.1916131e-247)))
(0.436 ((-3.814245 0 0)(0 0 -4.4471605e-247)))
(0.437 ((-3.8249593 0 0)(0 0 1.6597029e-246)))
(0.438 ((-3.8356736 0 0)(0 0 -6.1940956e-246)))
(0.439 ((-3.8463879 0 0)(0 0 2.3116679e-245)))
(0.44 ((-3.8571022 0 0)(0 0 -8.6272622e-245)))
(0.441 ((-3.8678164 0 0)(0 0 3.2197381e-244)))
(0.442 ((-3.8785307 0 0)(0 0 -1.2016226e-243)))
(0.443 ((-3.889245 0 0)(0 0 4.4845166e-243)))
(0.444 ((-3.8999593 0 0)(0 0 -1.6736444e-242)))
(0.445 ((-3.9106736 0 0)(0 0 6.2461259e-242)))
(0.446 ((-3.9213879 0 0)(0 0 -2.3310859e-241)))
(0.447 ((-3.9321022 0 0)(0 0 8.6997311e-241)))
(0.448 ((-3.9428164 0 0)(0 0 -3.2467838e-240)))
(0.449 ((-3.9535307 0 0)(0 0 1.2117162e-239)))
(0.45 ((-3.964245 0 0)(0 0 -4.5221865e-239)))
(0.451 ((-3.9749593 0 0)(0 0 1.687703e-238)))
(0.452 ((-3.9856736 0 0)(0 0 -6.2985933e-238)))
(0.453 ((-3.9963879 0 0)(0 0 2.350667e-237)))
(0.454 ((-4.0071022 0 0)(0 0 -8.7728087e-237)))
(0.455 ((-4.0178164 0 0)(0 0 3.2740568e-236)))
(0.456 ((-4.0285307 0 0)(0 0 -1.2218946e-235)))
(0.457 ((-4.039245 0 0)(0 0 4.5601728e-235)))
(0.458 ((-4.0499593 0 0)(0 0 -1.7018797e-234)))
(0.459 ((-4.0606736 0 0)(0 0 6.3515014e-234)))
(0.46 ((-4.0713879 0 0)(0 0 -2.3704126e-233)))
(0.461 ((-4.0821022 0 0)(0 0 8.8465003e-233)))
(0.462 ((-4.0928164 0 0)(0 0 -3.3015588e-232)))
(0.463 ((-4.1035307 0 0)(0 0 1.2321585e-231)))
(0.464 ((-4.114245 0 0)(0 0 -4.5984783e-231)))
(0.465 ((-4.1249593 0 0)(0 0 1.7161754e-230)))
(0.466 ((-4.1356736 0 0)(0 0 -6.404854e-230)))
(0.467 ((-4.1463879 0 0)(0 0 2.390324e-229)))
(0.468 ((-4.1571022 0 0)(0 0 -8.9208108e-229)))
(0.469 ((-4.1678164 0 0)(0 0 3.3292919e-228)))
(0.47 ((-4.1785307 0 0)(0 0 -1.2425087e-227)))
(0.471 ((-4.189245 0 0)(0 0 4.6371054e-227)))
(0.472 ((-4.1999593 0 0)(0 0 -1.7305913e-226)))
(0.473 ((-4.2106736 0 0)(0 0 6.4586547e-226)))
(0.474 ((-4.2213879 0 0)(0 0 -2.4104027e-225)))
(0.475 ((-4.2321022 0 0)(0 0 8.9957455e-225)))
(0.476 ((-4.2428164 0 0)(0 0 -3.3572579e-224)))
(0.477 ((-4.2535307 0 0)(0 0 1.2529457e-223)))
(0.478 ((-4.264245 0 0)(0 0 -4.6760571e-223)))
(0.479 ((-4.2749593 0 0)(0 0 1.7451283e-222)))
(0.48 ((-4.2856736 0 0)(0 0 -6.5129073e-222)))
(0.481 ((-4.2963879 0 0)(0 0 2.4306501e-221)))
(0.482 ((-4.3071022 0 0)(0 0 -9.0713097e-221)))
(0.483 ((-4.3178164 0 0)(0 0 3.3854589e-220)))
(0.484 ((-4.3285307 0 0)(0 0 -1.2634704e-219)))
(0.485 ((-4.339245 0 0)(0 0 4.7153359e-219)))
(0.486 ((-4.3499593 0 0)(0 0 -1.7597873e-218)))
(0.487 ((-4.3606736 0 0)(0 0 6.5676157e-218)))
(0.488 ((-4.3713879 0 0)(0 0 -2.4510675e-217)))
(0.489 ((-4.3821022 0 0)(0 0 9.1475086e-217)))
(0.49 ((-4.3928164 0 0)(0 0 -3.4138967e-216)))
(0.491 ((-4.4035307 0 0)(0 0 1.2740836e-215)))
(0.492 ((-4.414245 0 0)(0 0 -4.7549447e-215)))
(0.493 ((-4.4249593 0 0)(0 0 1.7745695e-214)))
(0.494 ((-4.4356736 0 0)(0 0 -6.6227836e-214)))
(0.495 ((-4.4463879 0 0)(0 0 2.4716565e-213)))
(0.496 ((-4.4571022 0 0)(0 0 -9.2243476e-213)))
(0.497 ((-4.4678164 0 0)(0 0 3.4425734e-212)))
(0.498 ((-4.4785307 0 0)(0 0 -1.2847859e-211)))
(0.499 ((-4.489245 0 0)(0 0 4.7948862e-211)))
(0.5 ((-4.4999593 0 0)(0 0 -1.7894759e-210)))
(0.501 ((-4.5106736 0 0)(0 0 6.6784149e-210)))
(0.502 ((-4.5213879 0 0)(0 0 -2.4924184e-209)))
(0.503 ((-4.5321022 0 0)(0 0 9.301832e-209)))
(0.504 ((-4.5428164 0 0)(0 0 -3.471491e-208)))
(0.505 ((-4.5535307 0 0)(0 0 1.2955781e-207)))
(0.506 ((-4.564245 0 0)(0 0 -4.8351632e-207)))
(0.507 ((-4.5749593 0 0)(0 0 1.8045075e-206)))
(0.508 ((-4.5856736 0 0)(0 0 -6.7345135e-206)))
(0.509 ((-4.5963879 0 0)(0 0 2.5133547e-205)))
(0.51 ((-4.6071022 0 0)(0 0 -9.3799673e-205)))
(0.511 ((-4.6178164 0 0)(0 0 3.5006514e-204)))
(0.512 ((-4.6285307 0 0)(0 0 -1.3064609e-203)))
(0.513 ((-4.639245 0 0)(0 0 4.8757785e-203)))
(0.514 ((-4.6499593 0 0)(0 0 -1.8196653e-202)))
(0.515 ((-4.6606736 0 0)(0 0 6.7910834e-202)))
(0.516 ((-4.6713879 0 0)(0 0 -2.5344668e-201)))
(0.517 ((-4.6821022 0 0)(0 0 9.4587589e-201)))
(0.518 ((-4.6928164 0 0)(0 0 -3.5300569e-200)))
(0.519 ((-4.7035307 0 0)(0 0 1.3174352e-199)))
(0.52 ((-4.714245 0 0)(0 0 -4.916735e-199)))
(0.521 ((-4.7249593 0 0)(0 0 1.8349505e-198)))
(0.522 ((-4.7356736 0 0)(0 0 -6.8481284e-198)))
(0.523 ((-4.7463879 0 0)(0 0 2.5557563e-197)))
(0.524 ((-4.7571022 0 0)(0 0 -9.5382124e-197)))
(0.525 ((-4.7678164 0 0)(0 0 3.5597093e-196)))
(0.526 ((-4.7785307 0 0)(0 0 -1.3285016e-195)))
(0.527 ((-4.789245 0 0)(0 0 4.9580355e-195)))
(0.528 ((-4.7999593 0 0)(0 0 -1.850364e-194)))
(0.529 ((-4.8106736 0 0)(0 0 6.9056526e-194)))
(0.53 ((-4.8213879 0 0)(0 0 -2.5772246e-193)))
(0.531 ((-4.8321022 0 0)(0 0 9.6183333e-193)))
(0.532 ((-4.8428164 0 0)(0 0 -3.5896108e-192)))
(0.533 ((-4.8535307 0 0)(0 0 1.339661e-191)))
(0.534 ((-4.864245 0 0)(0 0 -4.9996829e-191)))
(0.535 ((-4.8749593 0 0)(0 0 1.8659071e-190)))
(0.536 ((-4.8856736 0 0)(0 0 -6.96366e-190)))
(0.537 ((-4.8963879 0 0)(0 0 2.5988733e-189)))
(0.538 ((-4.9071022 0 0)(0 0 -9.6991272e-189)))
(0.539 ((-4.9178164 0 0)(0 0 3.6197635e-188)))
(0.54 ((-4.9285307 0 0)(0 0 -1.3509141e-187)))
(0.541 ((-4.939245 0 0)(0 0 5.0416802e-187)))
(0.542 ((-4.9499593 0 0)(0 0 -1.8815807e-186)))
(0.543 ((-4.9606736 0 0)(0 0 7.0221547e-186)))
(0.544 ((-4.9713879 0 0)(0 0 -2.6207038e-185)))
(0.545 ((-4.9821022 0 0)(0 0 9.7805998e-185)))
(0.546 ((-4.9928164 0 0)(0 0 -3.6501695e-184)))
(0.547 ((-5.0035307 0 0)(0 0 1.3622618e-183)))
(0.548 ((-5.014245 0 0)(0 0 -5.0840303e-183)))
(0.549 ((-5.0249593 0 0)(0 0 1.8973859e-182)))
(0.55 ((-5.0356736 0 0)(0 0 -7.0811407e-182)))
(0.551 ((-5.0463879 0 0)(0 0 2.6427177e-181)))
(0.552 ((-5.0571022 0 0)(0 0 -9.8627567e-181)))
(0.553 ((-5.0678164 0 0)(0 0 3.6808309e-180)))
(0.554 ((-5.0785307 0 0)(0 0 -1.3737048e-179)))
(0.555 ((-5.089245 0 0)(0 0 5.1267361e-179)))
(0.556 ((-5.0999593 0 0)(0 0 -1.913324e-178)))
(0.557 ((-5.1106736 0 0)(0 0 7.1406222e-178)))
(0.558 ((-5.1213879 0 0)(0 0 -2.6649165e-177)))
(0.559 ((-5.1321022 0 0)(0 0 9.9456038e-177)))
(0.56 ((-5.1428164 0 0)(0 0 -3.7117499e-176)))
(0.561 ((-5.1535307 0 0)(0 0 1.3852439e-175)))
(0.562 ((-5.164245 0 0)(0 0 -5.1698006e-175)))
(0.563 ((-5.1749593 0 0)(0 0 1.9293959e-174)))
(0.564 ((-5.1856736 0 0)(0 0 -7.2006034e-174)))
(0.565 ((-5.1963879 0 0)(0 0 2.6873018e-173)))
(0.566 ((-5.2071022 0 0)(0 0 -1.0029147e-172)))
(0.567 ((-5.2178164 0 0)(0 0 3.7429285e-172)))
(0.568 ((-5.2285307 0 0)(0 0 -1.3968799e-171)))
(0.569 ((-5.239245 0 0)(0 0 5.2132269e-171)))
(0.57 ((-5.2499593 0 0)(0 0 -1.9456028e-170)))
(0.571 ((-5.2606736 0 0)(0 0 7.2610884e-170)))
(0.572 ((-5.2713879 0 0)(0 0 -2.7098751e-169)))
(0.573 ((-5.2821022 0 0)(0 0 1.0113391e-168)))
(0.574 ((-5.2928164 0 0)(0 0 -3.7743691e-168)))
(0.575 ((-5.3035307 0 0)(0 0 1.4086137e-167)))
(0.576 ((-5.314245 0 0)(0 0 -5.257018e-167)))
(0.577 ((-5.3249593 0 0)(0 0 1.9619458e-166)))
(0.578 ((-5.3356736 0 0)(0 0 -7.3220815e-166)))
(0.579 ((-5.3463879 0 0)(0 0 2.732638e-165)))
(0.58 ((-5.3571022 0 0)(0 0 -1.0198344e-164)))
(0.581 ((-5.3678164 0 0)(0 0 3.8060737e-164)))
(0.582 ((-5.3785307 0 0)(0 0 -1.4204461e-163)))
(0.583 ((-5.389245 0 0)(0 0 5.3011769e-163)))
(0.584 ((-5.3999593 0 0)(0 0 -1.9784261e-162)))
(0.585 ((-5.4106736 0 0)(0 0 7.3835869e-162)))
(0.586 ((-5.4213879 0 0)(0 0 -2.7555921e-161)))
(0.587 ((-5.4321022 0 0)(0 0 1.028401e-160)))
(0.588 ((-5.4428164 0 0)(0 0 -3.8380447e-160)))
(0.589 ((-5.4535307 0 0)(0 0 1.4323778e-159)))
(0.59 ((-5.464245 0 0)(0 0 -5.3457067e-159)))
(0.591 ((-5.4749593 0 0)(0 0 1.9950449e-158)))
(0.592 ((-5.4856736 0 0)(0 0 -7.4456089e-158)))
(0.593 ((-5.4963879 0 0)(0 0 2.7787391e-157)))
(0.594 ((-5.5071022 0 0)(0 0 -1.0370395e-156)))
(0.595 ((-5.5178164 0 0)(0 0 3.8702843e-156)))
(0.596 ((-5.5285307 0 0)(0 0 -1.4444097e-155)))
(0.597 ((-5.539245 0 0)(0 0 5.3906106e-155)))
(0.598 ((-5.5499593 0 0)(0 0 -2.0118033e-154)))
(0.599 ((-5.5606736 0 0)(0 0 7.508152e-154)))
(0.6 ((-5.5713879 0 0)(0 0 -2.8020805e-153)))
(0.601 ((-5.5821022 0 0)(0 0 1.0457507e-152)))
(0.602 ((-5.5928164 0 0)(0 0 -3.9027946e-152)))
(0.603 ((-5.6035307 0 0)(0 0 1.4565428e-151)))
(0.604 ((-5.614245 0 0)(0 0 -5.4358916e-151)))
(0.605 ((-5.6249593 0 0)(0 0 2.0287024e-150)))
(0.606 ((-5.6356736 0 0)(0 0 -7.5712204e-150)))
(0.607 ((-5.6463879 0 0)(0 0 2.8256179e-149)))
(0.608 ((-5.6571022 0 0)(0 0 -1.054535e-148)))
(0.609 ((-5.6678164 0 0)(0 0 3.935578e-148)))
(0.61 ((-5.6785307 0 0)(0 0 -1.4687777e-147)))
(0.611 ((-5.689245 0 0)(0 0 5.4815531e-147)))
(0.612 ((-5.6999593 0 0)(0 0 -2.0457435e-146)))
(0.613 ((-5.7106736 0 0)(0 0 7.6348185e-146)))
(0.614 ((-5.7213879 0 0)(0 0 -2.8493531e-145)))
(0.615 ((-5.7321022 0 0)(0 0 1.063393e-144)))
(0.616 ((-5.7428164 0 0)(0 0 -3.9686369e-144)))
(0.617 ((-5.7535307 0 0)(0 0 1.4811154e-143)))
(0.618 ((-5.764245 0 0)(0 0 -5.5275981e-143)))
(0.619 ((-5.7749593 0 0)(0 0 2.0629277e-142)))
(0.62 ((-5.7856736 0 0)(0 0 -7.6989509e-142)))
(0.621 ((-5.7963879 0 0)(0 0 2.8732876e-141)))
(0.622 ((-5.8071022 0 0)(0 0 -1.0723255e-140)))
(0.623 ((-5.8178164 0 0)(0 0 4.0019734e-140)))
(0.624 ((-5.8285307 0 0)(0 0 -1.4935568e-139)))
(0.625 ((-5.839245 0 0)(0 0 5.5740298e-139)))
(0.626 ((-5.8499593 0 0)(0 0 -2.0802563e-138)))
(0.627 ((-5.8606736 0 0)(0 0 7.7636221e-138)))
(0.628 ((-5.8713879 0 0)(0 0 -2.8974232e-137)))
(0.629 ((-5.8821022 0 0)(0 0 1.0813331e-136)))
(0.63 ((-5.8928164 0 0)(0 0 -4.0355899e-136)))
(0.631 ((-5.9035307 0 0)(0 0 1.5061027e-135)))
(0.632 ((-5.914245 0 0)(0 0 -5.6208516e-135)))
(0.633 ((-5.9249593 0 0)(0 0 2.0977304e-134)))
(0.634 ((-5.9356736 0 0)(0 0 -7.8288364e-134)))
(0.635 ((-5.9463879 0 0)(0 0 2.9217615e-133)))
(0.636 ((-5.9571022 0 0)(0 0 -1.0904162e-132)))
(0.637 ((-5.9678164 0 0)(0 0 4.0694888e-132)))
(0.638 ((-5.9785307 0 0)(0 0 -1.5187539e-131)))
(0.639 ((-5.989245 0 0)(0 0 5.6680667e-131)))
(0.64 ((-5.9999593 0 0)(0 0 -2.1153513e-130)))
(0.641 ((-6.0106736 0 0)(0 0 7.8945985e-130)))
(0.642 ((-6.0213879 0 0)(0 0 -2.9463043e-129)))
(0.643 ((-6.0321022 0 0)(0 0 1.0995757e-128)))
(0.644 ((-6.0428164 0 0)(0 0 -4.1036725e-128)))
(0.645 ((-6.0535307 0 0)(0 0 1.5315114e-127)))
(0.646 ((-6.064245 0 0)(0 0 -5.7156784e-127)))
(0.647 ((-6.0749593 0 0)(0 0 2.1331202e-126)))
(0.648 ((-6.0856736 0 0)(0 0 -7.9609131e-126)))
(0.649 ((-6.0963879 0 0)(0 0 2.9710532e-125)))
(0.65 ((-6.1071022 0 0)(0 0 -1.1088122e-124)))
(0.651 ((-6.1178164 0 0)(0 0 4.1381433e-124)))
(0.652 ((-6.1285307 0 0)(0 0 -1.5443761e-123)))
(0.653 ((-6.139245 0 0)(0 0 5.7636901e-123)))
(0.654 ((-6.1499593 0 0)(0 0 -2.1510384e-122)))
(0.655 ((-6.1606736 0 0)(0 0 8.0277847e-122)))
(0.656 ((-6.1713879 0 0)(0 0 -2.99601e-121)))
(0.657 ((-6.1821022 0 0)(0 0 1.1181262e-120)))
(0.658 ((-6.1928164 0 0)(0 0 -4.1729037e-120)))
(0.659 ((-6.2035307 0 0)(0 0 1.5573488e-119)))
(0.66 ((-6.214245 0 0)(0 0 -5.812105e-119)))
(0.661 ((-6.2249593 0 0)(0 0 2.1691071e-118)))
(0.662 ((-6.2356736 0 0)(0 0 -8.095218e-118)))
(0.663 ((-6.2463879 0 0)(0 0 3.0211765e-117)))
(0.664 ((-6.2571022 0 0)(0 0 -1.1275184e-116)))
(0.665 ((-6.2678164 0 0)(0 0 4.207956e-116)))
(0.666 ((-6.2785307 0 0)(0 0 -1.5704306e-115)))
(0.667 ((-6.289245 0 0)(0 0 5.8609266e-115)))
(0.668 ((-6.2999593 0 0)(0 0 -2.1873276e-114)))
(0.669 ((-6.3106736 0 0)(0 0 8.1632177e-114)))
(0.67 ((-6.3213879 0 0)(0 0 -3.0465543e-113)))
(0.671 ((-6.3321022 0 0)(0 0 1.1369896e-112)))
(0.672 ((-6.3428164 0 0)(0 0 -4.2433028e-112)))
(0.673 ((-6.3535307 0 0)(0 0 1.5836222e-111)))
(0.674 ((-6.364245 0 0)(0 0 -5.9101584e-111)))
(0.675 ((-6.3749593 0 0)(0 0 2.2057011e-110)))
(0.676 ((-6.3856736 0 0)(0 0 -8.2317887e-110)))
(0.677 ((-6.3963879 0 0)(0 0 3.0721454e-109)))
(0.678 ((-6.4071022 0 0)(0 0 -1.1465403e-108)))
(0.679 ((-6.4178164 0 0)(0 0 4.2789465e-108)))
(0.68 ((-6.4285307 0 0)(0 0 -1.5969246e-107)))
(0.681 ((-6.439245 0 0)(0 0 5.9598036e-107)))
(0.682 ((-6.4499593 0 0)(0 0 -2.224229e-106)))
(0.683 ((-6.4606736 0 0)(0 0 8.3009356e-106)))
(0.684 ((-6.4713879 0 0)(0 0 -3.0979514e-105)))
(0.685 ((-6.4821022 0 0)(0 0 1.1561712e-104)))
(0.686 ((-6.4928164 0 0)(0 0 -4.3148896e-104)))
(0.687 ((-6.5035307 0 0)(0 0 1.6103387e-103)))
(0.688 ((-6.514245 0 0)(0 0 -6.0098659e-103)))
(0.689 ((-6.5249593 0 0)(0 0 2.2429125e-102)))
(0.69 ((-6.5356736 0 0)(0 0 -8.3706634e-102)))
(0.691 ((-6.5463879 0 0)(0 0 3.1239741e-101)))
(0.692 ((-6.5571022 0 0)(0 0 -1.165883e-100)))
(0.693 ((-6.5678164 0 0)(0 0 4.3511346e-100)))
(0.694 ((-6.5785307 0 0)(0 0 -1.6238656e-99)))
(0.695 ((-6.589245 0 0)(0 0 6.0603488e-99)))
(0.696 ((-6.5999593 0 0)(0 0 -2.2617529e-98)))
(0.697 ((-6.6106736 0 0)(0 0 8.4409769e-98)))
(0.698 ((-6.6213879 0 0)(0 0 -3.1502155e-97)))
(0.699 ((-6.6321022 0 0)(0 0 1.1756764e-96)))
(0.7 ((-6.6428164 0 0)(0 0 -4.3876841e-96)))
(0.701 ((-6.6535307 0 0)(0 0 1.637506e-95)))
(0.702 ((-6.664245 0 0)(0 0 -6.1112556e-95)))
(0.703 ((-6.6749593 0 0)(0 0 2.2807516e-94)))
(0.704 ((-6.6856736 0 0)(0 0 -8.511881e-94)))
(0.705 ((-6.6963879 0 0)(0 0 3.1766772e-93)))
(0.706 ((-6.7071022 0 0)(0 0 -1.1855521e-92)))
(0.707 ((-6.7178164 0 0)(0 0 4.4245406e-92)))
(0.708 ((-6.7285307 0 0)(0 0 -1.651261e-91)))
(0.709 ((-6.739245 0 0)(0 0 6.1625901e-91)))
(0.71 ((-6.7499593 0 0)(0 0 -2.2999099e-90)))
(0.711 ((-6.7606736 0 0)(0 0 8.5833807e-90)))
(0.712 ((-6.7713879 0 0)(0 0 -3.2033613e-89)))
(0.713 ((-6.7821022 0 0)(0 0 1.1955107e-88)))
(0.714 ((-6.7928164 0 0)(0 0 -4.4617067e-88)))
(0.715 ((-6.8035307 0 0)(0 0 1.6651316e-87)))
(0.716 ((-6.814245 0 0)(0 0 -6.2143558e-87)))
(0.717 ((-6.8249593 0 0)(0 0 2.3192292e-86)))
(0.718 ((-6.8356736 0 0)(0 0 -8.6554811e-86)))
(0.719 ((-6.8463879 0 0)(0 0 3.2302695e-85)))
(0.72 ((-6.8571022 0 0)(0 0 -1.205553e-84)))
(0.721 ((-6.8678164 0 0)(0 0 4.499185e-84)))
(0.722 ((-6.8785307 0 0)(0 0 -1.6791187e-83)))
(0.723 ((-6.889245 0 0)(0 0 6.2665563e-83)))
(0.724 ((-6.8999593 0 0)(0 0 -2.3387107e-82)))
(0.725 ((-6.9106736 0 0)(0 0 8.728187e-82)))
(0.726 ((-6.9213879 0 0)(0 0 -3.2574037e-81)))
(0.727 ((-6.9321022 0 0)(0 0 1.2156796e-80)))
(0.728 ((-6.9428164 0 0)(0 0 -4.5369781e-80)))
(0.729 ((-6.9535307 0 0)(0 0 1.6932233e-79)))
(0.73 ((-6.964245 0 0)(0 0 -6.3191953e-79)))
(0.731 ((-6.9749593 0 0)(0 0 2.3583558e-78)))
(0.732 ((-6.9856736 0 0)(0 0 -8.8015037e-78)))
(0.733 ((-6.9963879 0 0)(0 0 3.2847659e-77)))
(0.734 ((-7.0071022 0 0)(0 0 -1.2258913e-76)))
(0.735 ((-7.0178164 0 0)(0 0 4.5750887e-76)))
(0.736 ((-7.0285307 0 0)(0 0 -1.7074463e-75)))
(0.737 ((-7.039245 0 0)(0 0 6.3722765e-75)))
(0.738 ((-7.0499593 0 0)(0 0 -2.378166e-74)))
(0.739 ((-7.0606736 0 0)(0 0 8.8754362e-74)))
(0.74 ((-7.0713879 0 0)(0 0 -3.3123579e-73)))
(0.741 ((-7.0821022 0 0)(0 0 1.2361888e-72)))
(0.742 ((-7.0928164 0 0)(0 0 -4.6135194e-72)))
(0.743 ((-7.1035307 0 0)(0 0 1.7217889e-71)))
(0.744 ((-7.114245 0 0)(0 0 -6.4258036e-71)))
(0.745 ((-7.1249593 0 0)(0 0 2.3981425e-70)))
(0.746 ((-7.1356736 0 0)(0 0 -8.9499898e-70)))
(0.747 ((-7.1463879 0 0)(0 0 3.3401817e-69)))
(0.748 ((-7.1571022 0 0)(0 0 -1.2465728e-68)))
(0.749 ((-7.1678164 0 0)(0 0 4.6522729e-68)))
(0.75 ((-7.1785307 0 0)(0 0 -1.7362519e-67)))
(0.751 ((-7.189245 0 0)(0 0 6.4797803e-67)))
(0.752 ((-7.1999593 0 0)(0 0 -2.4182869e-66)))
(0.753 ((-7.2106736 0 0)(0 0 9.0251696e-66)))
(0.754 ((-7.2213879 0 0)(0 0 -3.3682392e-65)))
(0.755 ((-7.2321022 0 0)(0 0 1.257044e-64)))
(0.756 ((-7.2428164 0 0)(0 0 -4.691352e-64)))
(0.757 ((-7.2535307 0 0)(0 0 1.7508364e-63)))
(0.758 ((-7.264245 0 0)(0 0 -6.5342104e-63)))
(0.759 ((-7.2749593 0 0)(0 0 2.4386005e-62)))
(0.76 ((-7.2856736 0 0)(0 0 -9.100981e-62)))
(0.761 ((-7.2963879 0 0)(0 0 3.3965323e-61)))
(0.762 ((-7.3071022 0 0)(0 0 -1.2676031e-60)))
(0.763 ((-7.3178164 0 0)(0 0 4.7307593e-60)))
(0.764 ((-7.3285307 0 0)(0 0 -1.7655434e-59)))
(0.765 ((-7.339245 0 0)(0 0 6.5890977e-59)))
(0.766 ((-7.3499593 0 0)(0 0 -2.4590847e-58)))
(0.767 ((-7.3606736 0 0)(0 0 9.1774291e-58)))
(0.768 ((-7.3713879 0 0)(0 0 -3.4250632e-57)))
(0.769 ((-7.3821022 0 0)(0 0 1.278251e-56)))
(0.77 ((-7.3928164 0 0)(0 0 -4.7704976e-56)))
(0.771 ((-7.4035307 0 0)(0 0 1.7803739e-55)))
(0.772 ((-7.414245 0 0)(0 0 -6.644446e-55)))
(0.773 ((-7.4249593 0 0)(0 0 2.479741e-54)))
(0.774 ((-7.4356736 0 0)(0 0 -9.2545194e-54)))
(0.775 ((-7.4463879 0 0)(0 0 3.4538337e-53)))
(0.776 ((-7.4571022 0 0)(0 0 -1.2889883e-52)))
(0.777 ((-7.4678164 0 0)(0 0 4.8105697e-52)))
(0.778 ((-7.4785307 0 0)(0 0 -1.7953291e-51)))
(0.779 ((-7.489245 0 0)(0 0 6.7002593e-51)))
(0.78 ((-7.4999593 0 0)(0 0 -2.5005708e-50)))
(0.781 ((-7.5106736 0 0)(0 0 9.3322573e-50)))
(0.782 ((-7.5213879 0 0)(0 0 -3.4828458e-49)))
(0.783 ((-7.5321022 0 0)(0 0 1.2998158e-48)))
(0.784 ((-7.5428164 0 0)(0 0 -4.8509785e-48)))
(0.785 ((-7.5535307 0 0)(0 0 1.8104098e-47)))
(0.786 ((-7.564245 0 0)(0 0 -6.7565414e-47)))
(0.787 ((-7.5749593 0 0)(0 0 2.5215756e-46)))
(0.788 ((-7.5856736 0 0)(0 0 -9.4106482e-46)))
(0.789 ((-7.5963879 0 0)(0 0 3.5121017e-45)))
(0.79 ((-7.6071022 0 0)(0 0 -1.3107342e-44)))
(0.791 ((-7.6178164 0 0)(0 0 4.8917266e-44)))
(0.792 ((-7.6285307 0 0)(0 0 -1.8256172e-43)))
(0.793 ((-7.639245 0 0)(0 0 6.8132963e-43)))
(0.794 ((-7.6499593 0 0)(0 0 -2.5427568e-42)))
(0.795 ((-7.6606736 0 0)(0 0 9.4896975e-42)))
(0.796 ((-7.6713879 0 0)(0 0 -3.5416033e-41)))
(0.797 ((-7.6821022 0 0)(0 0 1.3217444e-40)))
(0.798 ((-7.6928164 0 0)(0 0 -4.9328171e-40)))
(0.799 ((-7.7035307 0 0)(0 0 1.8409524e-39)))
(0.8 ((-7.714245 0 0)(0 0 -6.8705279e-39)))
(0.801 ((-7.7249593 0 0)(0 0 2.5641159e-38)))
(0.802 ((-7.7356736 0 0)(0 0 -9.5694109e-38)))
(0.803 ((-7.7463878 0 0)(0 0 3.5713528e-37)))
(0.804 ((-7.7571021 0 0)(0 0 -1.332847e-36)))
(0.805 ((-7.7678164 0 0)(0 0 4.9742527e-36)))
(0.806 ((-7.7785307 0 0)(0 0 -1.8564164e-35)))
(0.807 ((-7.789245 0 0)(0 0 6.9282403e-35)))
(0.808 ((-7.7999592 0 0)(0 0 -2.5856545e-34)))
(0.809 ((-7.8106735 0 0)(0 0 9.6497939e-34)))
(0.81 ((-7.8213878 0 0)(0 0 -3.6013521e-33)))
(0.811 ((-7.832102 0 0)(0 0 1.3440429e-32)))
(0.812 ((-7.8428163 0 0)(0 0 -5.0160364e-32)))
(0.813 ((-7.8535305 0 0)(0 0 1.8720103e-31)))
(0.814 ((-7.8642448 0 0)(0 0 -6.9864374e-31)))
(0.815 ((-7.874959 0 0)(0 0 2.6073739e-30)))
(0.816 ((-7.8856733 0 0)(0 0 -9.730852e-30)))
(0.817 ((-7.8963875 0 0)(0 0 3.6316034e-29)))
(0.818 ((-7.9071017 0 0)(0 0 -1.3553328e-28)))
(0.819 ((-7.9178158 0 0)(0 0 5.058171e-28)))
(0.82 ((-7.92853 0 0)(0 0 -1.8877351e-27)))
(0.821 ((-7.9392441 0 0)(0 0 7.0451234e-27)))
(0.822 ((-7.9499582 0 0)(0 0 -2.6292759e-26)))
(0.823 ((-7.9606722 0 0)(0 0 9.8125911e-26)))
(0.824 ((-7.9713862 0 0)(0 0 -3.6621089e-25)))
(0.825 ((-7.9821001 0 0)(0 0 1.3667176e-24)))
(0.826 ((-7.992814 0 0)(0 0 -5.1006596e-24)))
(0.827 ((-8.0035277 0 0)(0 0 1.9035921e-23)))
(0.828 ((-8.0142413 0 0)(0 0 -7.1043024e-23)))
(0.829 ((-8.0249548 0 0)(0 0 2.6513617e-22)))
(0.83 ((-8.0356681 0 0)(0 0 -9.8950168e-22)))
(0.831 ((-8.0463811 0 0)(0 0 3.6928705e-21)))
(0.832 ((-8.0570939 0 0)(0 0 -1.378198e-20)))
(0.833 ((-8.0678064 0 0)(0 0 5.1435051e-20)))
(0.834 ((-8.0785184 0 0)(0 0 -1.9195822e-19)))
(0.835 ((-8.08923 0 0)(0 0 7.1639785e-19)))
(0.836 ((-8.099941 0 0)(0 0 -2.6736332e-18)))
(0.837 ((-8.1106512 0 0)(0 0 9.9781348e-18)))
(0.838 ((-8.1213606 0 0)(0 0 -3.7238906e-17)))
(0.839 ((-8.1320688 0 0)(0 0 1.3897749e-16)))
(0.84 ((-8.1427757 0 0)(0 0 -5.1867105e-16)))
(0.841 ((-8.1534811 0 0)(0 0 1.9357067e-15)))
(0.842 ((-8.1641844 0 0)(0 0 -7.2241558e-15)))
(0.843 ((-8.1748854 0 0)(0 0 2.6960917e-14)))
(0.844 ((-8.1855835 0 0)(0 0 -1.0061951e-13)))
(0.845 ((-8.1962781 0 0)(0 0 3.7551712e-13)))
(0.846 ((-8.2069684 0 0)(0 0 -1.401449e-12)))
(0.847 ((-8.2176536 0 0)(0 0 5.2302788e-12)))
(0.848 ((-8.2283327 0 0)(0 0 -1.9519666e-11)))
(0.849 ((-8.2390042 0 0)(0 0 7.2848387e-11)))
(0.85 ((-8.2496669 0 0)(0 0 -2.7187388e-10)))
(0.851 ((-8.2603188 0 0)(0 0 1.0146471e-09)))
(0.852 ((-8.2709581 0 0)(0 0 -3.7867146e-09)))
(0.853 ((-8.2815824 0 0)(0 0 1.4132211e-08)))
(0.854 ((-8.2921889 0 0)(0 0 -5.2742131e-08)))
(0.855 ((-8.3027748 0 0)(0 0 1.9683631e-07)))
(0.856 ((-8.3133367 0 0)(0 0 -7.3460312e-07)))
(0.857 ((-8.3238708 0 0)(0 0 2.7415762e-06)))
(0.858 ((-8.3343732 0 0)(0 0 -1.0231702e-05)))
(0.859 ((-8.3448399 0 0)(0 0 3.818523e-05)))
(0.86 ((-8.3552663 0 0)(0 0 -0.0003315698)))
(0.861 ((-8.3656481 0 0)(0 0 -0.0012110921)))
(0.862 ((-8.3759808 0 0)(0 0 -0.0022187661)))
(0.863 ((-8.38626 0 0)(0 0 -0.0034634345)))
(0.864 ((-8.3964817 0 0)(0 0 -0.0049741107)))
(0.865 ((-8.4066417 0 0)(0 0 -0.0068131832)))
(0.866 ((-8.4167365 0 0)(0 0 -0.0090483226)))
(0.867 ((-8.4267627 0 0)(0 0 -0.011762565)))
(0.868 ((-8.4367173 0 0)(0 0 -0.015054478)))
(0.869 ((-8.4465977 0 0)(0 0 -0.019041264)))
(0.87 ((-8.4564014 0 0)(0 0 -0.023861292)))
(0.871 ((-8.4661266 0 0)(0 0 -0.029676893)))
(0.872 ((-8.4757714 0 0)(0 0 -0.036676999)))
(0.873 ((-8.4853343 0 0)(0 0 -0.045079518)))
(0.874 ((-8.4948142 0 0)(0 0 -0.055133154)))
(0.875 ((-8.5042099 0 0)(0 0 -0.067118387)))
(0.876 ((-8.5135205 0 0)(0 0 -0.081347302)))
(0.877 ((-8.5227454 0 0)(0 0 -0.098161994)))
(0.878 ((-8.5318839 0 0)(0 0 -0.11793137)))
(0.879 ((-8.5409354 0 0)(0 0 -0.1410463)))
(0.88 ((-8.5498997 0 0)(0 0 -0.16791325)))
(0.881 ((-8.5587763 0 0)(0 0 -0.19894682)))
(0.882 ((-8.5675649 0 0)(0 0 -0.2345616)))
(0.883 ((-8.5762653 0 0)(0 0 -0.27516404)))
(0.884 ((-8.5848773 0 0)(0 0 -0.32114501)))
(0.885 ((-8.5934008 0 0)(0 0 -0.3728734)))
(0.886 ((-8.6018356 0 0)(0 0 -0.43069128)))
(0.887 ((-8.6101816 0 0)(0 0 -0.49491071)))
(0.888 ((-8.6184387 0 0)(0 0 -0.56581214)))
(0.889 ((-8.6266068 0 0)(0 0 -0.64364422)))
(0.89 ((-8.634686 0 0)(0 0 -0.72862481)))
(0.891 ((-8.642676 0 0)(0 0 -0.82094278)))
(0.892 ((-8.650577 0 0)(0 0 -0.92076036)))
(0.893 ((-8.6583888 0 0)(0 0 -1.0282158)))
(0.894 ((-8.6661115 0 0)(0 0 -1.1434263)))
(0.895 ((-8.673745 0 0)(0 0 -1.2664902)))
(0.896 ((-8.6812892 0 0)(0 0 -1.39749)))
(0.897 ((-8.6887443 0 0)(0 0 -1.5364946)))
(0.898 ((-8.6961101 0 0)(0 0 -1.683561)))
(0.899 ((-8.7033867 0 0)(0 0 -1.8387365)))
(0.9 ((-8.710574 0 0)(0 0 -2.0020602)))
(0.901 ((-8.7176721 0 0)(0 0 -2.173564)))
(0.902 ((-8.7246809 0 0)(0 0 -2.3532743)))
(0.903 ((-8.7316005 0 0)(0 0 -2.5412123)))
(0.904 ((-8.7384308 0 0)(0 0 -2.7373953)))
(0.905 ((-8.7451718 0 0)(0 0 -2.9418372)))
(0.906 ((-8.7518235 0 0)(0 0 -3.1545488)))
(0.907 ((-8.758386 0 0)(0 0 -3.3755386)))
(0.908 ((-8.7648592 0 0)(0 0 -3.6048128)))
(0.909 ((-8.7712431 0 0)(0 0 -3.8423757)))
(0.91 ((-8.7775377 0 0)(0 0 -4.0882297)))
(0.911 ((-8.783743 0 0)(0 0 -4.3423757)))
(0.912 ((-8.7898591 0 0)(0 0 -4.6048128)))
(0.913 ((-8.7958858 0 0)(0 0 -4.8755386)))
(0.914 ((-8.8018233 0 0)(0 0 -5.1545488)))
(0.915 ((-8.8076715 0 0)(0 0 -5.4418372)))
(0.916 ((-8.8134305 0 0)(0 0 -5.7373953)))
(0.917 ((-8.8191001 0 0)(0 0 -6.0412123)))
(0.918 ((-8.8246805 0 0)(0 0 -6.3532743)))
(0.919 ((-8.8301715 0 0)(0 0 -6.673564)))
(0.92 ((-8.8355733 0 0)(0 0 -7.0020602)))
(0.921 ((-8.8408858 0 0)(0 0 -7.3387365)))
(0.922 ((-8.846109 0 0)(0 0 -7.683561)))
(0.923 ((-8.851243 0 0)(0 0 -8.0364946)))
(0.924 ((-8.8562876 0 0)(0 0 -8.39749)))
(0.925 ((-8.861243 0 0)(0 0 -8.7664902)))
(0.926 ((-8.8661091 0 0)(0 0 -9.1434263)))
(0.927 ((-8.8708858 0 0)(0 0 -9.5282158)))
(0.928 ((-8.8755734 0 0)(0 0 -9.9207604)))
(0.929 ((-8.8801716 0 0)(0 0 -10.320943)))
(0.93 ((-8.8846805 0 0)(0 0 -10.728625)))
(0.931 ((-8.8891002 0 0)(0 0 -11.143644)))
(0.932 ((-8.8934306 0 0)(0 0 -11.565812)))
(0.933 ((-8.8976717 0 0)(0 0 -11.994911)))
(0.934 ((-8.9018235 0 0)(0 0 -12.430691)))
(0.935 ((-8.9058861 0 0)(0 0 -12.872873)))
(0.936 ((-8.9098593 0 0)(0 0 -13.321145)))
(0.937 ((-8.9137433 0 0)(0 0 -13.775164)))
(0.938 ((-8.9175381 0 0)(0 0 -14.234562)))
(0.939 ((-8.9212435 0 0)(0 0 -14.698947)))
(0.94 ((-8.9248598 0 0)(0 0 -15.167913)))
(0.941 ((-8.9283867 0 0)(0 0 -15.641046)))
(0.942 ((-8.9318244 0 0)(0 0 -16.117931)))
(0.943 ((-8.9351729 0 0)(0 0 -16.598162)))
(0.944 ((-8.9384321 0 0)(0 0 -17.081347)))
(0.945 ((-8.9416021 0 0)(0 0 -17.567118)))
(0.946 ((-8.9446829 0 0)(0 0 -18.055133)))
(0.947 ((-8.9476745 0 0)(0 0 -18.54508)))
(0.948 ((-8.950577 0 0)(0 0 -19.036677)))
(0.949 ((-8.9533903 0 0)(0 0 -19.529677)))
(0.95 ((-8.9561145 0 0)(0 0 -20.023861)))
(0.951 ((-8.9587497 0 0)(0 0 -20.519041)))
(0.952 ((-8.9612958 0 0)(0 0 -21.015054)))
(0.953 ((-8.963753 0 0)(0 0 -21.511763)))
(0.954 ((-8.9661213 0 0)(0 0 -22.009048)))
(0.955 ((-8.9684008 0 0)(0 0 -22.506813)))
(0.956 ((-8.9705916 0 0)(0 0 -23.004974)))
(0.957 ((-8.9726939 0 0)(0 0 -23.503463)))
(0.958 ((-8.9747078 0 0)(0 0 -24.002221)))
(0.959 ((-8.9766334 0 0)(0 0 -24.501202)))
(0.96 ((-8.9784711 0 0)(0 0 -25.000366)))
(0.961 ((-8.9802212 0 0)(0 0 -25.49968)))
(0.962 ((-8.9818839 0 0)(0 0 -25.999117)))
(0.963 ((-8.9834597 0 0)(0 0 -26.498656)))
(0.964 ((-8.9849491 0 0)(0 0 -26.998278)))
(0.965 ((-8.9863527 0 0)(0 0 -27.497969)))
(0.966 ((-8.9876713 0 0)(0 0 -27.997715)))
(0.967 ((-8.9889057 0 0)(0 0 -28.497507)))
(0.968 ((-8.9900571 0 0)(0 0 -28.997337)))
(0.969 ((-8.9911266 0 0)(0 0 -29.497197)))
(0.97 ((-8.9921157 0 0)(0 0 -29.997083)))
(0.971 ((-8.9930263 0 0)(0 0 -30.49699)))
(0.972 ((-8.9938602 0 0)(0 0 -30.996913)))
(0.973 ((-8.9946199 0 0)(0 0 -31.496851)))
(0.974 ((-8.9953079 0 0)(0 0 -31.996799)))
(0.975 ((-8.9959274 0 0)(0 0 -32.496757)))
(0.976 ((-8.9964817 0 0)(0 0 -32.996723)))
(0.977 ((-8.9969743 0 0)(0 0 -33.496695)))
(0.978 ((-8.9974093 0 0)(0 0 -33.996671)))
(0.979 ((-8.9977909 0 0)(0 0 -34.496653)))
(0.98 ((-8.9981234 0 0)(0 0 -34.996637)))
(0.981 ((-8.9984113 0 0)(0 0 -35.496624)))
(0.982 ((-8.998659 0 0)(0 0 -35.996614)))
(0.983 ((-8.9988708 0 0)(0 0 -36.496606)))
(0.984 ((-8.9990509 0 0)(0 0 -36.996599)))
(0.985 ((-8.9992034 0 0)(0 0 -37.496593)))
(0.986 ((-8.9993318 0 0)(0 0 -37.996588)))
(0.987 ((-8.9994395 0 0)(0 0 -38.496584)))
(0.988 ((-8.9995296 0 0)(0 0 -38.996581)))
(0.989 ((-8.9996046 0 0)(0 0 -39.496579)))
(0.99 ((-8.9996669 0 0)(0 0 -39.996577)))
(0.991 ((-8.9997185 0 0)(0 0 -40.496575)))
(0.992 ((-8.9997612 0 0)(0 0 -40.996573)))
(0.993 ((-8.9997965 0 0)(0 0 -41.496572)))
(0.994 ((-8.9998256 0 0)(0 0 -41.996571)))
(0.995 ((-8.9998495 0 0)(0 0 -42.49657)))
(0.996 ((-8.9998692 0 0)(0 0 -42.99657)))
(0.997 ((-8.9998854 0 0)(0 0 -43.496569)))
(0.998 ((-8.9998988 0 0)(0 0 -43.996568)))
(0.999 ((-8.9999094 0 0)(0 0 -44.496568)))
(1 ((-8.9999195 0 0)(0 0 -44.996567)))
(1.001 ((-8.9999186 0 0)(0 0 -45.496567)))
(1.002 ((-8.9999066 0 0)(0 0 -45.996566)))
(1.003 ((-8.9998936 0 0)(0 0 -46.496566)))
(1.004 ((-8.9998773 0 0)(0 0 -46.996565)))
(1.005 ((-8.9998576 0 0)(0 0 -47.496564)))
(1.006 ((-8.9998337 0 0)(0 0 -47.996563)))
(1.007 ((-8.9998046 0 0)(0 0 -48.496562)))
(1.008 ((-8.9997693 0 0)(0 0 -48.996561)))
(1.009 ((-8.9997266 0 0)(0 0 -49.49656)))
(1.01 ((-8.999675 0 0)(0 0 -49.996558)))
(1.011 ((-8.9996127 0 0)(0 0 -50.496556)))
(1.012 ((-8.9995377 0 0)(0 0 -50.996553)))
(1.013 ((-8.9994476 0 0)(0 0 -51.49655)))
(1.014 ((-8.9993399 0 0)(0 0 -51.996546)))
(1.015 ((-8.9992115 0 0)(0 0 -52.496542)))
(1.016 ((-8.999059 0 0)(0 0 -52.996536)))
(1.017 ((-8.9988789 0 0)(0 0 -53.496529)))
(1.018 ((-8.9986671 0 0)(0 0 -53.99652)))
(1.019 ((-8.9984194 0 0)(0 0 -54.49651)))
(1.02 ((-8.9981315 0 0)(0 0 -54.996497)))
(1.021 ((-8.997799 0 0)(0 0 -55.496482)))
(1.022 ((-8.9974174 0 0)(0 0 -55.996463)))
(1.023 ((-8.9969824 0 0)(0 0 -56.49644)))
(1.024 ((-8.9964898 0 0)(0 0 -56.996412)))
(1.025 ((-8.9959355 0 0)(0 0 -57.496377)))
(1.026 ((-8.995316 0 0)(0 0 -57.996335)))
(1.027 ((-8.994628 0 0)(0 0 -58.496284)))
(1.028 ((-8.9938683 0 0)(0 0 -58.996221)))
(1.029 ((-8.9930344 0 0)(0 0 -59.496145)))
(1.03 ((-8.9921238 0 0)(0 0 -59.996051)))
(1.031 ((-8.9911347 0 0)(0 0 -60.495937)))
(1.032 ((-8.9900652 0 0)(0 0 -60.995798)))
(1.033 ((-8.9889138 0 0)(0 0 -61.495627)))
(1.034 ((-8.9876794 0 0)(0 0 -61.99542)))
(1.035 ((-8.9863608 0 0)(0 0 -62.495166)))
(1.036 ((-8.9849572 0 0)(0 0 -62.994856)))
(1.037 ((-8.9834678 0 0)(0 0 -63.494478)))
(1.038 ((-8.981892 0 0)(0 0 -63.994017)))
(1.039 ((-8.9802293 0 0)(0 0 -64.493455)))
(1.04 ((-8.9784792 0 0)(0 0 -64.992769)))
(1.041 ((-8.9766415 0 0)(0 0 -65.491933)))
(1.042 ((-8.9747159 0 0)(0 0 -65.990913)))
(1.043 ((-8.972702 0 0)(0 0 -66.489672)))
(1.044 ((-8.9705997 0 0)(0 0 -66.98816)))
(1.045 ((-8.9684089 0 0)(0 0 -67.486321)))
(1.046 ((-8.9661294 0 0)(0 0 -67.984086)))
(1.047 ((-8.9637611 0 0)(0 0 -68.481372)))
(1.048 ((-8.9613039 0 0)(0 0 -68.97808)))
(1.049 ((-8.9587578 0 0)(0 0 -69.474093)))
(1.05 ((-8.9561226 0 0)(0 0 -69.969273)))
(1.051 ((-8.9533984 0 0)(0 0 -70.463458)))
(1.052 ((-8.9505851 0 0)(0 0 -70.956457)))
(1.053 ((-8.9476826 0 0)(0 0 -71.448055)))
(1.054 ((-8.944691 0 0)(0 0 -71.938001)))
(1.055 ((-8.9416102 0 0)(0 0 -72.426016)))
(1.056 ((-8.9384402 0 0)(0 0 -72.911787)))
(1.057 ((-8.935181 0 0)(0 0 -73.394972)))
(1.058 ((-8.9318325 0 0)(0 0 -73.875203)))
(1.059 ((-8.9283948 0 0)(0 0 -74.352088)))
(1.06 ((-8.9248679 0 0)(0 0 -74.825221)))
(1.061 ((-8.9212516 0 0)(0 0 -75.294188)))
(1.062 ((-8.9175462 0 0)(0 0 -75.758573)))
(1.063 ((-8.9137514 0 0)(0 0 -76.21797)))
(1.064 ((-8.9098674 0 0)(0 0 -76.671989)))
(1.065 ((-8.9058942 0 0)(0 0 -77.120261)))
(1.066 ((-8.9018316 0 0)(0 0 -77.562443)))
(1.067 ((-8.8976798 0 0)(0 0 -77.998224)))
(1.068 ((-8.8934387 0 0)(0 0 -78.427322)))
(1.069 ((-8.8891083 0 0)(0 0 -78.84949)))
(1.07 ((-8.8846886 0 0)(0 0 -79.26451)))
(1.071 ((-8.8801797 0 0)(0 0 -79.672192)))
(1.072 ((-8.8755815 0 0)(0 0 -80.072374)))
(1.073 ((-8.870894 0 0)(0 0 -80.464919)))
(1.074 ((-8.8661172 0 0)(0 0 -80.849708)))
(1.075 ((-8.8612511 0 0)(0 0 -81.226644)))
(1.076 ((-8.8562957 0 0)(0 0 -81.595644)))
(1.077 ((-8.8512511 0 0)(0 0 -81.95664)))
(1.078 ((-8.8461171 0 0)(0 0 -82.309573)))
(1.079 ((-8.8408939 0 0)(0 0 -82.654398)))
(1.08 ((-8.8355814 0 0)(0 0 -82.991074)))
(1.081 ((-8.8301796 0 0)(0 0 -83.31957)))
(1.082 ((-8.8246886 0 0)(0 0 -83.63986)))
(1.083 ((-8.8191082 0 0)(0 0 -83.951922)))
(1.084 ((-8.8134386 0 0)(0 0 -84.255739)))
(1.085 ((-8.8076796 0 0)(0 0 -84.551297)))
(1.086 ((-8.8018314 0 0)(0 0 -84.838586)))
(1.087 ((-8.795894 0 0)(0 0 -85.117596)))
(1.088 ((-8.7898672 0 0)(0 0 -85.388322)))
(1.089 ((-8.7837511 0 0)(0 0 -85.650759)))
(1.09 ((-8.7775458 0 0)(0 0 -85.904905)))
(1.091 ((-8.7712512 0 0)(0 0 -86.150759)))
(1.092 ((-8.7648673 0 0)(0 0 -86.388322)))
(1.093 ((-8.7583941 0 0)(0 0 -86.617596)))
(1.094 ((-8.7518316 0 0)(0 0 -86.838586)))
(1.095 ((-8.7451799 0 0)(0 0 -87.051297)))
(1.096 ((-8.7384389 0 0)(0 0 -87.255739)))
(1.097 ((-8.7316086 0 0)(0 0 -87.451922)))
(1.098 ((-8.724689 0 0)(0 0 -87.63986)))
(1.099 ((-8.7176802 0 0)(0 0 -87.81957)))
(1.1 ((-8.7105821 0 0)(0 0 -87.991074)))
(1.101 ((-8.7033948 0 0)(0 0 -88.154398)))
(1.102 ((-8.6961182 0 0)(0 0 -88.309573)))
(1.103 ((-8.6887524 0 0)(0 0 -88.45664)))
(1.104 ((-8.6812973 0 0)(0 0 -88.595644)))
(1.105 ((-8.6737531 0 0)(0 0 -88.726644)))
(1.106 ((-8.6661196 0 0)(0 0 -88.849708)))
(1.107 ((-8.6583969 0 0)(0 0 -88.964919)))
(1.108 ((-8.6505851 0 0)(0 0 -89.072374)))
(1.109 ((-8.6426841 0 0)(0 0 -89.172192)))
(1.11 ((-8.6346941 0 0)(0 0 -89.26451)))
(1.111 ((-8.6266149 0 0)(0 0 -89.34949)))
(1.112 ((-8.6184468 0 0)(0 0 -89.427322)))
(1.113 ((-8.6101897 0 0)(0 0 -89.498224)))
(1.114 ((-8.6018437 0 0)(0 0 -89.562443)))
(1.115 ((-8.5934089 0 0)(0 0 -89.620261)))
(1.116 ((-8.5848854 0 0)(0 0 -89.671989)))
(1.117 ((-8.5762734 0 0)(0 0 -89.71797)))
(1.118 ((-8.567573 0 0)(0 0 -89.758573)))
(1.119 ((-8.5587844 0 0)(0 0 -89.794188)))
(1.12 ((-8.5499078 0 0)(0 0 -89.825221)))
(1.121 ((-8.5409436 0 0)(0 0 -89.852088)))
(1.122 ((-8.531892 0 0)(0 0 -89.875203)))
(1.123 ((-8.5227535 0 0)(0 0 -89.894972)))
(1.124 ((-8.5135286 0 0)(0 0 -89.911787)))
(1.125 ((-8.504218 0 0)(0 0 -89.926016)))
(1.126 ((-8.4948223 0 0)(0 0 -89.938001)))
(1.127 ((-8.4853424 0 0)(0 0 -89.948055)))
(1.128 ((-8.4757795 0 0)(0 0 -89.956457)))
(1.129 ((-8.4661347 0 0)(0 0 -89.963458)))
(1.13 ((-8.4564095 0 0)(0 0 -89.969273)))
(1.131 ((-8.4466058 0 0)(0 0 -89.974093)))
(1.132 ((-8.4367254 0 0)(0 0 -89.97808)))
(1.133 ((-8.4267708 0 0)(0 0 -89.981372)))
(1.134 ((-8.4167446 0 0)(0 0 -89.984086)))
(1.135 ((-8.4066498 0 0)(0 0 -89.986321)))
(1.136 ((-8.3964898 0 0)(0 0 -89.98816)))
(1.137 ((-8.3862681 0 0)(0 0 -89.989671)))
(1.138 ((-8.3759889 0 0)(0 0 -89.990916)))
(1.139 ((-8.3656562 0 0)(0 0 -89.991923)))
(1.14 ((-8.3552744 0 0)(0 0 -89.992803)))
(1.141 ((-8.344848 0 0)(0 0 -89.993173)))
(1.142 ((-8.3343814 0 0)(0 0 -89.993124)))
(1.143 ((-8.3238789 0 0)(0 0 -89.993137)))
(1.144 ((-8.3133448 0 0)(0 0 -89.993134)))
(1.145 ((-8.3027829 0 0)(0 0 -89.993135)))
(1.146 ((-8.2921971 0 0)(0 0 -89.993134)))
(1.147 ((-8.2815905 0 0)(0 0 -89.993134)))
(1.148 ((-8.2709662 0 0)(0 0 -89.993134)))
(1.149 ((-8.2603269 0 0)(0 0 -89.993134)))
(1.15 ((-8.249675 0 0)(0 0 -89.993134)))
(1.151 ((-8.2390123 0 0)(0 0 -89.993134)))
(1.152 ((-8.2283408 0 0)(0 0 -89.993134)))
(1.153 ((-8.2176617 0 0)(0 0 -89.993134)))
(1.154 ((-8.2069765 0 0)(0 0 -89.993134)))
(1.155 ((-8.1962862 0 0)(0 0 -89.993134)))
(1.156 ((-8.1855916 0 0)(0 0 -89.993134)))
(1.157 ((-8.1748935 0 0)(0 0 -89.993134)))
(1.158 ((-8.1641925 0 0)(0 0 -89.993134)))
(1.159 ((-8.1534892 0 0)(0 0 -89.993134)))
(1.16 ((-8.1427839 0 0)(0 0 -89.993134)))
(1.161 ((-8.1320769 0 0)(0 0 -89.993134)))
(1.162 ((-8.1213687 0 0)(0 0 -89.993134)))
(1.163 ((-8.1106593 0 0)(0 0 -89.993134)))
(1.164 ((-8.0999491 0 0)(0 0 -89.993134)))
(1.165 ((-8.0892381 0 0)(0 0 -89.993134)))
(1.166 ((-8.0785265 0 0)(0 0 -89.993134)))
(1.167 ((-8.0678145 0 0)(0 0 -89.993134)))
(1.168 ((-8.057102 0 0)(0 0 -89.993134)))
(1.169 ((-8.0463892 0 0)(0 0 -89.993134)))
(1.17 ((-8.0356762 0 0)(0 0 -89.993134)))
(1.171 ((-8.0249629 0 0)(0 0 -89.993134)))
(1.172 ((-8.0142494 0 0)(0 0 -89.993134)))
(1.173 ((-8.0035358 0 0)(0 0 -89.993134)))
(1.174 ((-7.9928221 0 0)(0 0 -89.993134)))
(1.175 ((-7.9821082 0 0)(0 0 -89.993134)))
(1.176 ((-7.9713943 0 0)(0 0 -89.993134)))
(1.177 ((-7.9606803 0 0)(0 0 -89.993134)))
(1.178 ((-7.9499663 0 0)(0 0 -89.993134)))
(1.179 ((-7.9392522 0 0)(0 0 -89.993134)))
(1.18 ((-7.9285381 0 0)(0 0 -89.993134)))
(1.181 ((-7.9178239 0 0)(0 0 -89.993134)))
(1.182 ((-7.9071098 0 0)(0 0 -89.993134)))
(1.183 ((-7.8963956 0 0)(0 0 -89.993134)))
(1.184 ((-7.8856814 0 0)(0 0 -89.993134)))
(1.185 ((-7.8749671 0 0)(0 0 -89.993134)))
(1.186 ((-7.8642529 0 0)(0 0 -89.993134)))
(1.187 ((-7.8535386 0 0)(0 0 -89.993134)))
(1.188 ((-7.8428244 0 0)(0 0 -89.993134)))
(1.189 ((-7.8321101 0 0)(0 0 -89.993134)))
(1.19 ((-7.8213959 0 0)(0 0 -89.993134)))
(1.191 ((-7.8106816 0 0)(0 0 -89.993134)))
(1.192 ((-7.7999673 0 0)(0 0 -89.993134)))
(1.193 ((-7.7892531 0 0)(0 0 -89.993134)))
(1.194 ((-7.7785388 0 0)(0 0 -89.993134)))
(1.195 ((-7.7678245 0 0)(0 0 -89.993134)))
(1.196 ((-7.7571102 0 0)(0 0 -89.993134)))
(1.197 ((-7.746396 0 0)(0 0 -89.993134)))
(1.198 ((-7.7356817 0 0)(0 0 -89.993134)))
(1.199 ((-7.7249674 0 0)(0 0 -89.993134)))
(1.2 ((-7.7142531 0 0)(0 0 -89.993134)))
(1.201 ((-7.7035388 0 0)(0 0 -89.993134)))
(1.202 ((-7.6928245 0 0)(0 0 -89.993134)))
(1.203 ((-7.6821103 0 0)(0 0 -89.993134)))
(1.204 ((-7.671396 0 0)(0 0 -89.993134)))
(1.205 ((-7.6606817 0 0)(0 0 -89.993134)))
(1.206 ((-7.6499674 0 0)(0 0 -89.993134)))
(1.207 ((-7.6392531 0 0)(0 0 -89.993134)))
(1.208 ((-7.6285388 0 0)(0 0 -89.993134)))
(1.209 ((-7.6178245 0 0)(0 0 -89.993134)))
(1.21 ((-7.6071103 0 0)(0 0 -89.993134)))
(1.211 ((-7.596396 0 0)(0 0 -89.993134)))
(1.212 ((-7.5856817 0 0)(0 0 -89.993134)))
(1.213 ((-7.5749674 0 0)(0 0 -89.993134)))
(1.214 ((-7.5642531 0 0)(0 0 -89.993134)))
(1.215 ((-7.5535388 0 0)(0 0 -89.993134)))
(1.216 ((-7.5428245 0 0)(0 0 -89.993134)))
(1.217 ((-7.5321103 0 0)(0 0 -89.993134)))
(1.218 ((-7.521396 0 0)(0 0 -89.993134)))
(1.219 ((-7.5106817 0 0)(0 0 -89.993134)))
(1.22 ((-7.4999674 0 0)(0 0 -89.993134)))
(1.221 ((-7.4892531 0 0)(0 0 -89.993134)))
(1.222 ((-7.4785388 0 0)(0 0 -89.993134)))
(1.223 ((-7.4678245 0 0)(0 0 -89.993134)))
(1.224 ((-7.4571103 0 0)(0 0 -89.993134)))
(1.225 ((-7.446396 0 0)(0 0 -89.993134)))
(1.226 ((-7.4356817 0 0)(0 0 -89.993134)))
(1.227 ((-7.4249674 0 0)(0 0 -89.993134)))
(1.228 ((-7.4142531 0 0)(0 0 -89.993134)))
(1.229 ((-7.4035388 0 0)(0 0 -89.993134)))
(1.23 ((-7.3928245 0 0)(0 0 -89.993134)))
(1.231 ((-7.3821103 0 0)(0 0 -89.993134)))
(1.232 ((-7.371396 0 0)(0 0 -89.993134)))
(1.233 ((-7.3606817 0 0)(0 0 -89.993134)))
(1.234 ((-7.3499674 0 0)(0 0 -89.993134)))
(1.235 ((-7.3392531 0 0)(0 0 -89.993134)))
(1.236 ((-7.3285388 0 0)(0 0 -89.993134)))
(1.237 ((-7.3178245 0 0)(0 0 -89.993134)))
(1.238 ((-7.3071103 0 0)(0 0 -89.993134)))
(1.239 ((-7.296396 0 0)(0 0 -89.993134)))
(1.24 ((-7.2856817 0 0)(0 0 -89.993134)))
(1.241 ((-7.2749674 0 0)(0 0 -89.993134)))
(1.242 ((-7.2642531 0 0)(0 0 -89.993134)))
(1.243 ((-7.2535388 0 0)(0 0 -89.993134)))
(1.244 ((-7.2428245 0 0)(0 0 -89.993134)))
(1.245 ((-7.2321103 0 0)(0 0 -89.993134)))
(1.246 ((-7.221396 0 0)(0 0 -89.993134)))
(1.247 ((-7.2106817 0 0)(0 0 -89.993134)))
(1.248 ((-7.1999674 0 0)(0 0 -89.993134)))
(1.249 ((-7.1892531 0 0)(0 0 -89.993134)))
(1.25 ((-7.1785388 0 0)(0 0 -89.993134)))
(1.251 ((-7.1678245 0 0)(0 0 -89.993134)))
(1.252 ((-7.1571103 0 0)(0 0 -89.993134)))
(1.253 ((-7.146396 0 0)(0 0 -89.993134)))
(1.254 ((-7.1356817 0 0)(0 0 -89.993134)))
(1.255 ((-7.1249674 0 0)(0 0 -89.993134)))
(1.256 ((-7.1142531 0 0)(0 0 -89.993134)))
(1.257 ((-7.1035388 0 0)(0 0 -89.993134)))
(1.258 ((-7.0928245 0 0)(0 0 -89.993134)))
(1.259 ((-7.0821103 0 0)(0 0 -89.993134)))
(1.26 ((-7.071396 0 0)(0 0 -89.993134)))
(1.261 ((-7.0606817 0 0)(0 0 -89.993134)))
(1.262 ((-7.0499674 0 0)(0 0 -89.993134)))
(1.263 ((-7.0392531 0 0)(0 0 -89.993134)))
(1.264 ((-7.0285388 0 0)(0 0 -89.993134)))
(1.265 ((-7.0178245 0 0)(0 0 -89.993134)))
(1.266 ((-7.0071103 0 0)(0 0 -89.993134)))
(1.267 ((-6.996396 0 0)(0 0 -89.993134)))
(1.268 ((-6.9856817 0 0)(0 0 -89.993134)))
(1.269 ((-6.9749674 0 0)(0 0 -89.993134)))
(1.27 ((-6.9642531 0 0)(0 0 -89.993134)))
(1.271 ((-6.9535388 0 0)(0 0 -89.993134)))
(1.272 ((-6.9428245 0 0)(0 0 -89.993134)))
(1.273 ((-6.9321103 0 0)(0 0 -89.993134)))
(1.274 ((-6.921396 0 0)(0 0 -89.993134)))
(1.275 ((-6.9106817 0 0)(0 0 -89.993134)))
(1.276 ((-6.8999674 0 0)(0 0 -89.993134)))
(1.277 ((-6.8892531 0 0)(0 0 -89.993134)))
(1.278 ((-6.8785388 0 0)(0 0 -89.993134)))
(1.279 ((-6.8678245 0 0)(0 0 -89.993134)))
(1.28 ((-6.8571103 0 0)(0 0 -89.993134)))
(1.281 ((-6.846396 0 0)(0 0 -89.993134)))
(1.282 ((-6.8356817 0 0)(0 0 -89.993134)))
(1.283 ((-6.8249674 0 0)(0 0 -89.993134)))
(1.284 ((-6.8142531 0 0)(0 0 -89.993134)))
(1.285 ((-6.8035388 0 0)(0 0 -89.993134)))
(1.286 ((-6.7928245 0 0)(0 0 -89.993134)))
(1.287 ((-6.7821103 0 0)(0 0 -89.993134)))
(1.288 ((-6.771396 0 0)(0 0 -89.993134)))
(1.289 ((-6.7606817 0 0)(0 0 -89.993134)))
(1.29 ((-6.7499674 0 0)(0 0 -89.993134)))
(1.291 ((-6.7392531 0 0)(0 0 -89.993134)))
(1.292 ((-6.7285388 0 0)(0 0 -89.993134)))
(1.293 ((-6.7178245 0 0)(0 0 -89.993134)))
(1.294 ((-6.7071103 0 0)(0 0 -89.993134)))
(1.295 ((-6.696396 0 0)(0 0 -89.993134)))
(1.296 ((-6.6856817 0 0)(0 0 -89.993134)))
(1.297 ((-6.6749674 0 0)(0 0 -89.993134)))
(1.298 ((-6.6642531 0 0)(0 0 -89.993134)))
(1.299 ((-6.6535388 0 0)(0 0 -89.993134)))
(1.3 ((-6.6428245 0 0)(0 0 -89.993134)))
(1.301 ((-6.6321103 0 0)(0 0 -89.993134)))
(1.302 ((-6.621396 0 0)(0 0 -89.993134)))
(1.303 ((-6.6106817 0 0)(0 0 -89.993134)))
(1.304 ((-6.5999674 0 0)(0 0 -89.993134)))
(1.305 ((-6.5892531 0 0)(0 0 -89.993134)))
(1.306 ((-6.5785388 0 0)(0 0 -89.993134)))
(1.307 ((-6.5678245 0 0)(0 0 -89.993134)))
(1.308 ((-6.5571103 0 0)(0 0 -89.993134)))
(1.309 ((-6.546396 0 0)(0 0 -89.993134)))
(1.31 ((-6.5356817 0 0)(0 0 -89.993134)))
(1.311 ((-6.5249674 0 0)(0 0 -89.993134)))
(1.312 ((-6.5142531 0 0)(0 0 -89.993134)))
(1.313 ((-6.5035388 0 0)(0 0 -89.993134)))
(1.314 ((-6.4928245 0 0)(0 0 -89.993134)))
(1.315 ((-6.4821103 0 0)(0 0 -89.993134)))
(1.316 ((-6.471396 0 0)(0 0 -89.993134)))
(1.317 ((-6.4606817 0 0)(0 0 -89.993134)))
(1.318 ((-6.4499674 0 0)(0 0 -89.993134)))
(1.319 ((-6.4392531 0 0)(0 0 -89.993134)))
(1.32 ((-6.4285388 0 0)(0 0 -89.993134)))
(1.321 ((-6.4178245 0 0)(0 0 -89.993134)))
(1.322 ((-6.4071103 0 0)(0 0 -89.993134)))
(1.323 ((-6.396396 0 0)(0 0 -89.993134)))
(1.324 ((-6.3856817 0 0)(0 0 -89.993134)))
(1.325 ((-6.3749674 0 0)(0 0 -89.993134)))
(1.326 ((-6.3642531 0 0)(0 0 -89.993134)))
(1.327 ((-6.3535388 0 0)(0 0 -89.993134)))
(1.328 ((-6.3428245 0 0)(0 0 -89.993134)))
(1.329 ((-6.3321103 0 0)(0 0 -89.993134)))
(1.33 ((-6.321396 0 0)(0 0 -89.993134)))
(1.331 ((-6.3106817 0 0)(0 0 -89.993134)))
(1.332 ((-6.2999674 0 0)(0 0 -89.993134)))
(1.333 ((-6.2892531 0 0)(0 0 -89.993134)))
(1.334 ((-6.2785388 0 0)(0 0 -89.993134)))
(1.335 ((-6.2678245 0 0)(0 0 -89.993134)))
(1.336 ((-6.2571103 0 0)(0 0 -89.993134)))
(1.337 ((-6.246396 0 0)(0 0 -89.993134)))
(1.338 ((-6.2356817 0 0)(0 0 -89.993134)))
(1.339 ((-6.2249674 0 0)(0 0 -89.993134)))
(1.34 ((-6.2142531 0 0)(0 0 -89.993134)))
(1.341 ((-6.2035388 0 0)(0 0 -89.993134)))
(1.342 ((-6.1928245 0 0)(0 0 -89.993134)))
(1.343 ((-6.1821103 0 0)(0 0 -89.993134)))
(1.344 ((-6.171396 0 0)(0 0 -89.993134)))
(1.345 ((-6.1606817 0 0)(0 0 -89.993134)))
(1.346 ((-6.1499674 0 0)(0 0 -89.993134)))
(1.347 ((-6.1392531 0 0)(0 0 -89.993134)))
(1.348 ((-6.1285388 0 0)(0 0 -89.993134)))
(1.349 ((-6.1178245 0 0)(0 0 -89.993134)))
(1.35 ((-6.1071103 0 0)(0 0 -89.993134)))
(1.351 ((-6.096396 0 0)(0 0 -89.993134)))
(1.352 ((-6.0856817 0 0)(0 0 -89.993134)))
(1.353 ((-6.0749674 0 0)(0 0 -89.993134)))
(1.354 ((-6.0642531 0 0)(0 0 -89.993134)))
(1.355 ((-6.0535388 0 0)(0 0 -89.993134)))
(1.356 ((-6.0428245 0 0)(0 0 -89.993134)))
(1.357 ((-6.0321103 0 0)(0 0 -89.993134)))
(1.358 ((-6.021396 0 0)(0 0 -89.993134)))
(1.359 ((-6.0106817 0 0)(0 0 -89.993134)))
(1.36 ((-5.9999674 0 0)(0 0 -89.993134)))
(1.361 ((-5.9892531 0 0)(0 0 -89.993134)))
(1.362 ((-5.9785388 0 0)(0 0 -89.993134)))
(1.363 ((-5.9678245 0 0)(0 0 -89.993134)))
(1.364 ((-5.9571103 0 0)(0 0 -89.993134)))
(1.365 ((-5.946396 0 0)(0 0 -89.993134)))
(1.366 ((-5.9356817 0 0)(0 0 -89.993134)))
(1.367 ((-5.9249674 0 0)(0 0 -89.993134)))
(1.368 ((-5.9142531 0 0)(0 0 -89.993134)))
(1.369 ((-5.9035388 0 0)(0 0 -89.993134)))
(1.37 ((-5.8928245 0 0)(0 0 -89.993134)))
(1.371 ((-5.8821103 0 0)(0 0 -89.993134)))
(1.372 ((-5.871396 0 0)(0 0 -89.993134)))
(1.373 ((-5.8606817 0 0)(0 0 -89.993134)))
(1.374 ((-5.8499674 0 0)(0 0 -89.993134)))
(1.375 ((-5.8392531 0 0)(0 0 -89.993134)))
(1.376 ((-5.8285388 0 0)(0 0 -89.993134)))
(1.377 ((-5.8178245 0 0)(0 0 -89.993134)))
(1.378 ((-5.8071103 0 0)(0 0 -89.993134)))
(1.379 ((-5.796396 0 0)(0 0 -89.993134)))
(1.38 ((-5.7856817 0 0)(0 0 -89.993134)))
(1.381 ((-5.7749674 0 0)(0 0 -89.993134)))
(1.382 ((-5.7642531 0 0)(0 0 -89.993134)))
(1.383 ((-5.7535388 0 0)(0 0 -89.993134)))
(1.384 ((-5.7428245 0 0)(0 0 -89.993134)))
(1.385 ((-5.7321103 0 0)(0 0 -89.993134)))
(1.386 ((-5.721396 0 0)(0 0 -89.993134)))
(1.387 ((-5.7106817 0 0)(0 0 -89.993134)))
(1.388 ((-5.6999674 0 0)(0 0 -89.993134)))
(1.389 ((-5.6892531 0 0)(0 0 -89.993134)))
(1.39 ((-5.6785388 0 0)(0 0 -89.993134)))
(1.391 ((-5.6678245 0 0)(0 0 -89.993134)))
(1.392 ((-5.6571103 0 0)(0 0 -89.993134)))
(1.393 ((-5.646396 0 0)(0 0 -89.993134)))
(1.394 ((-5.6356817 0 0)(0 0 -89.993134)))
(1.395 ((-5.6249674 0 0)(0 0 -89.993134)))
(1.396 ((-5.6142531 0 0)(0 0 -89.993134)))
(1.397 ((-5.6035388 0 0)(0 0 -89.993134)))
(1.398 ((-5.5928245 0 0)(0 0 -89.993134)))
(1.399 ((-5.5821103 0 0)(0 0 -89.993134)))
(1.4 ((-5.571396 0 0)(0 0 -89.993134)))
(1.401 ((-5.5606817 0 0)(0 0 -89.993134)))
(1.402 ((-5.5499674 0 0)(0 0 -89.993134)))
(1.403 ((-5.5392531 0 0)(0 0 -89.993134)))
(1.404 ((-5.5285388 0 0)(0 0 -89.993134)))
(1.405 ((-5.5178245 0 0)(0 0 -89.993134)))
(1.406 ((-5.5071103 0 0)(0 0 -89.993134)))
(1.407 ((-5.496396 0 0)(0 0 -89.993134)))
(1.408 ((-5.4856817 0 0)(0 0 -89.993134)))
(1.409 ((-5.4749674 0 0)(0 0 -89.993134)))
(1.41 ((-5.4642531 0 0)(0 0 -89.993134)))
(1.411 ((-5.4535388 0 0)(0 0 -89.993134)))
(1.412 ((-5.4428245 0 0)(0 0 -89.993134)))
(1.413 ((-5.4321103 0 0)(0 0 -89.993134)))
(1.414 ((-5.421396 0 0)(0 0 -89.993134)))
(1.415 ((-5.4106817 0 0)(0 0 -89.993134)))
(1.416 ((-5.3999674 0 0)(0 0 -89.993134)))
(1.417 ((-5.3892531 0 0)(0 0 -89.993134)))
(1.418 ((-5.3785388 0 0)(0 0 -89.993134)))
(1.419 ((-5.3678245 0 0)(0 0 -89.993134)))
(1.42 ((-5.3571103 0 0)(0 0 -89.993134)))
(1.421 ((-5.346396 0 0)(0 0 -89.993134)))
(1.422 ((-5.3356817 0 0)(0 0 -89.993134)))
(1.423 ((-5.3249674 0 0)(0 0 -89.993134)))
(1.424 ((-5.3142531 0 0)(0 0 -89.993134)))
(1.425 ((-5.3035388 0 0)(0 0 -89.993134)))
(1.426 ((-5.2928245 0 0)(0 0 -89.993134)))
(1.427 ((-5.2821103 0 0)(0 0 -89.993134)))
(1.428 ((-5.271396 0 0)(0 0 -89.993134)))
(1.429 ((-5.2606817 0 0)(0 0 -89.993134)))
(1.43 ((-5.2499674 0 0)(0 0 -89.993134)))
(1.431 ((-5.2392531 0 0)(0 0 -89.993134)))
(1.432 ((-5.2285388 0 0)(0 0 -89.993134)))
(1.433 ((-5.2178245 0 0)(0 0 -89.993134)))
(1.434 ((-5.2071103 0 0)(0 0 -89.993134)))
(1.435 ((-5.196396 0 0)(0 0 -89.993134)))
(1.436 ((-5.1856817 0 0)(0 0 -89.993134)))
(1.437 ((-5.1749674 0 0)(0 0 -89.993134)))
(1.438 ((-5.1642531 0 0)(0 0 -89.993134)))
(1.439 ((-5.1535388 0 0)(0 0 -89.993134)))
(1.44 ((-5.1428245 0 0)(0 0 -89.993134)))
(1.441 ((-5.1321103 0 0)(0 0 -89.993134)))
(1.442 ((-5.121396 0 0)(0 0 -89.993134)))
(1.443 ((-5.1106817 0 0)(0 0 -89.993134)))
(1.444 ((-5.0999674 0 0)(0 0 -89.993134)))
(1.445 ((-5.0892531 0 0)(0 0 -89.993134)))
(1.446 ((-5.0785388 0 0)(0 0 -89.993134)))
(1.447 ((-5.0678245 0 0)(0 0 -89.993134)))
(1.448 ((-5.0571103 0 0)(0 0 -89.993134)))
(1.449 ((-5.046396 0 0)(0 0 -89.993134)))
(1.45 ((-5.0356817 0 0)(0 0 -89.993134)))
(1.451 ((-5.0249674 0 0)(0 0 -89.993134)))
(1.452 ((-5.0142531 0 0)(0 0 -89.993134)))
(1.453 ((-5.0035388 0 0)(0 0 -89.993134)))
(1.454 ((-4.9928245 0 0)(0 0 -89.993134)))
(1.455 ((-4.9821103 0 0)(0 0 -89.993134)))
(1.456 ((-4.971396 0 0)(0 0 -89.993134)))
(1.457 ((-4.9606817 0 0)(0 0 -89.993134)))
(1.458 ((-4.9499674 0 0)(0 0 -89.993134)))
(1.459 ((-4.9392531 0 0)(0 0 -89.993134)))
(1.46 ((-4.9285388 0 0)(0 0 -89.993134)))
(1.461 ((-4.9178245 0 0)(0 0 -89.993134)))
(1.462 ((-4.9071103 0 0)(0 0 -89.993134)))
(1.463 ((-4.896396 0 0)(0 0 -89.993134)))
(1.464 ((-4.8856817 0 0)(0 0 -89.993134)))
(1.465 ((-4.8749674 0 0)(0 0 -89.993134)))
(1.466 ((-4.8642531 0 0)(0 0 -89.993134)))
(1.467 ((-4.8535388 0 0)(0 0 -89.993134)))
(1.468 ((-4.8428245 0 0)(0 0 -89.993134)))
(1.469 ((-4.8321103 0 0)(0 0 -89.993134)))
(1.47 ((-4.821396 0 0)(0 0 -89.993134)))
(1.471 ((-4.8106817 0 0)(0 0 -89.993134)))
(1.472 ((-4.7999674 0 0)(0 0 -89.993134)))
(1.473 ((-4.7892531 0 0)(0 0 -89.993134)))
(1.474 ((-4.7785388 0 0)(0 0 -89.993134)))
(1.475 ((-4.7678245 0 0)(0 0 -89.993134)))
(1.476 ((-4.7571103 0 0)(0 0 -89.993134)))
(1.477 ((-4.746396 0 0)(0 0 -89.993134)))
(1.478 ((-4.7356817 0 0)(0 0 -89.993134)))
(1.479 ((-4.7249674 0 0)(0 0 -89.993134)))
(1.48 ((-4.7142531 0 0)(0 0 -89.993134)))
(1.481 ((-4.7035388 0 0)(0 0 -89.993134)))
(1.482 ((-4.6928245 0 0)(0 0 -89.993134)))
(1.483 ((-4.6821103 0 0)(0 0 -89.993134)))
(1.484 ((-4.671396 0 0)(0 0 -89.993134)))
(1.485 ((-4.6606817 0 0)(0 0 -89.993134)))
(1.486 ((-4.6499674 0 0)(0 0 -89.993134)))
(1.487 ((-4.6392531 0 0)(0 0 -89.993134)))
(1.488 ((-4.6285388 0 0)(0 0 -89.993134)))
(1.489 ((-4.6178245 0 0)(0 0 -89.993134)))
(1.49 ((-4.6071103 0 0)(0 0 -89.993134)))
(1.491 ((-4.596396 0 0)(0 0 -89.993134)))
(1.492 ((-4.5856817 0 0)(0 0 -89.993134)))
(1.493 ((-4.5749674 0 0)(0 0 -89.993134)))
(1.494 ((-4.5642531 0 0)(0 0 -89.993134)))
(1.495 ((-4.5535388 0 0)(0 0 -89.993134)))
(1.496 ((-4.5428245 0 0)(0 0 -89.993134)))
(1.497 ((-4.5321103 0 0)(0 0 -89.993134)))
(1.498 ((-4.521396 0 0)(0 0 -89.993134)))
(1.499 ((-4.5106817 0 0)(0 0 -89.993134)))
(1.5 ((-4.4999674 0 0)(0 0 -89.993134)))
(1.501 ((-4.4892531 0 0)(0 0 -89.993134)))
(1.502 ((-4.4785388 0 0)(0 0 -89.993134)))
(1.503 ((-4.4678245 0 0)(0 0 -89.993134)))
(1.504 ((-4.4571103 0 0)(0 0 -89.993134)))
(1.505 ((-4.446396 0 0)(0 0 -89.993134)))
(1.506 ((-4.4356817 0 0)(0 0 -89.993134)))
(1.507 ((-4.4249674 0 0)(0 0 -89.993134)))
(1.508 ((-4.4142531 0 0)(0 0 -89.993134)))
(1.509 ((-4.4035388 0 0)(0 0 -89.993134)))
(1.51 ((-4.3928245 0 0)(0 0 -89.993134)))
(1.511 ((-4.3821103 0 0)(0 0 -89.993134)))
(1.512 ((-4.371396 0 0)(0 0 -89.993134)))
(1.513 ((-4.3606817 0 0)(0 0 -89.993134)))
(1.514 ((-4.3499674 0 0)(0 0 -89.993134)))
(1.515 ((-4.3392531 0 0)(0 0 -89.993134)))
(1.516 ((-4.3285388 0 0)(0 0 -89.993134)))
(1.517 ((-4.3178245 0 0)(0 0 -89.993134)))
(1.518 ((-4.3071103 0 0)(0 0 -89.993134)))
(1.519 ((-4.296396 0 0)(0 0 -89.993134)))
(1.52 ((-4.2856817 0 0)(0 0 -89.993134)))
(1.521 ((-4.2749674 0 0)(0 0 -89.993134)))
(1.522 ((-4.2642531 0 0)(0 0 -89.993134)))
(1.523 ((-4.2535388 0 0)(0 0 -89.993134)))
(1.524 ((-4.2428245 0 0)(0 0 -89.993134)))
(1.525 ((-4.2321103 0 0)(0 0 -89.993134)))
(1.526 ((-4.221396 0 0)(0 0 -89.993134)))
(1.527 ((-4.2106817 0 0)(0 0 -89.993134)))
(1.528 ((-4.1999674 0 0)(0 0 -89.993134)))
(1.529 ((-4.1892531 0 0)(0 0 -89.993134)))
(1.53 ((-4.1785388 0 0)(0 0 -89.993134)))
(1.531 ((-4.1678245 0 0)(0 0 -89.993134)))
(1.532 ((-4.1571103 0 0)(0 0 -89.993134)))
(1.533 ((-4.146396 0 0)(0 0 -89.993134)))
(1.534 ((-4.1356817 0 0)(0 0 -89.993134)))
(1.535 ((-4.1249674 0 0)(0 0 -89.993134)))
(1.536 ((-4.1142531 0 0)(0 0 -89.993134)))
(1.537 ((-4.1035388 0 0)(0 0 -89.993134)))
(1.538 ((-4.0928245 0 0)(0 0 -89.993134)))
(1.539 ((-4.0821103 0 0)(0 0 -89.993134)))
(1.54 ((-4.071396 0 0)(0 0 -89.993134)))
(1.541 ((-4.0606817 0 0)(0 0 -89.993134)))
(1.542 ((-4.0499674 0 0)(0 0 -89.993134)))
(1.543 ((-4.0392531 0 0)(0 0 -89.993134)))
(1.544 ((-4.0285388 0 0)(0 0 -89.993134)))
(1.545 ((-4.0178245 0 0)(0 0 -89.993134)))
(1.546 ((-4.0071103 0 0)(0 0 -89.993134)))
(1.547 ((-3.996396 0 0)(0 0 -89.993134)))
(1.548 ((-3.9856817 0 0)(0 0 -89.993134)))
(1.549 ((-3.9749674 0 0)(0 0 -89.993134)))
(1.55 ((-3.9642531 0 0)(0 0 -89.993134)))
(1.551 ((-3.9535388 0 0)(0 0 -89.993134)))
(1.552 ((-3.9428245 0 0)(0 0 -89.993134)))
(1.553 ((-3.9321103 0 0)(0 0 -89.993134)))
(1.554 ((-3.921396 0 0)(0 0 -89.993134)))
(1.555 ((-3.9106817 0 0)(0 0 -89.993134)))
(1.556 ((-3.8999674 0 0)(0 0 -89.993134)))
(1.557 ((-3.8892531 0 0)(0 0 -89.993134)))
(1.558 ((-3.8785388 0 0)(0 0 -89.993134)))
(1.559 ((-3.8678245 0 0)(0 0 -89.993134)))
(1.56 ((-3.8571103 0 0)(0 0 -89.993134)))
(1.561 ((-3.846396 0 0)(0 0 -89.993134)))
(1.562 ((-3.8356817 0 0)(0 0 -89.993134)))
(1.563 ((-3.8249674 0 0)(0 0 -89.993134)))
(1.564 ((-3.8142531 0 0)(0 0 -89.993134)))
(1.565 ((-3.8035388 0 0)(0 0 -89.993134)))
(1.566 ((-3.7928245 0 0)(0 0 -89.993134)))
(1.567 ((-3.7821103 0 0)(0 0 -89.993134)))
(1.568 ((-3.771396 0 0)(0 0 -89.993134)))
(1.569 ((-3.7606817 0 0)(0 0 -89.993134)))
(1.57 ((-3.7499674 0 0)(0 0 -89.993134)))
(1.571 ((-3.7392531 0 0)(0 0 -89.993134)))
(1.572 ((-3.7285388 0 0)(0 0 -89.993134)))
(1.573 ((-3.7178245 0 0)(0 0 -89.993134)))
(1.574 ((-3.7071103 0 0)(0 0 -89.993134)))
(1.575 ((-3.696396 0 0)(0 0 -89.993134)))
(1.576 ((-3.6856817 0 0)(0 0 -89.993134)))
(1.577 ((-3.6749674 0 0)(0 0 -89.993134)))
(1.578 ((-3.6642531 0 0)(0 0 -89.993134)))
(1.579 ((-3.6535388 0 0)(0 0 -89.993134)))
(1.58 ((-3.6428245 0 0)(0 0 -89.993134)))
(1.581 ((-3.6321103 0 0)(0 0 -89.993134)))
(1.582 ((-3.621396 0 0)(0 0 -89.993134)))
(1.583 ((-3.6106817 0 0)(0 0 -89.993134)))
(1.584 ((-3.5999674 0 0)(0 0 -89.993134)))
(1.585 ((-3.5892531 0 0)(0 0 -89.993134)))
(1.586 ((-3.5785388 0 0)(0 0 -89.993134)))
(1.587 ((-3.5678245 0 0)(0 0 -89.993134)))
(1.588 ((-3.5571103 0 0)(0 0 -89.993134)))
(1.589 ((-3.546396 0 0)(0 0 -89.993134)))
(1.59 ((-3.5356817 0 0)(0 0 -89.993134)))
(1.591 ((-3.5249674 0 0)(0 0 -89.993134)))
(1.592 ((-3.5142531 0 0)(0 0 -89.993134)))
(1.593 ((-3.5035388 0 0)(0 0 -89.993134)))
(1.594 ((-3.4928245 0 0)(0 0 -89.993134)))
(1.595 ((-3.4821103 0 0)(0 0 -89.993134)))
(1.596 ((-3.471396 0 0)(0 0 -89.993134)))
(1.597 ((-3.4606817 0 0)(0 0 -89.993134)))
(1.598 ((-3.4499674 0 0)(0 0 -89.993134)))
(1.599 ((-3.4392531 0 0)(0 0 -89.993134)))
(1.6 ((-3.4285388 0 0)(0 0 -89.993134)))
(1.601 ((-3.4178245 0 0)(0 0 -89.993134)))
(1.602 ((-3.4071103 0 0)(0 0 -89.993134)))
(1.603 ((-3.396396 0 0)(0 0 -89.993134)))
(1.604 ((-3.3856817 0 0)(0 0 -89.993134)))
(1.605 ((-3.3749674 0 0)(0 0 -89.993134)))
(1.606 ((-3.3642531 0 0)(0 0 -89.993134)))
(1.607 ((-3.3535388 0 0)(0 0 -89.993134)))
(1.608 ((-3.3428245 0 0)(0 0 -89.993134)))
(1.609 ((-3.3321103 0 0)(0 0 -89.993134)))
(1.61 ((-3.321396 0 0)(0 0 -89.993134)))
(1.611 ((-3.3106817 0 0)(0 0 -89.993134)))
(1.612 ((-3.2999674 0 0)(0 0 -89.993134)))
(1.613 ((-3.2892531 0 0)(0 0 -89.993134)))
(1.614 ((-3.2785388 0 0)(0 0 -89.993134)))
(1.615 ((-3.2678245 0 0)(0 0 -89.993134)))
(1.616 ((-3.2571103 0 0)(0 0 -89.993134)))
(1.617 ((-3.246396 0 0)(0 0 -89.993134)))
(1.618 ((-3.2356817 0 0)(0 0 -89.993134)))
(1.619 ((-3.2249674 0 0)(0 0 -89.993134)))
(1.62 ((-3.2142531 0 0)(0 0 -89.993134)))
(1.621 ((-3.2035388 0 0)(0 0 -89.993134)))
(1.622 ((-3.1928245 0 0)(0 0 -89.993134)))
(1.623 ((-3.1821103 0 0)(0 0 -89.993134)))
(1.624 ((-3.171396 0 0)(0 0 -89.993134)))
(1.625 ((-3.1606817 0 0)(0 0 -89.993134)))
(1.626 ((-3.1499674 0 0)(0 0 -89.993134)))
(1.627 ((-3.1392531 0 0)(0 0 -89.993134)))
(1.628 ((-3.1285388 0 0)(0 0 -89.993134)))
(1.629 ((-3.1178245 0 0)(0 0 -89.993134)))
(1.63 ((-3.1071103 0 0)(0 0 -89.993134)))
(1.631 ((-3.096396 0 0)(0 0 -89.993134)))
(1.632 ((-3.0856817 0 0)(0 0 -89.993134)))
(1.633 ((-3.0749674 0 0)(0 0 -89.993134)))
(1.634 ((-3.0642531 0 0)(0 0 -89.993134)))
(1.635 ((-3.0535388 0 0)(0 0 -89.993134)))
(1.636 ((-3.0428245 0 0)(0 0 -89.993134)))
(1.637 ((-3.0321103 0 0)(0 0 -89.993134)))
(1.638 ((-3.021396 0 0)(0 0 -89.993134)))
(1.639 ((-3.0106817 0 0)(0 0 -89.993134)))
(1.64 ((-2.9999674 0 0)(0 0 -89.993134)))
(1.641 ((-2.9892531 0 0)(0 0 -89.993134)))
(1.642 ((-2.9785388 0 0)(0 0 -89.993134)))
(1.643 ((-2.9678245 0 0)(0 0 -89.993134)))
(1.644 ((-2.9571103 0 0)(0 0 -89.993134)))
(1.645 ((-2.946396 0 0)(0 0 -89.993134)))
(1.646 ((-2.9356817 0 0)(0 0 -89.993134)))
(1.647 ((-2.9249674 0 0)(0 0 -89.993134)))
(1.648 ((-2.9142531 0 0)(0 0 -89.993134)))
(1.649 ((-2.9035388 0 0)(0 0 -89.993134)))
(1.65 ((-2.8928245 0 0)(0 0 -89.993134)))
(1.651 ((-2.8821103 0 0)(0 0 -89.993134)))
(1.652 ((-2.871396 0 0)(0 0 -89.993134)))
(1.653 ((-2.8606817 0 0)(0 0 -89.993134)))
(1.654 ((-2.8499674 0 0)(0 0 -89.993134)))
(1.655 ((-2.8392531 0 0)(0 0 -89.993134)))
(1.656 ((-2.8285388 0 0)(0 0 -89.993134)))
(1.657 ((-2.8178245 0 0)(0 0 -89.993134)))
(1.658 ((-2.8071103 0 0)(0 0 -89.993134)))
(1.659 ((-2.796396 0 0)(0 0 -89.993134)))
(1.66 ((-2.7856817 0 0)(0 0 -89.993134)))
(1.661 ((-2.7749674 0 0)(0 0 -89.993134)))
(1.662 ((-2.7642531 0 0)(0 0 -89.993134)))
(1.663 ((-2.7535388 0 0)(0 0 -89.993134)))
(1.664 ((-2.7428245 0 0)(0 0 -89.993134)))
(1.665 ((-2.7321103 0 0)(0 0 -89.993134)))
(1.666 ((-2.721396 0 0)(0 0 -89.993134)))
(1.667 ((-2.7106817 0 0)(0 0 -89.993134)))
(1.668 ((-2.6999674 0 0)(0 0 -89.993134)))
(1.669 ((-2.6892531 0 0)(0 0 -89.993134)))
(1.67 ((-2.6785388 0 0)(0 0 -89.993134)))
(1.671 ((-2.6678245 0 0)(0 0 -89.993134)))
(1.672 ((-2.6571103 0 0)(0 0 -89.993134)))
(1.673 ((-2.646396 0 0)(0 0 -89.993134)))
(1.674 ((-2.6356817 0 0)(0 0 -89.993134)))
(1.675 ((-2.6249674 0 0)(0 0 -89.993134)))
(1.676 ((-2.6142531 0 0)(0 0 -89.993134)))
(1.677 ((-2.6035388 0 0)(0 0 -89.993134)))
(1.678 ((-2.5928245 0 0)(0 0 -89.993134)))
(1.679 ((-2.5821103 0 0)(0 0 -89.993134)))
(1.68 ((-2.571396 0 0)(0 0 -89.993134)))
(1.681 ((-2.5606817 0 0)(0 0 -89.993134)))
(1.682 ((-2.5499674 0 0)(0 0 -89.993134)))
(1.683 ((-2.5392531 0 0)(0 0 -89.993134)))
(1.684 ((-2.5285388 0 0)(0 0 -89.993134)))
(1.685 ((-2.5178245 0 0)(0 0 -89.993134)))
(1.686 ((-2.5071103 0 0)(0 0 -89.993134)))
(1.687 ((-2.496396 0 0)(0 0 -89.993134)))
(1.688 ((-2.4856817 0 0)(0 0 -89.993134)))
(1.689 ((-2.4749674 0 0)(0 0 -89.993134)))
(1.69 ((-2.4642531 0 0)(0 0 -89.993134)))
(1.691 ((-2.4535388 0 0)(0 0 -89.993134)))
(1.692 ((-2.4428245 0 0)(0 0 -89.993134)))
(1.693 ((-2.4321103 0 0)(0 0 -89.993134)))
(1.694 ((-2.421396 0 0)(0 0 -89.993134)))
(1.695 ((-2.4106817 0 0)(0 0 -89.993134)))
(1.696 ((-2.3999674 0 0)(0 0 -89.993134)))
(1.697 ((-2.3892531 0 0)(0 0 -89.993134)))
(1.698 ((-2.3785388 0 0)(0 0 -89.993134)))
(1.699 ((-2.3678245 0 0)(0 0 -89.993134)))
(1.7 ((-2.3571103 0 0)(0 0 -89.993134)))
(1.701 ((-2.346396 0 0)(0 0 -89.993134)))
(1.702 ((-2.3356817 0 0)(0 0 -89.993134)))
(1.703 ((-2.3249674 0 0)(0 0 -89.993134)))
(1.704 ((-2.3142531 0 0)(0 0 -89.993134)))
(1.705 ((-2.3035388 0 0)(0 0 -89.993134)))
(1.706 ((-2.2928245 0 0)(0 0 -89.993134)))
(1.707 ((-2.2821103 0 0)(0 0 -89.993134)))
(1.708 ((-2.271396 0 0)(0 0 -89.993134)))
(1.709 ((-2.2606817 0 0)(0 0 -89.993134)))
(1.71 ((-2.2499674 0 0)(0 0 -89.993134)))
(1.711 ((-2.2392531 0 0)(0 0 -89.993134)))
(1.712 ((-2.2285388 0 0)(0 0 -89.993134)))
(1.713 ((-2.2178245 0 0)(0 0 -89.993134)))
(1.714 ((-2.2071103 0 0)(0 0 -89.993134)))
(1.715 ((-2.196396 0 0)(0 0 -89.993134)))
(1.716 ((-2.1856817 0 0)(0 0 -89.993134)))
(1.717 ((-2.1749674 0 0)(0 0 -89.993134)))
(1.718 ((-2.1642531 0 0)(0 0 -89.993134)))
(1.719 ((-2.1535388 0 0)(0 0 -89.993134)))
(1.72 ((-2.1428245 0 0)(0 0 -89.993134)))
(1.721 ((-2.1321103 0 0)(0 0 -89.993134)))
(1.722 ((-2.121396 0 0)(0 0 -89.993134)))
(1.723 ((-2.1106817 0 0)(0 0 -89.993134)))
(1.724 ((-2.0999674 0 0)(0 0 -89.993134)))
(1.725 ((-2.0892531 0 0)(0 0 -89.993134)))
(1.726 ((-2.0785388 0 0)(0 0 -89.993134)))
(1.727 ((-2.0678245 0 0)(0 0 -89.993134)))
(1.728 ((-2.0571103 0 0)(0 0 -89.993134)))
(1.729 ((-2.046396 0 0)(0 0 -89.993134)))
(1.73 ((-2.0356817 0 0)(0 0 -89.993134)))
(1.731 ((-2.0249674 0 0)(0 0 -89.993134)))
(1.732 ((-2.0142531 0 0)(0 0 -89.993134)))
(1.733 ((-2.0035388 0 0)(0 0 -89.993134)))
(1.734 ((-1.9928245 0 0)(0 0 -89.993134)))
(1.735 ((-1.9821103 0 0)(0 0 -89.993134)))
(1.736 ((-1.971396 0 0)(0 0 -89.993134)))
(1.737 ((-1.9606817 0 0)(0 0 -89.993134)))
(1.738 ((-1.9499674 0 0)(0 0 -89.993134)))
(1.739 ((-1.9392531 0 0)(0 0 -89.993134)))
(1.74 ((-1.9285388 0 0)(0 0 -89.993134)))
(1.741 ((-1.9178245 0 0)(0 0 -89.993134)))
(1.742 ((-1.9071103 0 0)(0 0 -89.993134)))
(1.743 ((-1.896396 0 0)(0 0 -89.993134)))
(1.744 ((-1.8856817 0 0)(0 0 -89.993134)))
(1.745 ((-1.8749674 0 0)(0 0 -89.993134)))
(1.746 ((-1.8642531 0 0)(0 0 -89.993134)))
(1.747 ((-1.8535388 0 0)(0 0 -89.993134)))
(1.748 ((-1.8428245 0 0)(0 0 -89.993134)))
(1.749 ((-1.8321103 0 0)(0 0 -89.993134)))
(1.75 ((-1.821396 0 0)(0 0 -89.993134)))
(1.751 ((-1.8106817 0 0)(0 0 -89.993134)))
(1.752 ((-1.7999674 0 0)(0 0 -89.993134)))
(1.753 ((-1.7892531 0 0)(0 0 -89.993134)))
(1.754 ((-1.7785388 0 0)(0 0 -89.993134)))
(1.755 ((-1.7678245 0 0)(0 0 -89.993134)))
(1.756 ((-1.7571103 0 0)(0 0 -89.993134)))
(1.757 ((-1.746396 0 0)(0 0 -89.993134)))
(1.758 ((-1.7356817 0 0)(0 0 -89.993134)))
(1.759 ((-1.7249674 0 0)(0 0 -89.993134)))
(1.76 ((-1.7142531 0 0)(0 0 -89.993134)))
(1.761 ((-1.7035388 0 0)(0 0 -89.993134)))
(1.762 ((-1.6928245 0 0)(0 0 -89.993134)))
(1.763 ((-1.6821103 0 0)(0 0 -89.993134)))
(1.764 ((-1.671396 0 0)(0 0 -89.993134)))
(1.765 ((-1.6606817 0 0)(0 0 -89.993134)))
(1.766 ((-1.6499674 0 0)(0 0 -89.993134)))
(1.767 ((-1.6392531 0 0)(0 0 -89.993134)))
(1.768 ((-1.6285388 0 0)(0 0 -89.993134)))
(1.769 ((-1.6178245 0 0)(0 0 -89.993134)))
(1.77 ((-1.6071103 0 0)(0 0 -89.993134)))
(1.771 ((-1.596396 0 0)(0 0 -89.993134)))
(1.772 ((-1.5856817 0 0)(0 0 -89.993134)))
(1.773 ((-1.5749674 0 0)(0 0 -89.993134)))
(1.774 ((-1.5642531 0 0)(0 0 -89.993134)))
(1.775 ((-1.5535388 0 0)(0 0 -89.993134)))
(1.776 ((-1.5428245 0 0)(0 0 -89.993134)))
(1.777 ((-1.5321103 0 0)(0 0 -89.993134)))
(1.778 ((-1.521396 0 0)(0 0 -89.993134)))
(1.779 ((-1.5106817 0 0)(0 0 -89.993134)))
(1.78 ((-1.4999674 0 0)(0 0 -89.993134)))
(1.781 ((-1.4892531 0 0)(0 0 -89.993134)))
(1.782 ((-1.4785388 0 0)(0 0 -89.993134)))
(1.783 ((-1.4678245 0 0)(0 0 -89.993134)))
(1.784 ((-1.4571103 0 0)(0 0 -89.993134)))
(1.785 ((-1.446396 0 0)(0 0 -89.993134)))
(1.786 ((-1.4356817 0 0)(0 0 -89.993134)))
(1.787 ((-1.4249674 0 0)(0 0 -89.993134)))
(1.788 ((-1.4142531 0 0)(0 0 -89.993134)))
(1.789 ((-1.4035388 0 0)(0 0 -89.993134)))
(1.79 ((-1.3928246 0 0)(0 0 -89.993134)))
(1.791 ((-1.3821103 0 0)(0 0 -89.993134)))
(1.792 ((-1.371396 0 0)(0 0 -89.993134)))
(1.793 ((-1.3606817 0 0)(0 0 -89.993134)))
(1.794 ((-1.3499674 0 0)(0 0 -89.993134)))
(1.795 ((-1.3392531 0 0)(0 0 -89.993134)))
(1.796 ((-1.3285388 0 0)(0 0 -89.993134)))
(1.797 ((-1.3178246 0 0)(0 0 -89.993134)))
(1.798 ((-1.3071103 0 0)(0 0 -89.993134)))
(1.799 ((-1.296396 0 0)(0 0 -89.993134)))
(1.8 ((-1.2856817 0 0)(0 0 -89.993134)))
(1.801 ((-1.2749674 0 0)(0 0 -89.993134)))
(1.802 ((-1.2642531 0 0)(0 0 -89.993134)))
(1.803 ((-1.2535389 0 0)(0 0 -89.993134)))
(1.804 ((-1.2428246 0 0)(0 0 -89.993134)))
(1.805 ((-1.2321103 0 0)(0 0 -89.993134)))
(1.806 ((-1.221396 0 0)(0 0 -89.993134)))
(1.807 ((-1.2106817 0 0)(0 0 -89.993134)))
(1.808 ((-1.1999675 0 0)(0 0 -89.993134)))
(1.809 ((-1.1892532 0 0)(0 0 -89.993134)))
(1.81 ((-1.1785389 0 0)(0 0 -89.993134)))
(1.811 ((-1.1678247 0 0)(0 0 -89.993134)))
(1.812 ((-1.1571104 0 0)(0 0 -89.993134)))
(1.813 ((-1.1463962 0 0)(0 0 -89.993134)))
(1.814 ((-1.1356819 0 0)(0 0 -89.993134)))
(1.815 ((-1.1249677 0 0)(0 0 -89.993134)))
(1.816 ((-1.1142535 0 0)(0 0 -89.993134)))
(1.817 ((-1.1035392 0 0)(0 0 -89.993134)))
(1.818 ((-1.0928251 0 0)(0 0 -89.993134)))
(1.819 ((-1.0821109 0 0)(0 0 -89.993134)))
(1.82 ((-1.0713967 0 0)(0 0 -89.993134)))
(1.821 ((-1.0606826 0 0)(0 0 -89.993134)))
(1.822 ((-1.0499685 0 0)(0 0 -89.993134)))
(1.823 ((-1.0392545 0 0)(0 0 -89.993134)))
(1.824 ((-1.0285405 0 0)(0 0 -89.993134)))
(1.825 ((-1.0178266 0 0)(0 0 -89.993134)))
(1.826 ((-1.0071127 0 0)(0 0 -89.993134)))
(1.827 ((-0.99639901 0 0)(0 0 -89.993134)))
(1.828 ((-0.9856854 0 0)(0 0 -89.993134)))
(1.829 ((-0.97497193 0 0)(0 0 -89.993134)))
(1.83 ((-0.96425865 0 0)(0 0 -89.993134)))
(1.831 ((-0.95354559 0 0)(0 0 -89.993134)))
(1.832 ((-0.94283279 0 0)(0 0 -89.993134)))
(1.833 ((-0.93212033 0 0)(0 0 -89.993134)))
(1.834 ((-0.92140827 0 0)(0 0 -89.993134)))
(1.835 ((-0.91069671 0 0)(0 0 -89.993134)))
(1.836 ((-0.89998574 0 0)(0 0 -89.993134)))
(1.837 ((-0.8892755 0 0)(0 0 -89.993134)))
(1.838 ((-0.87856616 0 0)(0 0 -89.993134)))
(1.839 ((-0.8678579 0 0)(0 0 -89.993134)))
(1.84 ((-0.85715096 0 0)(0 0 -89.993134)))
(1.841 ((-0.84644564 0 0)(0 0 -89.993134)))
(1.842 ((-0.83574227 0 0)(0 0 -89.993134)))
(1.843 ((-0.82504129 0 0)(0 0 -89.993134)))
(1.844 ((-0.8143432 0 0)(0 0 -89.993134)))
(1.845 ((-0.80364861 0 0)(0 0 -89.993134)))
(1.846 ((-0.79295828 0 0)(0 0 -89.993134)))
(1.847 ((-0.78227307 0 0)(0 0 -89.993134)))
(1.848 ((-0.77159406 0 0)(0 0 -89.993134)))
(1.849 ((-0.76092249 0 0)(0 0 -89.993134)))
(1.85 ((-0.75025984 0 0)(0 0 -89.993134)))
(1.851 ((-0.73960787 0 0)(0 0 -89.993134)))
(1.852 ((-0.72896858 0 0)(0 0 -89.993134)))
(1.853 ((-0.71834433 0 0)(0 0 -89.993134)))
(1.854 ((-0.70773776 0 0)(0 0 -89.993134)))
(1.855 ((-0.69715189 0 0)(0 0 -89.993134)))
(1.856 ((-0.68659006 0 0)(0 0 -89.993134)))
(1.857 ((-0.67605593 0 0)(0 0 -89.993134)))
(1.858 ((-0.66555346 0 0)(0 0 -89.993134)))
(1.859 ((-0.65508684 0 0)(0 0 -89.993134)))
(1.86 ((-0.64466041 0 0)(0 0 -89.993134)))
(1.861 ((-0.63427863 0 0)(0 0 -89.993134)))
(1.862 ((-0.62394594 0 0)(0 0 -89.993134)))
(1.863 ((-0.61366668 0 0)(0 0 -89.993134)))
(1.864 ((-0.60344506 0 0)(0 0 -89.993134)))
(1.865 ((-0.59328501 0 0)(0 0 -89.993134)))
(1.866 ((-0.58319021 0 0)(0 0 -89.993134)))
(1.867 ((-0.573164 0 0)(0 0 -89.993134)))
(1.868 ((-0.56320938 0 0)(0 0 -89.993134)))
(1.869 ((-0.55332903 0 0)(0 0 -89.993134)))
(1.87 ((-0.54352527 0 0)(0 0 -89.993134)))
(1.871 ((-0.53380012 0 0)(0 0 -89.993134)))
(1.872 ((-0.52415534 0 0)(0 0 -89.993134)))
(1.873 ((-0.5145924 0 0)(0 0 -89.993134)))
(1.874 ((-0.50511255 0 0)(0 0 -89.993134)))
(1.875 ((-0.49571686 0 0)(0 0 -89.993134)))
(1.876 ((-0.4864062 0 0)(0 0 -89.993134)))
(1.877 ((-0.47718132 0 0)(0 0 -89.993134)))
(1.878 ((-0.46804284 0 0)(0 0 -89.993134)))
(1.879 ((-0.45899126 0 0)(0 0 -89.993134)))
(1.88 ((-0.45002701 0 0)(0 0 -89.993134)))
(1.881 ((-0.44115043 0 0)(0 0 -89.993134)))
(1.882 ((-0.43236181 0 0)(0 0 -89.993134)))
(1.883 ((-0.4236614 0 0)(0 0 -89.993134)))
(1.884 ((-0.41504937 0 0)(0 0 -89.993134)))
(1.885 ((-0.4065259 0 0)(0 0 -89.993134)))
(1.886 ((-0.39809112 0 0)(0 0 -89.993134)))
(1.887 ((-0.38974513 0 0)(0 0 -89.993134)))
(1.888 ((-0.38148803 0 0)(0 0 -89.993134)))
(1.889 ((-0.37331988 0 0)(0 0 -89.993134)))
(1.89 ((-0.36524075 0 0)(0 0 -89.993134)))
(1.891 ((-0.35725068 0 0)(0 0 -89.993134)))
(1.892 ((-0.34934971 0 0)(0 0 -89.993134)))
(1.893 ((-0.34153788 0 0)(0 0 -89.993134)))
(1.894 ((-0.33381522 0 0)(0 0 -89.993134)))
(1.895 ((-0.32618174 0 0)(0 0 -89.993134)))
(1.896 ((-0.31863747 0 0)(0 0 -89.993134)))
(1.897 ((-0.31118241 0 0)(0 0 -89.993134)))
(1.898 ((-0.30381659 0 0)(0 0 -89.993134)))
(1.899 ((-0.29654 0 0)(0 0 -89.993134)))
(1.9 ((-0.28935267 0 0)(0 0 -89.993134)))
(1.901 ((-0.28225459 0 0)(0 0 -89.993134)))
(1.902 ((-0.27524577 0 0)(0 0 -89.993134)))
(1.903 ((-0.26832622 0 0)(0 0 -89.993134)))
(1.904 ((-0.26149594 0 0)(0 0 -89.993134)))
(1.905 ((-0.25475493 0 0)(0 0 -89.993134)))
(1.906 ((-0.24810319 0 0)(0 0 -89.993134)))
(1.907 ((-0.24154073 0 0)(0 0 -89.993134)))
(1.908 ((-0.23506755 0 0)(0 0 -89.993134)))
(1.909 ((-0.22868365 0 0)(0 0 -89.993134)))
(1.91 ((-0.22238903 0 0)(0 0 -89.993134)))
(1.911 ((-0.21618369 0 0)(0 0 -89.993134)))
(1.912 ((-0.21006763 0 0)(0 0 -89.993134)))
(1.913 ((-0.20404086 0 0)(0 0 -89.993134)))
(1.914 ((-0.19810337 0 0)(0 0 -89.993134)))
(1.915 ((-0.19225516 0 0)(0 0 -89.993134)))
(1.916 ((-0.18649624 0 0)(0 0 -89.993134)))
(1.917 ((-0.1808266 0 0)(0 0 -89.993134)))
(1.918 ((-0.17524625 0 0)(0 0 -89.993134)))
(1.919 ((-0.16975518 0 0)(0 0 -89.993134)))
(1.92 ((-0.16435339 0 0)(0 0 -89.993134)))
(1.921 ((-0.15904089 0 0)(0 0 -89.993134)))
(1.922 ((-0.15381768 0 0)(0 0 -89.993134)))
(1.923 ((-0.14868374 0 0)(0 0 -89.993134)))
(1.924 ((-0.1436391 0 0)(0 0 -89.993134)))
(1.925 ((-0.13868373 0 0)(0 0 -89.993134)))
(1.926 ((-0.13381766 0 0)(0 0 -89.993134)))
(1.927 ((-0.12904086 0 0)(0 0 -89.993134)))
(1.928 ((-0.12435335 0 0)(0 0 -89.993134)))
(1.929 ((-0.11975512 0 0)(0 0 -89.993134)))
(1.93 ((-0.11524617 0 0)(0 0 -89.993134)))
(1.931 ((-0.11082651 0 0)(0 0 -89.993134)))
(1.932 ((-0.10649612 0 0)(0 0 -89.993134)))
(1.933 ((-0.10225502 0 0)(0 0 -89.993134)))
(1.934 ((-0.098103193 0 0)(0 0 -89.993134)))
(1.935 ((-0.094040643 0 0)(0 0 -89.993134)))
(1.936 ((-0.090067368 0 0)(0 0 -89.993134)))
(1.937 ((-0.086183365 0 0)(0 0 -89.993134)))
(1.938 ((-0.082388631 0 0)(0 0 -89.993134)))
(1.939 ((-0.078683163 0 0)(0 0 -89.993134)))
(1.94 ((-0.075066956 0 0)(0 0 -89.993134)))
(1.941 ((-0.071540004 0 0)(0 0 -89.993134)))
(1.942 ((-0.068102302 0 0)(0 0 -89.993134)))
(1.943 ((-0.06475384 0 0)(0 0 -89.993134)))
(1.944 ((-0.06149461 0 0)(0 0 -89.993134)))
(1.945 ((-0.058324598 0 0)(0 0 -89.993134)))
(1.946 ((-0.055243791 0 0)(0 0 -89.993134)))
(1.947 ((-0.052252169 0 0)(0 0 -89.993134)))
(1.948 ((-0.049349712 0 0)(0 0 -89.993134)))
(1.949 ((-0.046536391 0 0)(0 0 -89.993134)))
(1.95 ((-0.043812175 0 0)(0 0 -89.993134)))
(1.951 ((-0.041177023 0 0)(0 0 -89.993134)))
(1.952 ((-0.038630887 0 0)(0 0 -89.993134)))
(1.953 ((-0.036173706 0 0)(0 0 -89.993134)))
(1.954 ((-0.033805408 0 0)(0 0 -89.993134)))
(1.955 ((-0.031525904 0 0)(0 0 -89.993134)))
(1.956 ((-0.029335087 0 0)(0 0 -89.993134)))
(1.957 ((-0.027232824 0 0)(0 0 -89.993134)))
(1.958 ((-0.025218955 0 0)(0 0 -89.993134)))
(1.959 ((-0.023293286 0 0)(0 0 -89.993134)))
(1.96 ((-0.021455579 0 0)(0 0 -89.993134)))
(1.961 ((-0.019705547 0 0)(0 0 -89.993134)))
(1.962 ((-0.01804284 0 0)(0 0 -89.993134)))
(1.963 ((-0.016467038 0 0)(0 0 -89.993134)))
(1.964 ((-0.014977629 0 0)(0 0 -89.993134)))
(1.965 ((-0.013573998 0 0)(0 0 -89.993134)))
(1.966 ((-0.012255406 0 0)(0 0 -89.993134)))
(1.967 ((-0.011020968 0 0)(0 0 -89.993134)))
(1.968 ((-0.0098696259 0 0)(0 0 -89.993134)))
(1.969 ((-0.0088001244 0 0)(0 0 -89.993134)))
(1.97 ((-0.0078109809 0 0)(0 0 -89.993134)))
(1.971 ((-0.0069004562 0 0)(0 0 -89.993134)))
(1.972 ((-0.0060665259 0 0)(0 0 -89.993134)))
(1.973 ((-0.0053068555 0 0)(0 0 -89.993134)))
(1.974 ((-0.0046187801 0 0)(0 0 -89.993134)))
(1.975 ((-0.0039992945 0 0)(0 0 -89.993134)))
(1.976 ((-0.003445055 0 0)(0 0 -89.993134)))
(1.977 ((-0.0029523962 0 0)(0 0 -89.993134)))
(1.978 ((-0.0025173655 0 0)(0 0 -89.993134)))
(1.979 ((-0.002135775 0 0)(0 0 -89.993134)))
(1.98 ((-0.0018032694 0 0)(0 0 -89.993134)))
(1.981 ((-0.0015154067 0 0)(0 0 -89.993134)))
(1.982 ((-0.0012677447 0 0)(0 0 -89.993134)))
(1.983 ((-0.0010559283 0 0)(0 0 -89.993134)))
(1.984 ((-0.00087576951 0 0)(0 0 -89.993134)))
(1.985 ((-0.00072331575 0 0)(0 0 -89.993134)))
(1.986 ((-0.00059490162 0 0)(0 0 -89.993134)))
(1.987 ((-0.00048718334 0 0)(0 0 -89.993134)))
(1.988 ((-0.00039715574 0 0)(0 0 -89.993134)))
(1.989 ((-0.0003221541 0 0)(0 0 -89.993134)))
(1.99 ((-0.00025984368 0 0)(0 0 -89.993134)))
(1.991 ((-0.00020820018 0 0)(0 0 -89.993134)))
(1.992 ((-0.00016548435 0 0)(0 0 -89.993134)))
(1.993 ((-0.00013021362 0 0)(0 0 -89.993134)))
(1.994 ((-0.00010113227 0 0)(0 0 -89.993134)))
(1.995 ((-7.7184195e-05 0 0)(0 0 -89.993134)))
(1.996 ((-5.7479723e-05 0 0)(0 0 -89.993134)))
(1.997 ((-4.1293805e-05 0 0)(0 0 -89.993134)))
(1.998 ((-2.795799e-05 0 0)(0 0 -89.993134)))
(1.999 ((-1.7161415e-05 0 0)(0 0 -89.993134)))
(2 ((-7.7379032e-06 0 0)(0 0 -89.993134)))
(2.001 ((-3.7762176e-06 0 0)(0 0 -89.993134)))
(2.002 ((-4.2949737e-06 0 0)(0 0 -89.993134)))
(2.003 ((-4.1559734e-06 0 0)(0 0 -89.993134)))
(2.004 ((-4.1932184e-06 0 0)(0 0 -89.993134)))
(2.005 ((-4.1832387e-06 0 0)(0 0 -89.993134)))
(2.006 ((-4.1859127e-06 0 0)(0 0 -89.993134)))
(2.007 ((-4.1851962e-06 0 0)(0 0 -89.993134)))
(2.008 ((-4.1853882e-06 0 0)(0 0 -89.993134)))
(2.009 ((-4.1853368e-06 0 0)(0 0 -89.993134)))
(2.01 ((-4.1853506e-06 0 0)(0 0 -89.993134)))
(2.011 ((-4.1853469e-06 0 0)(0 0 -89.993134)))
(2.012 ((-4.1853479e-06 0 0)(0 0 -89.993134)))
(2.013 ((-4.1853476e-06 0 0)(0 0 -89.993134)))
(2.014 ((-4.1853477e-06 0 0)(0 0 -89.993134)))
(2.015 ((-4.1853476e-06 0 0)(0 0 -89.993134)))
(2.016 ((-4.1853476e-06 0 0)(0 0 -89.993134)))
(2.017 ((-4.1853476e-06 0 0)(0 0 -89.993134)))
(2.018 ((-4.1853476e-06 0 0)(0 0 -89.993134)))
(2.019 ((-4.1853476e-06 0 0)(0 0 -89.993134)))
(2.02 ((-4.1853476e-06 0 0)(0 0 -89.993134)))
(2.021 ((-4.1853476e-06 0 0)(0 0 -89.993134)))
(2.022 ((-4.1853476e-06 0 0)(0 0 -89.993134)))
(2.023 ((-4.1853476e-06 0 0)(0 0 -89.993134)))
(2.024 ((-4.1853476e-06 0 0)(0 0 -89.993134)))
(2.025 ((-4.1853476e-06 0 0)(0 0 -89.993134)))
(2.026 ((-4.1853476e-06 0 0)(0 0 -89.993134)))
(2.027 ((-4.1853476e-06 0 0)(0 0 -89.993134)))
(2.028 ((-4.1853476e-06 0 0)(0 0 -89.993134)))
(2.029 ((-4.1853476e-06 0 0)(0 0 -89.993134)))
(2.03 ((-4.1853476e-06 0 0)(0 0 -89.993134)))
(2.031 ((-4.1853476e-06 0 0)(0 0 -89.993134)))
(2.032 ((-4.1853476e-06 0 0)(0 0 -89.993134)))
(2.033 ((-4.1853476e-06 0 0)(0 0 -89.993134)))
(2.034 ((-4.1853476e-06 0 0)(0 0 -89.993134)))
(2.035 ((-4.1853476e-06 0 0)(0 0 -89.993134)))
(2.036 ((-4.1853476e-06 0 0)(0 0 -89.993134)))
(2.037 ((-4.1853476e-06 0 0)(0 0 -89.993134)))
(2.038 ((-4.1853476e-06 0 0)(0 0 -89.993134)))
(2.039 ((-4.1853476e-06 0 0)(0 0 -89.993134)))
(2.04 ((-4.1853476e-06 0 0)(0 0 -89.993134)))
(2.041 ((-4.1853476e-06 0 0)(0 0 -89.993134)))
(2.042 ((-4.1853476e-06 0 0)(0 0 -89.993134)))
(2.043 ((-4.1853476e-06 0 0)(0 0 -89.993134)))
(2.044 ((-4.1853476e-06 0 0)(0 0 -89.993134)))
(2.045 ((-4.1853476e-06 0 0)(0 0 -89.993134)))
(2.046 ((-4.1853476e-06 0 0)(0 0 -89.993134)))
(2.047 ((-4.1853476e-06 0 0)(0 0 -89.993134)))
(2.048 ((-4.1853476e-06 0 0)(0 0 -89.993134)))
(2.049 ((-4.1853476e-06 0 0)(0 0 -89.993134)))
(2.05 ((-4.1853476e-06 0 0)(0 0 -89.993134)))
(2.051 ((-4.1853476e-06 0 0)(0 0 -89.993134)))
(2.052 ((-4.1853476e-06 0 0)(0 0 -89.993134)))
(2.053 ((-4.1853476e-06 0 0)(0 0 -89.993134)))
(2.054 ((-4.1853476e-06 0 0)(0 0 -89.993134)))
(2.055 ((-4.1853476e-06 0 0)(0 0 -89.993134)))
(2.056 ((-4.1853476e-06 0 0)(0 0 -89.993134)))
(2.057 ((-4.1853476e-06 0 0)(0 0 -89.993134)))
(2.058 ((-4.1853476e-06 0 0)(0 0 -89.993134)))
(2.059 ((-4.1853476e-06 0 0)(0 0 -89.993134)))
(2.06 ((-4.1853476e-06 0 0)(0 0 -89.993134)))
(2.061 ((-4.1853476e-06 0 0)(0 0 -89.993134)))
(2.062 ((-4.1853476e-06 0 0)(0 0 -89.993134)))
(2.063 ((-4.1853476e-06 0 0)(0 0 -89.993134)))
(2.064 ((-4.1853476e-06 0 0)(0 0 -89.993134)))
(2.065 ((-4.1853476e-06 0 0)(0 0 -89.993134)))
(2.066 ((-4.1853476e-06 0 0)(0 0 -89.993134)))
(2.067 ((-4.1853476e-06 0 0)(0 0 -89.993134)))
(2.068 ((-4.1853476e-06 0 0)(0 0 -89.993134)))
(2.069 ((-4.1853476e-06 0 0)(0 0 -89.993134)))
(2.07 ((-4.1853476e-06 0 0)(0 0 -89.993134)))
(2.071 ((-4.1853476e-06 0 0)(0 0 -89.993134)))
(2.072 ((-4.1853476e-06 0 0)(0 0 -89.993134)))
(2.073 ((-4.1853476e-06 0 0)(0 0 -89.993134)))
(2.074 ((-4.1853476e-06 0 0)(0 0 -89.993134)))
(2.075 ((-4.1853476e-06 0 0)(0 0 -89.993134)))
(2.076 ((-4.1853476e-06 0 0)(0 0 -89.993134)))
(2.077 ((-4.1853476e-06 0 0)(0 0 -89.993134)))
(2.078 ((-4.1853476e-06 0 0)(0 0 -89.993134)))
(2.079 ((-4.1853476e-06 0 0)(0 0 -89.993134)))
(2.08 ((-4.1853476e-06 0 0)(0 0 -89.993134)))
(2.081 ((-4.1853476e-06 0 0)(0 0 -89.993134)))
(2.082 ((-4.1853476e-06 0 0)(0 0 -89.993134)))
(2.083 ((-4.1853476e-06 0 0)(0 0 -89.993134)))
(2.084 ((-4.1853476e-06 0 0)(0 0 -89.993134)))
(2.085 ((-4.1853476e-06 0 0)(0 0 -89.993134)))
(2.086 ((-4.1853476e-06 0 0)(0 0 -89.993134)))
(2.087 ((-4.1853476e-06 0 0)(0 0 -89.993134)))
(2.088 ((-4.1853476e-06 0 0)(0 0 -89.993134)))
(2.089 ((-4.1853476e-06 0 0)(0 0 -89.993134)))
(2.09 ((-4.1853476e-06 0 0)(0 0 -89.993134)))
(2.091 ((-4.1853476e-06 0 0)(0 0 -89.993134)))
(2.092 ((-4.1853476e-06 0 0)(0 0 -89.993134)))
(2.093 ((-4.1853476e-06 0 0)(0 0 -89.993134)))
(2.094 ((-4.1853476e-06 0 0)(0 0 -89.993134)))
(2.095 ((-4.1853476e-06 0 0)(0 0 -89.993134)))
(2.096 ((-4.1853476e-06 0 0)(0 0 -89.993134)))
(2.097 ((-4.1853476e-06 0 0)(0 0 -89.993134)))
(2.098 ((-4.1853476e-06 0 0)(0 0 -89.993134)))
(2.099 ((-4.1853476e-06 0 0)(0 0 -89.993134)))
)
