2100
(
(0 ((-0 0 0)(0 0 -0)))
(0.001 ((-4.9783534e-06 0 0)(0 0 -0)))
(0.002 ((-1.1045295e-05 0 0)(0 0 -0)))
(0.003 ((-1.8435634e-05 0 0)(0 0 -0)))
(0.004 ((-2.7432754e-05 0 0)(0 0 -0)))
(0.005 ((-3.8378358e-05 0 0)(0 0 -0)))
(0.006 ((-5.1683198e-05 0 0)(0 0 -0)))
(0.007 ((-6.7839412e-05 0 0)(0 0 -0)))
(0.008 ((-8.7434282e-05 0 0)(0 0 -0)))
(0.009 ((-0.00011116529 0 0)(0 0 -0)))
(0.01 ((-0.00013985613 0 0)(0 0 -0)))
(0.011 ((-0.00017447303 0 0)(0 0 -0)))
(0.012 ((-0.00021614061 0 0)(0 0 -0)))
(0.013 ((-0.00026615594 0 0)(0 0 -0)))
(0.014 ((-0.00032599943 0 0)(0 0 -0)))
(0.015 ((-0.00039734061 0 0)(0 0 -0)))
(0.016 ((-0.00048203715 0 0)(0 0 -0)))
(0.017 ((-0.00058212536 0 0)(0 0 -0)))
(0.018 ((-0.00069980115 0 0)(0 0 -0)))
(0.019 ((-0.00083739114 0 0)(0 0 -0)))
(0.02 ((-0.00099731487 0 0)(0 0 -0)))
(0.021 ((-0.0011820402 0 0)(0 0 -0)))
(0.022 ((-0.0013940349 0 0)(0 0 -0)))
(0.023 ((-0.0016357187 0 0)(0 0 -0)))
(0.024 ((-0.001909418 0 0)(0 0 -0)))
(0.025 ((-0.0022173288 0 0)(0 0 -0)))
(0.026 ((-0.0025614875 0 0)(0 0 -0)))
(0.027 ((-0.0029437516 0 0)(0 0 -0)))
(0.028 ((-0.0033657907 0 0)(0 0 -0)))
(0.029 ((-0.0038290853 0 0)(0 0 -0)))
(0.03 ((-0.0043349323 0 0)(0 0 -0)))
(0.031 ((-0.0048844565 0 0)(0 0 -0)))
(0.032 ((-0.005478624 0 0)(0 0 -0)))
(0.033 ((-0.0061182586 0 0)(0 0 -0)))
(0.034 ((-0.0068040577 0 0)(0 0 -0)))
(0.035 ((-0.0075366085 0 0)(0 0 -0)))
(0.036 ((-0.0083164033 0 0)(0 0 -0)))
(0.037 ((-0.0091438528 0 0)(0 0 -0)))
(0.038 ((-0.010019299 0 0)(0 0 -0)))
(0.039 ((-0.010943024 0 0)(0 0 -0)))
(0.04 ((-0.011915265 0 0)(0 0 -0)))
(0.041 ((-0.012936213 0 0)(0 0 -0)))
(0.042 ((-0.014006029 0 0)(0 0 -0)))
(0.043 ((-0.015124845 0 0)(0 0 -0)))
(0.044 ((-0.016292769 0 0)(0 0 -0)))
(0.045 ((-0.01750989 0 0)(0 0 -0)))
(0.046 ((-0.018776281 0 0)(0 0 -0)))
(0.047 ((-0.020092002 0 0)(0 0 -0)))
(0.048 ((-0.021457102 0 0)(0 0 -0)))
(0.049 ((-0.022871623 0 0)(0 0 -0)))
(0.05 ((-0.024335596 0 0)(0 0 -0)))
(0.051 ((-0.025849049 0 0)(0 0 -0)))
(0.052 ((-0.027412005 0 0)(0 0 -0)))
(0.053 ((-0.029024481 0 0)(0 0 -0)))
(0.054 ((-0.030686493 0 0)(0 0 -0)))
(0.055 ((-0.032398053 0 0)(0 0 -0)))
(0.056 ((-0.034159171 0 0)(0 0 -0)))
(0.057 ((-0.035969854 0 0)(0 0 -0)))
(0.058 ((-0.037830111 0 0)(0 0 -0)))
(0.059 ((-0.039739945 0 0)(0 0 -0)))
(0.06 ((-0.041699363 0 0)(0 0 -0)))
(0.061 ((-0.043708367 0 0)(0 0 -0)))
(0.062 ((-0.04576696 0 0)(0 0 -0)))
(0.063 ((-0.047875146 0 0)(0 0 -0)))
(0.064 ((-0.050032925 0 0)(0 0 -0)))
(0.065 ((-0.0522403 0 0)(0 0 -0)))
(0.066 ((-0.054497272 0 0)(0 0 -0)))
(0.067 ((-0.056803842 0 0)(0 0 -0)))
(0.068 ((-0.059160012 0 0)(0 0 -0)))
(0.069 ((-0.061565781 0 0)(0 0 -0)))
(0.07 ((-0.06402115 0 0)(0 0 -0)))
(0.071 ((-0.06652612 0 0)(0 0 -0)))
(0.072 ((-0.069080692 0 0)(0 0 -0)))
(0.073 ((-0.071684865 0 0)(0 0 -0)))
(0.074 ((-0.07433864 0 0)(0 0 -0)))
(0.075 ((-0.077042017 0 0)(0 0 -0)))
(0.076 ((-0.079794997 0 0)(0 0 -0)))
(0.077 ((-0.082597578 0 0)(0 0 -0)))
(0.078 ((-0.085449762 0 0)(0 0 -0)))
(0.079 ((-0.088351549 0 0)(0 0 -0)))
(0.08 ((-0.091302938 0 0)(0 0 -0)))
(0.081 ((-0.09430393 0 0)(0 0 -0)))
(0.082 ((-0.097354524 0 0)(0 0 -0)))
(0.083 ((-0.10045472 0 0)(0 0 -0)))
(0.084 ((-0.10360452 0 0)(0 0 -0)))
(0.085 ((-0.10680392 0 0)(0 0 -0)))
(0.086 ((-0.11005293 0 0)(0 0 -0)))
(0.087 ((-0.11335153 0 0)(0 0 -0)))
(0.088 ((-0.11669974 0 0)(0 0 -0)))
(0.089 ((-0.12009755 0 0)(0 0 -0)))
(0.09 ((-0.12354496 0 0)(0 0 -0)))
(0.091 ((-0.12704197 0 0)(0 0 -0)))
(0.092 ((-0.13058858 0 0)(0 0 -0)))
(0.093 ((-0.13418479 0 0)(0 0 -0)))
(0.094 ((-0.13783061 0 0)(0 0 -0)))
(0.095 ((-0.14152601 0 0)(0 0 -0)))
(0.096 ((-0.14527102 0 0)(0 0 -0)))
(0.097 ((-0.14906562 0 0)(0 0 -0)))
(0.098 ((-0.15290982 0 0)(0 0 -0)))
(0.099 ((-0.1568036 0 0)(0 0 -0)))
(0.1 ((-0.16074698 0 0)(0 0 -0)))
(0.101 ((-0.16473995 0 0)(0 0 -0)))
(0.102 ((-0.16878249 0 0)(0 0 -0)))
(0.103 ((-0.17287462 0 0)(0 0 -0)))
(0.104 ((-0.17701631 0 0)(0 0 -0)))
(0.105 ((-0.18120758 0 0)(0 0 -0)))
(0.106 ((-0.1854484 0 0)(0 0 -0)))
(0.107 ((-0.18973877 0 0)(0 0 -0)))
(0.108 ((-0.19407867 0 0)(0 0 -0)))
(0.109 ((-0.1984681 0 0)(0 0 -0)))
(0.11 ((-0.20290702 0 0)(0 0 -0)))
(0.111 ((-0.20739543 0 0)(0 0 -0)))
(0.112 ((-0.21193329 0 0)(0 0 -0)))
(0.113 ((-0.21652057 0 0)(0 0 -0)))
(0.114 ((-0.22115723 0 0)(0 0 -0)))
(0.115 ((-0.22584322 0 0)(0 0 -0)))
(0.116 ((-0.23057848 0 0)(0 0 -0)))
(0.117 ((-0.23536294 0 0)(0 0 -0)))
(0.118 ((-0.24019651 0 0)(0 0 -0)))
(0.119 ((-0.24507907 0 0)(0 0 -0)))
(0.12 ((-0.2500105 0 0)(0 0 -0)))
(0.121 ((-0.25499064 0 0)(0 0 -0)))
(0.122 ((-0.2600193 0 0)(0 0 -0)))
(0.123 ((-0.26509623 0 0)(0 0 -0)))
(0.124 ((-0.27022117 0 0)(0 0 -0)))
(0.125 ((-0.27539375 0 0)(0 0 -0)))
(0.126 ((-0.28061358 0 0)(0 0 -0)))
(0.127 ((-0.28588016 0 0)(0 0 -0)))
(0.128 ((-0.29119291 0 0)(0 0 -0)))
(0.129 ((-0.29655112 0 0)(0 0 -0)))
(0.13 ((-0.30195398 0 0)(0 0 -0)))
(0.131 ((-0.30740051 0 0)(0 0 -0)))
(0.132 ((-0.3128896 0 0)(0 0 -0)))
(0.133 ((-0.31841994 0 0)(0 0 -0)))
(0.134 ((-0.32399006 0 0)(0 0 -0)))
(0.135 ((-0.32959828 0 0)(0 0 -0)))
(0.136 ((-0.33524275 0 0)(0 0 -0)))
(0.137 ((-0.34092143 0 0)(0 0 -0)))
(0.138 ((-0.34663213 0 0)(0 0 -0)))
(0.139 ((-0.35237252 0 0)(0 0 -0)))
(0.14 ((-0.35814017 0 0)(0 0 -0)))
(0.141 ((-0.36393263 0 0)(0 0 -0)))
(0.142 ((-0.36974742 0 0)(0 0 -0)))
(0.143 ((-0.37558213 0 0)(0 0 -0)))
(0.144 ((-0.38143442 0 0)(0 0 -0)))
(0.145 ((-0.3873021 0 0)(0 0 -0)))
(0.146 ((-0.39318314 0 0)(0 0 -0)))
(0.147 ((-0.39907568 0 0)(0 0 -0)))
(0.148 ((-0.40497805 0 0)(0 0 -0)))
(0.149 ((-0.41088876 0 0)(0 0 -0)))
(0.15 ((-0.41680652 0 0)(0 0 -0)))
(0.151 ((-0.42273021 0 0)(0 0 -0)))
(0.152 ((-0.42865886 0 0)(0 0 -0)))
(0.153 ((-0.43459165 0 0)(0 0 -0)))
(0.154 ((-0.44052787 0 0)(0 0 -0)))
(0.155 ((-0.44646695 0 0)(0 0 -0)))
(0.156 ((-0.45240839 0 0)(0 0 -0)))
(0.157 ((-0.45835177 0 0)(0 0 -0)))
(0.158 ((-0.46429676 0 0)(0 0 -0)))
(0.159 ((-0.47024307 0 0)(0 0 -0)))
(0.16 ((-0.47619048 0 0)(0 0 -0)))
(0.161 ((-0.48213877 0 0)(0 0 -0)))
(0.162 ((-0.48808781 0 0)(0 0 -0)))
(0.163 ((-0.49403744 0 0)(0 0 -0)))
(0.164 ((-0.49998758 0 0)(0 0 -0)))
(0.165 ((-0.50593811 0 0)(0 0 -0)))
(0.166 ((-0.51188898 0 0)(0 0 -0)))
(0.167 ((-0.51784013 0 0)(0 0 -0)))
(0.168 ((-0.5237915 0 0)(0 0 -0)))
(0.169 ((-0.52974305 0 0)(0 0 -0)))
(0.17 ((-0.53569475 0 0)(0 0 -0)))
(0.171 ((-0.54164657 0 0)(0 0 -0)))
(0.172 ((-0.5475985 0 0)(0 0 -0)))
(0.173 ((-0.55355051 0 0)(0 0 -0)))
(0.174 ((-0.55950258 0 0)(0 0 -0)))
(0.175 ((-0.56545471 0 0)(0 0 -0)))
(0.176 ((-0.57140689 0 0)(0 0 -0)))
(0.177 ((-0.5773591 0 0)(0 0 -0)))
(0.178 ((-0.58331134 0 0)(0 0 -0)))
(0.179 ((-0.58926361 0 0)(0 0 -0)))
(0.18 ((-0.5952159 0 0)(0 0 -0)))
(0.181 ((-0.60116821 0 0)(0 0 -0)))
(0.182 ((-0.60712053 0 0)(0 0 -0)))
(0.183 ((-0.61307286 0 0)(0 0 -0)))
(0.184 ((-0.6190252 0 0)(0 0 -0)))
(0.185 ((-0.62497754 0 0)(0 0 -0)))
(0.186 ((-0.6309299 0 0)(0 0 -0)))
(0.187 ((-0.63688225 0 0)(0 0 -0)))
(0.188 ((-0.64283462 0 0)(0 0 -0)))
(0.189 ((-0.64878698 0 0)(0 0 -0)))
(0.19 ((-0.65473935 0 0)(0 0 -0)))
(0.191 ((-0.66069172 0 0)(0 0 -0)))
(0.192 ((-0.66664409 0 0)(0 0 -0)))
(0.193 ((-0.67259647 0 0)(0 0 -0)))
(0.194 ((-0.67854884 0 0)(0 0 -0)))
(0.195 ((-0.68450122 0 0)(0 0 -0)))
(0.196 ((-0.6904536 0 0)(0 0 -0)))
(0.197 ((-0.69640598 0 0)(0 0 -0)))
(0.198 ((-0.70235835 0 0)(0 0 -0)))
(0.199 ((-0.70831073 0 0)(0 0 -0)))
(0.2 ((-0.71426311 0 0)(0 0 -0)))
(0.201 ((-0.72021549 0 0)(0 0 -0)))
(0.202 ((-0.72616787 0 0)(0 0 -0)))
(0.203 ((-0.73212025 0 0)(0 0 -0)))
(0.204 ((-0.73807263 0 0)(0 0 -0)))
(0.205 ((-0.74402501 0 0)(0 0 -0)))
(0.206 ((-0.74997739 0 0)(0 0 -0)))
(0.207 ((-0.75592977 0 0)(0 0 -0)))
(0.208 ((-0.76188215 0 0)(0 0 -0)))
(0.209 ((-0.76783453 0 0)(0 0 -0)))
(0.21 ((-0.77378692 0 0)(0 0 -0)))
(0.211 ((-0.7797393 0 0)(0 0 -0)))
(0.212 ((-0.78569168 0 0)(0 0 -0)))
(0.213 ((-0.79164406 0 0)(0 0 -0)))
(0.214 ((-0.79759644 0 0)(0 0 -0)))
(0.215 ((-0.80354882 0 0)(0 0 -0)))
(0.216 ((-0.8095012 0 0)(0 0 -0)))
(0.217 ((-0.81545358 0 0)(0 0 -0)))
(0.218 ((-0.82140596 0 0)(0 0 -0)))
(0.219 ((-0.82735834 0 0)(0 0 -0)))
(0.22 ((-0.83331072 0 0)(0 0 -0)))
(0.221 ((-0.8392631 0 0)(0 0 -0)))
(0.222 ((-0.84521549 0 0)(0 0 -0)))
(0.223 ((-0.85116787 0 0)(0 0 -0)))
(0.224 ((-0.85712025 0 0)(0 0 -0)))
(0.225 ((-0.86307263 0 0)(0 0 -0)))
(0.226 ((-0.86902501 0 0)(0 0 -0)))
(0.227 ((-0.87497739 0 0)(0 0 -0)))
(0.228 ((-0.88092977 0 0)(0 0 -0)))
(0.229 ((-0.88688215 0 0)(0 0 -0)))
(0.23 ((-0.89283453 0 0)(0 0 -0)))
(0.231 ((-0.89878691 0 0)(0 0 -0)))
(0.232 ((-0.9047393 0 0)(0 0 -0)))
(0.233 ((-0.91069168 0 0)(0 0 -0)))
(0.234 ((-0.91664406 0 0)(0 0 -0)))
(0.235 ((-0.92259644 0 0)(0 0 -0)))
(0.236 ((-0.92854882 0 0)(0 0 -0)))
(0.237 ((-0.9345012 0 0)(0 0 -0)))
(0.238 ((-0.94045358 0 0)(0 0 -0)))
(0.239 ((-0.94640596 0 0)(0 0 -0)))
(0.24 ((-0.95235834 0 0)(0 0 -0)))
(0.241 ((-0.95831072 0 0)(0 0 -0)))
(0.242 ((-0.9642631 0 0)(0 0 -0)))
(0.243 ((-0.97021549 0 0)(0 0 -0)))
(0.244 ((-0.97616787 0 0)(0 0 -0)))
(0.245 ((-0.98212025 0 0)(0 0 -0)))
(0.246 ((-0.98807263 0 0)(0 0 -0)))
(0.247 ((-0.99402501 0 0)(0 0 -0)))
(0.248 ((-0.99997739 0 0)(0 0 -0)))
(0.249 ((-1.0059298 0 0)(0 0 -0)))
(0.25 ((-1.0118822 0 0)(0 0 -0)))
(0.251 ((-1.0178345 0 0)(0 0 -0)))
(0.252 ((-1.0237869 0 0)(0 0 -0)))
(0.253 ((-1.0297393 0 0)(0 0 -0)))
(0.254 ((-1.0356917 0 0)(0 0 -0)))
(0.255 ((-1.0416441 0 0)(0 0 -0)))
(0.256 ((-1.0475964 0 0)(0 0 -0)))
(0.257 ((-1.0535488 0 0)(0 0 -0)))
(0.258 ((-1.0595012 0 0)(0 0 -0)))
(0.259 ((-1.0654536 0 0)(0 0 -0)))
(0.26 ((-1.071406 0 0)(0 0 -0)))
(0.261 ((-1.0773583 0 0)(0 0 -0)))
(0.262 ((-1.0833107 0 0)(0 0 -0)))
(0.263 ((-1.0892631 0 0)(0 0 -0)))
(0.264 ((-1.0952155 0 0)(0 0 -0)))
(0.265 ((-1.1011679 0 0)(0 0 -0)))
(0.266 ((-1.1071202 0 0)(0 0 -0)))
(0.267 ((-1.1130726 0 0)(0 0 -0)))
(0.268 ((-1.119025 0 0)(0 0 -0)))
(0.269 ((-1.1249774 0 0)(0 0 -0)))
(0.27 ((-1.1309298 0 0)(0 0 -0)))
(0.271 ((-1.1368822 0 0)(0 0 -0)))
(0.272 ((-1.1428345 0 0)(0 0 -0)))
(0.273 ((-1.1487869 0 0)(0 0 -0)))
(0.274 ((-1.1547393 0 0)(0 0 -0)))
(0.275 ((-1.1606917 0 0)(0 0 -0)))
(0.276 ((-1.1666441 0 0)(0 0 -0)))
(0.277 ((-1.1725964 0 0)(0 0 -0)))
(0.278 ((-1.1785488 0 0)(0 0 -0)))
(0.279 ((-1.1845012 0 0)(0 0 -0)))
(0.28 ((-1.1904536 0 0)(0 0 -0)))
(0.281 ((-1.196406 0 0)(0 0 -0)))
(0.282 ((-1.2023583 0 0)(0 0 -0)))
(0.283 ((-1.2083107 0 0)(0 0 -0)))
(0.284 ((-1.2142631 0 0)(0 0 -0)))
(0.285 ((-1.2202155 0 0)(0 0 -0)))
(0.286 ((-1.2261679 0 0)(0 0 -0)))
(0.287 ((-1.2321202 0 0)(0 0 -0)))
(0.288 ((-1.2380726 0 0)(0 0 -0)))
(0.289 ((-1.244025 0 0)(0 0 -0)))
(0.29 ((-1.2499774 0 0)(0 0 -0)))
(0.291 ((-1.2559298 0 0)(0 0 -0)))
(0.292 ((-1.2618822 0 0)(0 0 -0)))
(0.293 ((-1.2678345 0 0)(0 0 -0)))
(0.294 ((-1.2737869 0 0)(0 0 -0)))
(0.295 ((-1.2797393 0 0)(0 0 -0)))
(0.296 ((-1.2856917 0 0)(0 0 -0)))
(0.297 ((-1.2916441 0 0)(0 0 -0)))
(0.298 ((-1.2975964 0 0)(0 0 -0)))
(0.299 ((-1.3035488 0 0)(0 0 -0)))
(0.3 ((-1.3095012 0 0)(0 0 -4.9406565e-324)))
(0.301 ((-1.3154536 0 0)(0 0 -0)))
(0.302 ((-1.321406 0 0)(0 0 -9.8813129e-324)))
(0.303 ((-1.3273583 0 0)(0 0 3.9525252e-323)))
(0.304 ((-1.3333107 0 0)(0 0 -1.3833838e-322)))
(0.305 ((-1.3392631 0 0)(0 0 5.2865024e-322)))
(0.306 ((-1.3452155 0 0)(0 0 -1.9762626e-321)))
(0.307 ((-1.3511679 0 0)(0 0 7.3566375e-321)))
(0.308 ((-1.3571202 0 0)(0 0 -2.747005e-320)))
(0.309 ((-1.3630726 0 0)(0 0 1.025038e-319)))
(0.31 ((-1.369025 0 0)(0 0 -3.8255009e-319)))
(0.311 ((-1.3749774 0 0)(0 0 1.4277114e-318)))
(0.312 ((-1.3809298 0 0)(0 0 -5.3282806e-318)))
(0.313 ((-1.3868822 0 0)(0 0 1.9885411e-317)))
(0.314 ((-1.3928345 0 0)(0 0 -7.4213339e-317)))
(0.315 ((-1.3987869 0 0)(0 0 2.7696798e-316)))
(0.316 ((-1.4047393 0 0)(0 0 -1.0336585e-315)))
(0.317 ((-1.4106917 0 0)(0 0 3.8576662e-315)))
(0.318 ((-1.4166441 0 0)(0 0 -1.4397006e-314)))
(0.319 ((-1.4225964 0 0)(0 0 5.3730359e-314)))
(0.32 ((-1.4285488 0 0)(0 0 -2.0052443e-313)))
(0.321 ((-1.4345012 0 0)(0 0 7.4836736e-313)))
(0.322 ((-1.4404536 0 0)(0 0 -2.792945e-312)))
(0.323 ((-1.446406 0 0)(0 0 1.0423413e-311)))
(0.324 ((-1.4523583 0 0)(0 0 -3.8900706e-311)))
(0.325 ((-1.4583107 0 0)(0 0 1.4517941e-310)))
(0.326 ((-1.4642631 0 0)(0 0 -5.4181694e-310)))
(0.327 ((-1.4702155 0 0)(0 0 2.0220883e-309)))
(0.328 ((-1.4761679 0 0)(0 0 -7.5465364e-309)))
(0.329 ((-1.4821202 0 0)(0 0 2.8164057e-308)))
(0.33 ((-1.4880726 0 0)(0 0 -1.0510969e-307)))
(0.331 ((-1.494025 0 0)(0 0 3.9227471e-307)))
(0.332 ((-1.4999774 0 0)(0 0 -1.4639892e-306)))
(0.333 ((-1.5059298 0 0)(0 0 5.4636819e-306)))
(0.334 ((-1.5118822 0 0)(0 0 -2.0390739e-305)))
(0.335 ((-1.5178345 0 0)(0 0 7.6099273e-305)))
(0.336 ((-1.5237869 0 0)(0 0 -2.8400635e-304)))
(0.337 ((-1.5297393 0 0)(0 0 1.0599261e-303)))
(0.338 ((-1.5356917 0 0)(0 0 -3.9556982e-303)))
(0.339 ((-1.5416441 0 0)(0 0 1.4762867e-302)))
(0.34 ((-1.5475964 0 0)(0 0 -5.5095768e-302)))
(0.341 ((-1.5535488 0 0)(0 0 2.0562021e-301)))
(0.342 ((-1.5595012 0 0)(0 0 -7.6738506e-301)))
(0.343 ((-1.5654536 0 0)(0 0 2.86392e-300)))
(0.344 ((-1.571406 0 0)(0 0 -1.0688295e-299)))
(0.345 ((-1.5773583 0 0)(0 0 3.988926e-299)))
(0.346 ((-1.5833107 0 0)(0 0 -1.4886875e-298)))
(0.347 ((-1.5892631 0 0)(0 0 5.5558572e-298)))
(0.348 ((-1.5952155 0 0)(0 0 -2.0734741e-297)))
(0.349 ((-1.6011679 0 0)(0 0 7.7383108e-297)))
(0.35 ((-1.6071202 0 0)(0 0 -2.8879769e-296)))
(0.351 ((-1.6130726 0 0)(0 0 1.0778077e-295)))
(0.352 ((-1.619025 0 0)(0 0 -4.0224329e-295)))
(0.353 ((-1.6249774 0 0)(0 0 1.5011924e-294)))
(0.354 ((-1.6309298 0 0)(0 0 -5.6025264e-294)))
(0.355 ((-1.6368822 0 0)(0 0 2.0908913e-293)))
(0.356 ((-1.6428345 0 0)(0 0 -7.8033126e-293)))
(0.357 ((-1.6487869 0 0)(0 0 2.9122359e-292)))
(0.358 ((-1.6547393 0 0)(0 0 -1.0868612e-291)))
(0.359 ((-1.6606917 0 0)(0 0 4.0562213e-291)))
(0.36 ((-1.6666441 0 0)(0 0 -1.5138024e-290)))
(0.361 ((-1.6725964 0 0)(0 0 5.6495875e-290)))
(0.362 ((-1.6785488 0 0)(0 0 -2.1084548e-289)))
(0.363 ((-1.6845012 0 0)(0 0 7.8688603e-289)))
(0.364 ((-1.6904536 0 0)(0 0 -2.9366986e-288)))
(0.365 ((-1.696406 0 0)(0 0 1.0959909e-287)))
(0.366 ((-1.7023583 0 0)(0 0 -4.0902936e-287)))
(0.367 ((-1.7083107 0 0)(0 0 1.5265183e-286)))
(0.368 ((-1.7142631 0 0)(0 0 -5.697044e-286)))
(0.369 ((-1.7202155 0 0)(0 0 2.1261658e-285)))
(0.37 ((-1.7261679 0 0)(0 0 -7.9349587e-285)))
(0.371 ((-1.7321202 0 0)(0 0 2.9613669e-284)))
(0.372 ((-1.7380726 0 0)(0 0 -1.1051972e-283)))
(0.373 ((-1.744025 0 0)(0 0 4.124652e-283)))
(0.374 ((-1.7499774 0 0)(0 0 -1.5393411e-282)))
(0.375 ((-1.7559298 0 0)(0 0 5.7448991e-282)))
(0.376 ((-1.7618822 0 0)(0 0 -2.1440255e-281)))
(0.377 ((-1.7678345 0 0)(0 0 8.0016122e-281)))
(0.378 ((-1.7737869 0 0)(0 0 -2.9862423e-280)))
(0.379 ((-1.7797393 0 0)(0 0 1.1144808e-279)))
(0.38 ((-1.7856917 0 0)(0 0 -4.159299e-279)))
(0.381 ((-1.7916441 0 0)(0 0 1.5522715e-278)))
(0.382 ((-1.7975964 0 0)(0 0 -5.7931562e-278)))
(0.383 ((-1.8035488 0 0)(0 0 2.1620353e-277)))
(0.384 ((-1.8095012 0 0)(0 0 -8.0688257e-277)))
(0.385 ((-1.8154536 0 0)(0 0 3.0113267e-276)))
(0.386 ((-1.821406 0 0)(0 0 -1.1238424e-275)))
(0.387 ((-1.8273583 0 0)(0 0 4.1942371e-275)))
(0.388 ((-1.8333107 0 0)(0 0 -1.5653106e-274)))
(0.389 ((-1.8392631 0 0)(0 0 5.8418187e-274)))
(0.39 ((-1.8452155 0 0)(0 0 -2.1801964e-273)))
(0.391 ((-1.8511679 0 0)(0 0 8.1366038e-273)))
(0.392 ((-1.8571202 0 0)(0 0 -3.0366219e-272)))
(0.393 ((-1.8630726 0 0)(0 0 1.1332827e-271)))
(0.394 ((-1.869025 0 0)(0 0 -4.2294686e-271)))
(0.395 ((-1.8749774 0 0)(0 0 1.5784592e-270)))
(0.396 ((-1.8809298 0 0)(0 0 -5.8908899e-270)))
(0.397 ((-1.8868822 0 0)(0 0 2.19851e-269)))
(0.398 ((-1.8928345 0 0)(0 0 -8.2049511e-269)))
(0.399 ((-1.8987869 0 0)(0 0 3.0621295e-268)))
(0.4 ((-1.9047393 0 0)(0 0 -1.1428023e-267)))
(0.401 ((-1.9106917 0 0)(0 0 4.2649961e-267)))
(0.402 ((-1.9166441 0 0)(0 0 -1.5917182e-266)))
(0.403 ((-1.9225964 0 0)(0 0 5.9403733e-266)))
(0.404 ((-1.9285488 0 0)(0 0 -2.2169775e-265)))
(0.405 ((-1.9345012 0 0)(0 0 8.2738727e-265)))
(0.406 ((-1.9404536 0 0)(0 0 -3.0878513e-264)))
(0.407 ((-1.946406 0 0)(0 0 1.1524018e-263)))
(0.408 ((-1.9523583 0 0)(0 0 -4.3008221e-263)))
(0.409 ((-1.9583107 0 0)(0 0 1.6050886e-262)))
(0.41 ((-1.9642631 0 0)(0 0 -5.9902724e-262)))
(0.411 ((-1.9702155 0 0)(0 0 2.2356001e-261)))
(0.412 ((-1.9761679 0 0)(0 0 -8.3433731e-261)))
(0.413 ((-1.9821202 0 0)(0 0 3.1137892e-260)))
(0.414 ((-1.9880726 0 0)(0 0 -1.162082e-259)))
(0.415 ((-1.994025 0 0)(0 0 4.3369489e-259)))
(0.416 ((-1.9999774 0 0)(0 0 -1.6185714e-258)))
(0.417 ((-2.0059298 0 0)(0 0 6.0405906e-258)))
(0.418 ((-2.0118822 0 0)(0 0 -2.2543791e-257)))
(0.419 ((-2.0178345 0 0)(0 0 8.4134574e-257)))
(0.42 ((-2.0237869 0 0)(0 0 -3.139945e-256)))
(0.421 ((-2.0297393 0 0)(0 0 1.1718434e-255)))
(0.422 ((-2.0356917 0 0)(0 0 -4.3733793e-255)))
(0.423 ((-2.0416441 0 0)(0 0 1.6321674e-254)))
(0.424 ((-2.0475964 0 0)(0 0 -6.0913315e-254)))
(0.425 ((-2.0535488 0 0)(0 0 2.2733159e-253)))
(0.426 ((-2.0595012 0 0)(0 0 -8.4841303e-253)))
(0.427 ((-2.0654536 0 0)(0 0 3.1663205e-252)))
(0.428 ((-2.071406 0 0)(0 0 -1.1816869e-251)))
(0.429 ((-2.0773583 0 0)(0 0 4.4101156e-251)))
(0.43 ((-2.0833107 0 0)(0 0 -1.6458775e-250)))
(0.431 ((-2.0892631 0 0)(0 0 6.1424986e-250)))
(0.432 ((-2.0952155 0 0)(0 0 -2.2924117e-249)))
(0.433 ((-2.1011679 0 0)(0 0 8.5553969e-249)))
(0.434 ((-2.1071202 0 0)(0 0 -3.1929176e-248)))
(0.435 ((-2.1130726 0 0)(0 0 1.1916131e-247)))
(0.436 ((-2.119025 0 0)(0 0 -4.4471605e-247)))
(0.437 ((-2.1249774 0 0)(0 0 1.6597029e-246)))
(0.438 ((-2.1309298 0 0)(0 0 -6.1940956e-246)))
(0.439 ((-2.1368822 0 0)(0 0 2.3116679e-245)))
(0.44 ((-2.1428345 0 0)(0 0 -8.6272622e-245)))
(0.441 ((-2.1487869 0 0)(0 0 3.2197381e-244)))
(0.442 ((-2.1547393 0 0)(0 0 -1.2016226e-243)))
(0.443 ((-2.1606917 0 0)(0 0 4.4845166e-243)))
(0.444 ((-2.1666441 0 0)(0 0 -1.6736444e-242)))
(0.445 ((-2.1725964 0 0)(0 0 6.2461259e-242)))
(0.446 ((-2.1785488 0 0)(0 0 -2.3310859e-241)))
(0.447 ((-2.1845012 0 0)(0 0 8.6997311e-241)))
(0.448 ((-2.1904536 0 0)(0 0 -3.2467838e-240)))
(0.449 ((-2.196406 0 0)(0 0 1.2117162e-239)))
(0.45 ((-2.2023583 0 0)(0 0 -4.5221865e-239)))
(0.451 ((-2.2083107 0 0)(0 0 1.687703e-238)))
(0.452 ((-2.2142631 0 0)(0 0 -6.2985933e-238)))
(0.453 ((-2.2202155 0 0)(0 0 2.350667e-237)))
(0.454 ((-2.2261679 0 0)(0 0 -8.7728087e-237)))
(0.455 ((-2.2321202 0 0)(0 0 3.2740568e-236)))
(0.456 ((-2.2380726 0 0)(0 0 -1.2218946e-235)))
(0.457 ((-2.244025 0 0)(0 0 4.5601728e-235)))
(0.458 ((-2.2499774 0 0)(0 0 -1.7018797e-234)))
(0.459 ((-2.2559298 0 0)(0 0 6.3515014e-234)))
(0.46 ((-2.2618822 0 0)(0 0 -2.3704126e-233)))
(0.461 ((-2.2678345 0 0)(0 0 8.8465003e-233)))
(0.462 ((-2.2737869 0 0)(0 0 -3.3015588e-232)))
(0.463 ((-2.2797393 0 0)(0 0 1.2321585e-231)))
(0.464 ((-2.2856917 0 0)(0 0 -4.5984783e-231)))
(0.465 ((-2.2916441 0 0)(0 0 1.7161754e-230)))
(0.466 ((-2.2975964 0 0)(0 0 -6.404854e-230)))
(0.467 ((-2.3035488 0 0)(0 0 2.390324e-229)))
(0.468 ((-2.3095012 0 0)(0 0 -8.9208108e-229)))
(0.469 ((-2.3154536 0 0)(0 0 3.3292919e-228)))
(0.47 ((-2.321406 0 0)(0 0 -1.2425087e-227)))
(0.471 ((-2.3273583 0 0)(0 0 4.6371054e-227)))
(0.472 ((-2.3333107 0 0)(0 0 -1.7305913e-226)))
(0.473 ((-2.3392631 0 0)(0 0 6.4586547e-226)))
(0.474 ((-2.3452155 0 0)(0 0 -2.4104027e-225)))
(0.475 ((-2.3511679 0 0)(0 0 8.9957455e-225)))
(0.476 ((-2.3571202 0 0)(0 0 -3.3572579e-224)))
(0.477 ((-2.3630726 0 0)(0 0 1.2529457e-223)))
(0.478 ((-2.369025 0 0)(0 0 -4.6760571e-223)))
(0.479 ((-2.3749774 0 0)(0 0 1.7451283e-222)))
(0.48 ((-2.3809298 0 0)(0 0 -6.5129073e-222)))
(0.481 ((-2.3868822 0 0)(0 0 2.4306501e-221)))
(0.482 ((-2.3928345 0 0)(0 0 -9.0713097e-221)))
(0.483 ((-2.3987869 0 0)(0 0 3.3854589e-220)))
(0.484 ((-2.4047393 0 0)(0 0 -1.2634704e-219)))
(0.485 ((-2.4106917 0 0)(0 0 4.7153359e-219)))
(0.486 ((-2.4166441 0 0)(0 0 -1.7597873e-218)))
(0.487 ((-2.4225964 0 0)(0 0 6.5676157e-218)))
(0.488 ((-2.4285488 0 0)(0 0 -2.4510675e-217)))
(0.489 ((-2.4345012 0 0)(0 0 9.1475086e-217)))
(0.49 ((-2.4404536 0 0)(0 0 -3.4138967e-216)))
(0.491 ((-2.446406 0 0)(0 0 1.2740836e-215)))
(0.492 ((-2.4523583 0 0)(0 0 -4.7549447e-215)))
(0.493 ((-2.4583107 0 0)(0 0 1.7745695e-214)))
(0.494 ((-2.4642631 0 0)(0 0 -6.6227836e-214)))
(0.495 ((-2.4702155 0 0)(0 0 2.4716565e-213)))
(0.496 ((-2.4761679 0 0)(0 0 -9.2243476e-213)))
(0.497 ((-2.4821202 0 0)(0 0 3.4425734e-212)))
(0.498 ((-2.4880726 0 0)(0 0 -1.2847859e-211)))
(0.499 ((-2.494025 0 0)(0 0 4.7948862e-211)))
(0.5 ((-2.4999774 0 0)(0 0 -1.7894759e-210)))
(0.501 ((-2.5059298 0 0)(0 0 6.6784149e-210)))
(0.502 ((-2.5118822 0 0)(0 0 -2.4924184e-209)))
(0.503 ((-2.5178345 0 0)(0 0 9.301832e-209)))
(0.504 ((-2.5237869 0 0)(0 0 -3.471491e-208)))
(0.505 ((-2.5297393 0 0)(0 0 1.2955781e-207)))
(0.506 ((-2.5356917 0 0)(0 0 -4.8351632e-207)))
(0.507 ((-2.5416441 0 0)(0 0 1.8045075e-206)))
(0.508 ((-2.5475964 0 0)(0 0 -6.7345135e-206)))
(0.509 ((-2.5535488 0 0)(0 0 2.5133547e-205)))
(0.51 ((-2.5595012 0 0)(0 0 -9.3799673e-205)))
(0.511 ((-2.5654536 0 0)(0 0 3.5006514e-204)))
(0.512 ((-2.571406 0 0)(0 0 -1.3064609e-203)))
(0.513 ((-2.5773583 0 0)(0 0 4.8757785e-203)))
(0.514 ((-2.5833107 0 0)(0 0 -1.8196653e-202)))
(0.515 ((-2.5892631 0 0)(0 0 6.7910834e-202)))
(0.516 ((-2.5952155 0 0)(0 0 -2.5344668e-201)))
(0.517 ((-2.6011679 0 0)(0 0 9.4587589e-201)))
(0.518 ((-2.6071202 0 0)(0 0 -3.5300569e-200)))
(0.519 ((-2.6130726 0 0)(0 0 1.3174352e-199)))
(0.52 ((-2.619025 0 0)(0 0 -4.916735e-199)))
(0.521 ((-2.6249774 0 0)(0 0 1.8349505e-198)))
(0.522 ((-2.6309298 0 0)(0 0 -6.8481284e-198)))
(0.523 ((-2.6368822 0 0)(0 0 2.5557563e-197)))
(0.524 ((-2.6428345 0 0)(0 0 -9.5382124e-197)))
(0.525 ((-2.6487869 0 0)(0 0 3.5597093e-196)))
(0.526 ((-2.6547393 0 0)(0 0 -1.3285016e-195)))
(0.527 ((-2.6606917 0 0)(0 0 4.9580355e-195)))
(0.528 ((-2.6666441 0 0)(0 0 -1.850364e-194)))
(0.529 ((-2.6725964 0 0)(0 0 6.9056526e-194)))
(0.53 ((-2.6785488 0 0)(0 0 -2.5772246e-193)))
(0.531 ((-2.6845012 0 0)(0 0 9.6183333e-193)))
(0.532 ((-2.6904536 0 0)(0 0 -3.5896108e-192)))
(0.533 ((-2.696406 0 0)(0 0 1.339661e-191)))
(0.534 ((-2.7023583 0 0)(0 0 -4.9996829e-191)))
(0.535 ((-2.7083107 0 0)(0 0 1.8659071e-190)))
(0.536 ((-2.7142631 0 0)(0 0 -6.96366e-190)))
(0.537 ((-2.7202155 0 0)(0 0 2.5988733e-189)))
(0.538 ((-2.7261679 0 0)(0 0 -9.6991272e-189)))
(0.539 ((-2.7321202 0 0)(0 0 3.6197635e-188)))
(0.54 ((-2.7380726 0 0)(0 0 -1.3509141e-187)))
(0.541 ((-2.744025 0 0)(0 0 5.0416802e-187)))
(0.542 ((-2.7499774 0 0)(0 0 -1.8815807e-186)))
(0.543 ((-2.7559298 0 0)(0 0 7.0221547e-186)))
(0.544 ((-2.7618822 0 0)(0 0 -2.6207038e-185)))
(0.545 ((-2.7678345 0 0)(0 0 9.7805998e-185)))
(0.546 ((-2.7737869 0 0)(0 0 -3.6501695e-184)))
(0.547 ((-2.7797393 0 0)(0 0 1.3622618e-183)))
(0.548 ((-2.7856917 0 0)(0 0 -5.0840303e-183)))
(0.549 ((-2.7916441 0 0)(0 0 1.8973859e-182)))
(0.55 ((-2.7975964 0 0)(0 0 -7.0811407e-182)))
(0.551 ((-2.8035488 0 0)(0 0 2.6427177e-181)))
(0.552 ((-2.8095012 0 0)(0 0 -9.8627567e-181)))
(0.553 ((-2.8154536 0 0)(0 0 3.6808309e-180)))
(0.554 ((-2.821406 0 0)(0 0 -1.3737048e-179)))
(0.555 ((-2.8273583 0 0)(0 0 5.1267361e-179)))
(0.556 ((-2.8333107 0 0)(0 0 -1.913324e-178)))
(0.557 ((-2.8392631 0 0)(0 0 7.1406222e-178)))
(0.558 ((-2.8452155 0 0)(0 0 -2.6649165e-177)))
(0.559 ((-2.8511679 0 0)(0 0 9.9456038e-177)))
(0.56 ((-2.8571202 0 0)(0 0 -3.7117499e-176)))
(0.561 ((-2.8630726 0 0)(0 0 1.3852439e-175)))
(0.562 ((-2.869025 0 0)(0 0 -5.1698006e-175)))
(0.563 ((-2.8749774 0 0)(0 0 1.9293959e-174)))
(0.564 ((-2.8809298 0 0)(0 0 -7.2006034e-174)))
(0.565 ((-2.8868822 0 0)(0 0 2.6873018e-173)))
(0.566 ((-2.8928345 0 0)(0 0 -1.0029147e-172)))
(0.567 ((-2.8987869 0 0)(0 0 3.7429285e-172)))
(0.568 ((-2.9047393 0 0)(0 0 -1.3968799e-171)))
(0.569 ((-2.9106917 0 0)(0 0 5.2132269e-171)))
(0.57 ((-2.9166441 0 0)(0 0 -1.9456028e-170)))
(0.571 ((-2.9225964 0 0)(0 0 7.2610884e-170)))
(0.572 ((-2.9285488 0 0)(0 0 -2.7098751e-169)))
(0.573 ((-2.9345012 0 0)(0 0 1.0113391e-168)))
(0.574 ((-2.9404536 0 0)(0 0 -3.7743691e-168)))
(0.575 ((-2.946406 0 0)(0 0 1.4086137e-167)))
(0.576 ((-2.9523583 0 0)(0 0 -5.257018e-167)))
(0.577 ((-2.9583107 0 0)(0 0 1.9619458e-166)))
(0.578 ((-2.9642631 0 0)(0 0 -7.3220815e-166)))
(0.579 ((-2.9702155 0 0)(0 0 2.732638e-165)))
(0.58 ((-2.9761679 0 0)(0 0 -1.0198344e-164)))
(0.581 ((-2.9821202 0 0)(0 0 3.8060737e-164)))
(0.582 ((-2.9880726 0 0)(0 0 -1.4204461e-163)))
(0.583 ((-2.994025 0 0)(0 0 5.3011769e-163)))
(0.584 ((-2.9999774 0 0)(0 0 -1.9784261e-162)))
(0.585 ((-3.0059298 0 0)(0 0 7.3835869e-162)))
(0.586 ((-3.0118822 0 0)(0 0 -2.7555921e-161)))
(0.587 ((-3.0178345 0 0)(0 0 1.028401e-160)))
(0.588 ((-3.0237869 0 0)(0 0 -3.8380447e-160)))
(0.589 ((-3.0297393 0 0)(0 0 1.4323778e-159)))
(0.59 ((-3.0356917 0 0)(0 0 -5.3457067e-159)))
(0.591 ((-3.0416441 0 0)(0 0 1.9950449e-158)))
(0.592 ((-3.0475964 0 0)(0 0 -7.4456089e-158)))
(0.593 ((-3.0535488 0 0)(0 0 2.7787391e-157)))
(0.594 ((-3.0595012 0 0)(0 0 -1.0370395e-156)))
(0.595 ((-3.0654536 0 0)(0 0 3.8702843e-156)))
(0.596 ((-3.071406 0 0)(0 0 -1.4444097e-155)))
(0.597 ((-3.0773583 0 0)(0 0 5.3906106e-155)))
(0.598 ((-3.0833107 0 0)(0 0 -2.0118033e-154)))
(0.599 ((-3.0892631 0 0)(0 0 7.508152e-154)))
(0.6 ((-3.0952155 0 0)(0 0 -2.8020805e-153)))
(0.601 ((-3.1011679 0 0)(0 0 1.0457507e-152)))
(0.602 ((-3.1071202 0 0)(0 0 -3.9027946e-152)))
(0.603 ((-3.1130726 0 0)(0 0 1.4565428e-151)))
(0.604 ((-3.119025 0 0)(0 0 -5.4358916e-151)))
(0.605 ((-3.1249774 0 0)(0 0 2.0287024e-150)))
(0.606 ((-3.1309298 0 0)(0 0 -7.5712204e-150)))
(0.607 ((-3.1368822 0 0)(0 0 2.8256179e-149)))
(0.608 ((-3.1428345 0 0)(0 0 -1.054535e-148)))
(0.609 ((-3.1487869 0 0)(0 0 3.935578e-148)))
(0.61 ((-3.1547393 0 0)(0 0 -1.4687777e-147)))
(0.611 ((-3.1606917 0 0)(0 0 5.4815531e-147)))
(0.612 ((-3.1666441 0 0)(0 0 -2.0457435e-146)))
(0.613 ((-3.1725964 0 0)(0 0 7.6348185e-146)))
(0.614 ((-3.1785488 0 0)(0 0 -2.8493531e-145)))
(0.615 ((-3.1845012 0 0)(0 0 1.063393e-144)))
(0.616 ((-3.1904536 0 0)(0 0 -3.9686369e-144)))
(0.617 ((-3.196406 0 0)(0 0 1.4811154e-143)))
(0.618 ((-3.2023583 0 0)(0 0 -5.5275981e-143)))
(0.619 ((-3.2083107 0 0)(0 0 2.0629277e-142)))
(0.62 ((-3.2142631 0 0)(0 0 -7.6989509e-142)))
(0.621 ((-3.2202155 0 0)(0 0 2.8732876e-141)))
(0.622 ((-3.2261679 0 0)(0 0 -1.0723255e-140)))
(0.623 ((-3.2321202 0 0)(0 0 4.0019734e-140)))
(0.624 ((-3.2380726 0 0)(0 0 -1.4935568e-139)))
(0.625 ((-3.244025 0 0)(0 0 5.5740298e-139)))
(0.626 ((-3.2499774 0 0)(0 0 -2.0802563e-138)))
(0.627 ((-3.2559298 0 0)(0 0 7.7636221e-138)))
(0.628 ((-3.2618822 0 0)(0 0 -2.8974232e-137)))
(0.629 ((-3.2678345 0 0)(0 0 1.0813331e-136)))
(0.63 ((-3.2737869 0 0)(0 0 -4.0355899e-136)))
(0.631 ((-3.2797393 0 0)(0 0 1.5061027e-135)))
(0.632 ((-3.2856917 0 0)(0 0 -5.6208516e-135)))
(0.633 ((-3.2916441 0 0)(0 0 2.0977304e-134)))
(0.634 ((-3.2975964 0 0)(0 0 -7.8288364e-134)))
(0.635 ((-3.3035488 0 0)(0 0 2.9217615e-133)))
(0.636 ((-3.3095012 0 0)(0 0 -1.0904162e-132)))
(0.637 ((-3.3154536 0 0)(0 0 4.0694888e-132)))
(0.638 ((-3.321406 0 0)(0 0 -1.5187539e-131)))
(0.639 ((-3.3273583 0 0)(0 0 5.6680667e-131)))
(0.64 ((-3.3333107 0 0)(0 0 -2.1153513e-130)))
(0.641 ((-3.3392631 0 0)(0 0 7.8945985e-130)))
(0.642 ((-3.3452155 0 0)(0 0 -2.9463043e-129)))
(0.643 ((-3.3511679 0 0)(0 0 1.0995757e-128)))
(0.644 ((-3.3571202 0 0)(0 0 -4.1036725e-128)))
(0.645 ((-3.3630726 0 0)(0 0 1.5315114e-127)))
(0.646 ((-3.369025 0 0)(0 0 -5.7156784e-127)))
(0.647 ((-3.3749774 0 0)(0 0 2.1331202e-126)))
(0.648 ((-3.3809298 0 0)(0 0 -7.9609131e-126)))
(0.649 ((-3.3868822 0 0)(0 0 2.9710532e-125)))
(0.65 ((-3.3928345 0 0)(0 0 -1.1088122e-124)))
(0.651 ((-3.3987869 0 0)(0 0 4.1381433e-124)))
(0.652 ((-3.4047393 0 0)(0 0 -1.5443761e-123)))
(0.653 ((-3.4106917 0 0)(0 0 5.7636901e-123)))
(0.654 ((-3.4166441 0 0)(0 0 -2.1510384e-122)))
(0.655 ((-3.4225964 0 0)(0 0 8.0277847e-122)))
(0.656 ((-3.4285488 0 0)(0 0 -2.99601e-121)))
(0.657 ((-3.4345012 0 0)(0 0 1.1181262e-120)))
(0.658 ((-3.4404536 0 0)(0 0 -4.1729037e-120)))
(0.659 ((-3.446406 0 0)(0 0 1.5573488e-119)))
(0.66 ((-3.4523583 0 0)(0 0 -5.812105e-119)))
(0.661 ((-3.4583107 0 0)(0 0 2.1691071e-118)))
(0.662 ((-3.4642631 0 0)(0 0 -8.095218e-118)))
(0.663 ((-3.4702155 0 0)(0 0 3.0211765e-117)))
(0.664 ((-3.4761679 0 0)(0 0 -1.1275184e-116)))
(0.665 ((-3.4821202 0 0)(0 0 4.207956e-116)))
(0.666 ((-3.4880726 0 0)(0 0 -1.5704306e-115)))
(0.667 ((-3.494025 0 0)(0 0 5.8609266e-115)))
(0.668 ((-3.4999774 0 0)(0 0 -2.1873276e-114)))
(0.669 ((-3.5059298 0 0)(0 0 8.1632177e-114)))
(0.67 ((-3.5118822 0 0)(0 0 -3.0465543e-113)))
(0.671 ((-3.5178345 0 0)(0 0 1.1369896e-112)))
(0.672 ((-3.5237869 0 0)(0 0 -4.2433028e-112)))
(0.673 ((-3.5297393 0 0)(0 0 1.5836222e-111)))
(0.674 ((-3.5356917 0 0)(0 0 -5.9101584e-111)))
(0.675 ((-3.5416441 0 0)(0 0 2.2057011e-110)))
(0.676 ((-3.5475964 0 0)(0 0 -8.2317887e-110)))
(0.677 ((-3.5535488 0 0)(0 0 3.0721454e-109)))
(0.678 ((-3.5595012 0 0)(0 0 -1.1465403e-108)))
(0.679 ((-3.5654536 0 0)(0 0 4.2789465e-108)))
(0.68 ((-3.571406 0 0)(0 0 -1.5969246e-107)))
(0.681 ((-3.5773583 0 0)(0 0 5.9598036e-107)))
(0.682 ((-3.5833107 0 0)(0 0 -2.224229e-106)))
(0.683 ((-3.5892631 0 0)(0 0 8.3009356e-106)))
(0.684 ((-3.5952155 0 0)(0 0 -3.0979514e-105)))
(0.685 ((-3.6011679 0 0)(0 0 1.1561712e-104)))
(0.686 ((-3.6071202 0 0)(0 0 -4.3148896e-104)))
(0.687 ((-3.6130726 0 0)(0 0 1.6103387e-103)))
(0.688 ((-3.619025 0 0)(0 0 -6.0098659e-103)))
(0.689 ((-3.6249774 0 0)(0 0 2.2429125e-102)))
(0.69 ((-3.6309298 0 0)(0 0 -8.3706634e-102)))
(0.691 ((-3.6368822 0 0)(0 0 3.1239741e-101)))
(0.692 ((-3.6428345 0 0)(0 0 -1.165883e-100)))
(0.693 ((-3.6487869 0 0)(0 0 4.3511346e-100)))
(0.694 ((-3.6547393 0 0)(0 0 -1.6238656e-99)))
(0.695 ((-3.6606917 0 0)(0 0 6.0603488e-99)))
(0.696 ((-3.6666441 0 0)(0 0 -2.2617529e-98)))
(0.697 ((-3.6725964 0 0)(0 0 8.4409769e-98)))
(0.698 ((-3.6785488 0 0)(0 0 -3.1502155e-97)))
(0.699 ((-3.6845012 0 0)(0 0 1.1756764e-96)))
(0.7 ((-3.6904536 0 0)(0 0 -4.3876841e-96)))
(0.701 ((-3.696406 0 0)(0 0 1.637506e-95)))
(0.702 ((-3.7023583 0 0)(0 0 -6.1112556e-95)))
(0.703 ((-3.7083107 0 0)(0 0 2.2807516e-94)))
(0.704 ((-3.7142631 0 0)(0 0 -8.511881e-94)))
(0.705 ((-3.7202155 0 0)(0 0 3.1766772e-93)))
(0.706 ((-3.7261679 0 0)(0 0 -1.1855521e-92)))
(0.707 ((-3.7321202 0 0)(0 0 4.4245406e-92)))
(0.708 ((-3.7380726 0 0)(0 0 -1.651261e-91)))
(0.709 ((-3.744025 0 0)(0 0 6.1625901e-91)))
(0.71 ((-3.7499774 0 0)(0 0 -2.2999099e-90)))
(0.711 ((-3.7559298 0 0)(0 0 8.5833807e-90)))
(0.712 ((-3.7618822 0 0)(0 0 -3.2033613e-89)))
(0.713 ((-3.7678345 0 0)(0 0 1.1955107e-88)))
(0.714 ((-3.7737869 0 0)(0 0 -4.4617067e-88)))
(0.715 ((-3.7797393 0 0)(0 0 1.6651316e-87)))
(0.716 ((-3.7856917 0 0)(0 0 -6.2143558e-87)))
(0.717 ((-3.7916441 0 0)(0 0 2.3192292e-86)))
(0.718 ((-3.7975964 0 0)(0 0 -8.6554811e-86)))
(0.719 ((-3.8035488 0 0)(0 0 3.2302695e-85)))
(0.72 ((-3.8095012 0 0)(0 0 -1.205553e-84)))
(0.721 ((-3.8154536 0 0)(0 0 4.499185e-84)))
(0.722 ((-3.821406 0 0)(0 0 -1.6791187e-83)))
(0.723 ((-3.8273583 0 0)(0 0 6.2665563e-83)))
(0.724 ((-3.8333107 0 0)(0 0 -2.3387107e-82)))
(0.725 ((-3.8392631 0 0)(0 0 8.728187e-82)))
(0.726 ((-3.8452155 0 0)(0 0 -3.2574037e-81)))
(0.727 ((-3.8511679 0 0)(0 0 1.2156796e-80)))
(0.728 ((-3.8571202 0 0)(0 0 -4.5369781e-80)))
(0.729 ((-3.8630726 0 0)(0 0 1.6932233e-79)))
(0.73 ((-3.869025 0 0)(0 0 -6.3191953e-79)))
(0.731 ((-3.8749774 0 0)(0 0 2.3583558e-78)))
(0.732 ((-3.8809298 0 0)(0 0 -8.8015037e-78)))
(0.733 ((-3.8868822 0 0)(0 0 3.2847659e-77)))
(0.734 ((-3.8928345 0 0)(0 0 -1.2258913e-76)))
(0.735 ((-3.8987869 0 0)(0 0 4.5750887e-76)))
(0.736 ((-3.9047393 0 0)(0 0 -1.7074463e-75)))
(0.737 ((-3.9106917 0 0)(0 0 6.3722765e-75)))
(0.738 ((-3.9166441 0 0)(0 0 -2.378166e-74)))
(0.739 ((-3.9225964 0 0)(0 0 8.8754362e-74)))
(0.74 ((-3.9285488 0 0)(0 0 -3.3123579e-73)))
(0.741 ((-3.9345012 0 0)(0 0 1.2361888e-72)))
(0.742 ((-3.9404536 0 0)(0 0 -4.6135194e-72)))
(0.743 ((-3.946406 0 0)(0 0 1.7217889e-71)))
(0.744 ((-3.9523583 0 0)(0 0 -6.4258036e-71)))
(0.745 ((-3.9583107 0 0)(0 0 2.3981425e-70)))
(0.746 ((-3.9642631 0 0)(0 0 -8.9499898e-70)))
(0.747 ((-3.9702155 0 0)(0 0 3.3401817e-69)))
(0.748 ((-3.9761679 0 0)(0 0 -1.2465728e-68)))
(0.749 ((-3.9821202 0 0)(0 0 4.6522729e-68)))
(0.75 ((-3.9880726 0 0)(0 0 -1.7362519e-67)))
(0.751 ((-3.994025 0 0)(0 0 6.4797803e-67)))
(0.752 ((-3.9999774 0 0)(0 0 -2.4182869e-66)))
(0.753 ((-4.0059298 0 0)(0 0 9.0251696e-66)))
(0.754 ((-4.0118822 0 0)(0 0 -3.3682392e-65)))
(0.755 ((-4.0178345 0 0)(0 0 1.257044e-64)))
(0.756 ((-4.0237869 0 0)(0 0 -4.691352e-64)))
(0.757 ((-4.0297393 0 0)(0 0 1.7508364e-63)))
(0.758 ((-4.0356917 0 0)(0 0 -6.5342104e-63)))
(0.759 ((-4.0416441 0 0)(0 0 2.4386005e-62)))
(0.76 ((-4.0475964 0 0)(0 0 -9.100981e-62)))
(0.761 ((-4.0535488 0 0)(0 0 3.3965323e-61)))
(0.762 ((-4.0595012 0 0)(0 0 -1.2676031e-60)))
(0.763 ((-4.0654536 0 0)(0 0 4.7307593e-60)))
(0.764 ((-4.071406 0 0)(0 0 -1.7655434e-59)))
(0.765 ((-4.0773583 0 0)(0 0 6.5890977e-59)))
(0.766 ((-4.0833107 0 0)(0 0 -2.4590847e-58)))
(0.767 ((-4.0892631 0 0)(0 0 9.1774291e-58)))
(0.768 ((-4.0952155 0 0)(0 0 -3.4250632e-57)))
(0.769 ((-4.1011679 0 0)(0 0 1.278251e-56)))
(0.77 ((-4.1071202 0 0)(0 0 -4.7704976e-56)))
(0.771 ((-4.1130726 0 0)(0 0 1.7803739e-55)))
(0.772 ((-4.119025 0 0)(0 0 -6.644446e-55)))
(0.773 ((-4.1249774 0 0)(0 0 2.479741e-54)))
(0.774 ((-4.1309298 0 0)(0 0 -9.2545194e-54)))
(0.775 ((-4.1368822 0 0)(0 0 3.4538337e-53)))
(0.776 ((-4.1428345 0 0)(0 0 -1.2889883e-52)))
(0.777 ((-4.1487869 0 0)(0 0 4.8105697e-52)))
(0.778 ((-4.1547393 0 0)(0 0 -1.7953291e-51)))
(0.779 ((-4.1606917 0 0)(0 0 6.7002593e-51)))
(0.78 ((-4.1666441 0 0)(0 0 -2.5005708e-50)))
(0.781 ((-4.1725964 0 0)(0 0 9.3322573e-50)))
(0.782 ((-4.1785488 0 0)(0 0 -3.4828458e-49)))
(0.783 ((-4.1845012 0 0)(0 0 1.2998158e-48)))
(0.784 ((-4.1904536 0 0)(0 0 -4.8509785e-48)))
(0.785 ((-4.196406 0 0)(0 0 1.8104098e-47)))
(0.786 ((-4.2023583 0 0)(0 0 -6.7565414e-47)))
(0.787 ((-4.2083107 0 0)(0 0 2.5215756e-46)))
(0.788 ((-4.2142631 0 0)(0 0 -9.4106482e-46)))
(0.789 ((-4.2202155 0 0)(0 0 3.5121017e-45)))
(0.79 ((-4.2261679 0 0)(0 0 -1.3107342e-44)))
(0.791 ((-4.2321202 0 0)(0 0 4.8917266e-44)))
(0.792 ((-4.2380726 0 0)(0 0 -1.8256172e-43)))
(0.793 ((-4.244025 0 0)(0 0 6.8132963e-43)))
(0.794 ((-4.2499774 0 0)(0 0 -2.5427568e-42)))
(0.795 ((-4.2559298 0 0)(0 0 9.4896975e-42)))
(0.796 ((-4.2618821 0 0)(0 0 -3.5416033e-41)))
(0.797 ((-4.2678345 0 0)(0 0 1.3217444e-40)))
(0.798 ((-4.2737869 0 0)(0 0 -4.9328171e-40)))
(0.799 ((-4.2797393 0 0)(0 0 1.8409524e-39)))
(0.8 ((-4.2856917 0 0)(0 0 -6.8705279e-39)))
(0.801 ((-4.291644 0 0)(0 0 2.5641159e-38)))
(0.802 ((-4.2975964 0 0)(0 0 -9.5694109e-38)))
(0.803 ((-4.3035488 0 0)(0 0 3.5713528e-37)))
(0.804 ((-4.3095012 0 0)(0 0 -1.332847e-36)))
(0.805 ((-4.3154536 0 0)(0 0 4.9742527e-36)))
(0.806 ((-4.3214059 0 0)(0 0 -1.8564164e-35)))
(0.807 ((-4.3273583 0 0)(0 0 6.9282403e-35)))
(0.808 ((-4.3333107 0 0)(0 0 -2.5856545e-34)))
(0.809 ((-4.3392631 0 0)(0 0 9.6497939e-34)))
(0.81 ((-4.3452154 0 0)(0 0 -3.6013521e-33)))
(0.811 ((-4.3511678 0 0)(0 0 1.3440429e-32)))
(0.812 ((-4.3571202 0 0)(0 0 -5.0160364e-32)))
(0.813 ((-4.3630725 0 0)(0 0 1.8720103e-31)))
(0.814 ((-4.3690249 0 0)(0 0 -6.9864374e-31)))
(0.815 ((-4.3749772 0 0)(0 0 2.6073739e-30)))
(0.816 ((-4.3809296 0 0)(0 0 -9.730852e-30)))
(0.817 ((-4.3868819 0 0)(0 0 3.6316034e-29)))
(0.818 ((-4.3928343 0 0)(0 0 -1.3553328e-28)))
(0.819 ((-4.3987866 0 0)(0 0 5.058171e-28)))
(0.82 ((-4.4047389 0 0)(0 0 -1.8877351e-27)))
(0.821 ((-4.4106912 0 0)(0 0 7.0451234e-27)))
(0.822 ((-4.4166434 0 0)(0 0 -2.6292759e-26)))
(0.823 ((-4.4225957 0 0)(0 0 9.8125911e-26)))
(0.824 ((-4.4285479 0 0)(0 0 -3.6621089e-25)))
(0.825 ((-4.4345001 0 0)(0 0 1.3667176e-24)))
(0.826 ((-4.4404522 0 0)(0 0 -5.1006596e-24)))
(0.827 ((-4.4464043 0 0)(0 0 1.9035921e-23)))
(0.828 ((-4.4523563 0 0)(0 0 -7.1043024e-23)))
(0.829 ((-4.4583082 0 0)(0 0 2.6513617e-22)))
(0.83 ((-4.46426 0 0)(0 0 -9.8950168e-22)))
(0.831 ((-4.4702117 0 0)(0 0 3.6928705e-21)))
(0.832 ((-4.4761633 0 0)(0 0 -1.378198e-20)))
(0.833 ((-4.4821147 0 0)(0 0 5.1435051e-20)))
(0.834 ((-4.4880658 0 0)(0 0 -1.9195822e-19)))
(0.835 ((-4.4940167 0 0)(0 0 7.1639785e-19)))
(0.836 ((-4.4999672 0 0)(0 0 -2.6736332e-18)))
(0.837 ((-4.5059173 0 0)(0 0 9.9781348e-18)))
(0.838 ((-4.511867 0 0)(0 0 -3.7238906e-17)))
(0.839 ((-4.517816 0 0)(0 0 1.3897749e-16)))
(0.84 ((-4.5237643 0 0)(0 0 -5.1867105e-16)))
(0.841 ((-4.5297117 0 0)(0 0 1.9357067e-15)))
(0.842 ((-4.535658 0 0)(0 0 -7.2241558e-15)))
(0.843 ((-4.541603 0 0)(0 0 2.6960917e-14)))
(0.844 ((-4.5475464 0 0)(0 0 -1.0061951e-13)))
(0.845 ((-4.5534878 0 0)(0 0 3.7551712e-13)))
(0.846 ((-4.5594269 0 0)(0 0 -1.401449e-12)))
(0.847 ((-4.5653631 0 0)(0 0 5.2302788e-12)))
(0.848 ((-4.5712959 0 0)(0 0 -1.9519666e-11)))
(0.849 ((-4.5772246 0 0)(0 0 7.2848387e-11)))
(0.85 ((-4.5831483 0 0)(0 0 -2.7187388e-10)))
(0.851 ((-4.589066 0 0)(0 0 1.0146471e-09)))
(0.852 ((-4.5949767 0 0)(0 0 -3.7867146e-09)))
(0.853 ((-4.6008791 0 0)(0 0 1.4132211e-08)))
(0.854 ((-4.6067716 0 0)(0 0 -5.2742131e-08)))
(0.855 ((-4.6126527 0 0)(0 0 1.9683631e-07)))
(0.856 ((-4.6185204 0 0)(0 0 -7.3460312e-07)))
(0.857 ((-4.6243727 0 0)(0 0 2.7415762e-06)))
(0.858 ((-4.6302074 0 0)(0 0 -1.0231702e-05)))
(0.859 ((-4.6360222 0 0)(0 0 3.818523e-05)))
(0.86 ((-4.6418146 0 0)(0 0 -0.0003315698)))
(0.861 ((-4.6475823 0 0)(0 0 -0.0012110921)))
(0.862 ((-4.6533227 0 0)(0 0 -0.0022187661)))
(0.863 ((-4.6590333 0 0)(0 0 -0.0034634345)))
(0.864 ((-4.664712 0 0)(0 0 -0.0049741107)))
(0.865 ((-4.6703565 0 0)(0 0 -0.0068131832)))
(0.866 ((-4.6759647 0 0)(0 0 -0.0090483226)))
(0.867 ((-4.6815348 0 0)(0 0 -0.011762565)))
(0.868 ((-4.6870652 0 0)(0 0 -0.015054478)))
(0.869 ((-4.6925543 0 0)(0 0 -0.019041264)))
(0.87 ((-4.6980008 0 0)(0 0 -0.023861292)))
(0.871 ((-4.7034037 0 0)(0 0 -0.029676893)))
(0.872 ((-4.7087619 0 0)(0 0 -0.036676999)))
(0.873 ((-4.7140746 0 0)(0 0 -0.045079518)))
(0.874 ((-4.7193412 0 0)(0 0 -0.055133154)))
(0.875 ((-4.724561 0 0)(0 0 -0.067118387)))
(0.876 ((-4.7297336 0 0)(0 0 -0.081347302)))
(0.877 ((-4.7348585 0 0)(0 0 -0.098161994)))
(0.878 ((-4.7399355 0 0)(0 0 -0.11793137)))
(0.879 ((-4.7449641 0 0)(0 0 -0.1410463)))
(0.88 ((-4.7499443 0 0)(0 0 -0.16791325)))
(0.881 ((-4.7548757 0 0)(0 0 -0.19894682)))
(0.882 ((-4.7597583 0 0)(0 0 -0.2345616)))
(0.883 ((-4.7645918 0 0)(0 0 -0.27516404)))
(0.884 ((-4.7693763 0 0)(0 0 -0.32114501)))
(0.885 ((-4.7741116 0 0)(0 0 -0.3728734)))
(0.886 ((-4.7787975 0 0)(0 0 -0.43069128)))
(0.887 ((-4.7834342 0 0)(0 0 -0.49491071)))
(0.888 ((-4.7880215 0 0)(0 0 -0.56581214)))
(0.889 ((-4.7925593 0 0)(0 0 -0.64364422)))
(0.89 ((-4.7970478 0 0)(0 0 -0.72862481)))
(0.891 ((-4.8014867 0 0)(0 0 -0.82094278)))
(0.892 ((-4.8058761 0 0)(0 0 -0.92076036)))
(0.893 ((-4.810216 0 0)(0 0 -1.0282158)))
(0.894 ((-4.8145064 0 0)(0 0 -1.1434263)))
(0.895 ((-4.8187472 0 0)(0 0 -1.2664902)))
(0.896 ((-4.8229385 0 0)(0 0 -1.39749)))
(0.897 ((-4.8270802 0 0)(0 0 -1.5364946)))
(0.898 ((-4.8311723 0 0)(0 0 -1.683561)))
(0.899 ((-4.8352148 0 0)(0 0 -1.8387365)))
(0.9 ((-4.8392078 0 0)(0 0 -2.0020602)))
(0.901 ((-4.8431512 0 0)(0 0 -2.173564)))
(0.902 ((-4.847045 0 0)(0 0 -2.3532743)))
(0.903 ((-4.8508892 0 0)(0 0 -2.5412123)))
(0.904 ((-4.8546838 0 0)(0 0 -2.7373953)))
(0.905 ((-4.8584288 0 0)(0 0 -2.9418372)))
(0.906 ((-4.8621242 0 0)(0 0 -3.1545488)))
(0.907 ((-4.86577 0 0)(0 0 -3.3755386)))
(0.908 ((-4.8693662 0 0)(0 0 -3.6048128)))
(0.909 ((-4.8729128 0 0)(0 0 -3.8423757)))
(0.91 ((-4.8764098 0 0)(0 0 -4.0882297)))
(0.911 ((-4.8798572 0 0)(0 0 -4.3423757)))
(0.912 ((-4.883255 0 0)(0 0 -4.6048128)))
(0.913 ((-4.8866032 0 0)(0 0 -4.8755386)))
(0.914 ((-4.8899019 0 0)(0 0 -5.1545488)))
(0.915 ((-4.8931509 0 0)(0 0 -5.4418372)))
(0.916 ((-4.8963503 0 0)(0 0 -5.7373953)))
(0.917 ((-4.8995001 0 0)(0 0 -6.0412123)))
(0.918 ((-4.9026003 0 0)(0 0 -6.3532743)))
(0.919 ((-4.9056509 0 0)(0 0 -6.673564)))
(0.92 ((-4.9086518 0 0)(0 0 -7.0020602)))
(0.921 ((-4.9116032 0 0)(0 0 -7.3387365)))
(0.922 ((-4.914505 0 0)(0 0 -7.683561)))
(0.923 ((-4.9173572 0 0)(0 0 -8.0364946)))
(0.924 ((-4.9201598 0 0)(0 0 -8.39749)))
(0.925 ((-4.9229128 0 0)(0 0 -8.7664902)))
(0.926 ((-4.9256161 0 0)(0 0 -9.1434263)))
(0.927 ((-4.9282699 0 0)(0 0 -9.5282158)))
(0.928 ((-4.9308741 0 0)(0 0 -9.9207604)))
(0.929 ((-4.9334287 0 0)(0 0 -10.320943)))
(0.93 ((-4.9359336 0 0)(0 0 -10.728625)))
(0.931 ((-4.938389 0 0)(0 0 -11.143644)))
(0.932 ((-4.9407948 0 0)(0 0 -11.565812)))
(0.933 ((-4.9431509 0 0)(0 0 -11.994911)))
(0.934 ((-4.9454575 0 0)(0 0 -12.430691)))
(0.935 ((-4.9477145 0 0)(0 0 -12.872873)))
(0.936 ((-4.9499219 0 0)(0 0 -13.321145)))
(0.937 ((-4.9520796 0 0)(0 0 -13.775164)))
(0.938 ((-4.9541878 0 0)(0 0 -14.234562)))
(0.939 ((-4.9562464 0 0)(0 0 -14.698947)))
(0.94 ((-4.9582554 0 0)(0 0 -15.167913)))
(0.941 ((-4.9602148 0 0)(0 0 -15.641046)))
(0.942 ((-4.9621247 0 0)(0 0 -16.117931)))
(0.943 ((-4.9639849 0 0)(0 0 -16.598162)))
(0.944 ((-4.9657956 0 0)(0 0 -17.081347)))
(0.945 ((-4.9675567 0 0)(0 0 -17.567118)))
(0.946 ((-4.9692683 0 0)(0 0 -18.055133)))
(0.947 ((-4.9709303 0 0)(0 0 -18.54508)))
(0.948 ((-4.9725428 0 0)(0 0 -19.036677)))
(0.949 ((-4.9741057 0 0)(0 0 -19.529677)))
(0.95 ((-4.9756192 0 0)(0 0 -20.023861)))
(0.951 ((-4.9770832 0 0)(0 0 -20.519041)))
(0.952 ((-4.9784977 0 0)(0 0 -21.015054)))
(0.953 ((-4.9798628 0 0)(0 0 -21.511763)))
(0.954 ((-4.9811785 0 0)(0 0 -22.009048)))
(0.955 ((-4.9824449 0 0)(0 0 -22.506813)))
(0.956 ((-4.983662 0 0)(0 0 -23.004974)))
(0.957 ((-4.9848299 0 0)(0 0 -23.503463)))
(0.958 ((-4.9859488 0 0)(0 0 -24.002221)))
(0.959 ((-4.9870186 0 0)(0 0 -24.501202)))
(0.96 ((-4.9880395 0 0)(0 0 -25.000366)))
(0.961 ((-4.9890118 0 0)(0 0 -25.49968)))
(0.962 ((-4.9899355 0 0)(0 0 -25.999117)))
(0.963 ((-4.9908109 0 0)(0 0 -26.498656)))
(0.964 ((-4.9916384 0 0)(0 0 -26.998278)))
(0.965 ((-4.9924182 0 0)(0 0 -27.497969)))
(0.966 ((-4.9931507 0 0)(0 0 -27.997715)))
(0.967 ((-4.9938365 0 0)(0 0 -28.497507)))
(0.968 ((-4.9944762 0 0)(0 0 -28.997337)))
(0.969 ((-4.9950703 0 0)(0 0 -29.497197)))
(0.97 ((-4.9956198 0 0)(0 0 -29.997083)))
(0.971 ((-4.9961257 0 0)(0 0 -30.49699)))
(0.972 ((-4.996589 0 0)(0 0 -30.996913)))
(0.973 ((-4.997011 0 0)(0 0 -31.496851)))
(0.974 ((-4.9973933 0 0)(0 0 -31.996799)))
(0.975 ((-4.9977375 0 0)(0 0 -32.496757)))
(0.976 ((-4.9980454 0 0)(0 0 -32.996723)))
(0.977 ((-4.9983191 0 0)(0 0 -33.496695)))
(0.978 ((-4.9985607 0 0)(0 0 -33.996671)))
(0.979 ((-4.9987727 0 0)(0 0 -34.496653)))
(0.98 ((-4.9989575 0 0)(0 0 -34.996637)))
(0.981 ((-4.9991174 0 0)(0 0 -35.496624)))
(0.982 ((-4.999255 0 0)(0 0 -35.996614)))
(0.983 ((-4.9993727 0 0)(0 0 -36.496606)))
(0.984 ((-4.9994727 0 0)(0 0 -36.996599)))
(0.985 ((-4.9995574 0 0)(0 0 -37.496593)))
(0.986 ((-4.9996288 0 0)(0 0 -37.996588)))
(0.987 ((-4.9996886 0 0)(0 0 -38.496584)))
(0.988 ((-4.9997386 0 0)(0 0 -38.996581)))
(0.989 ((-4.9997803 0 0)(0 0 -39.496579)))
(0.99 ((-4.9998149 0 0)(0 0 -39.996577)))
(0.991 ((-4.9998436 0 0)(0 0 -40.496575)))
(0.992 ((-4.9998673 0 0)(0 0 -40.996573)))
(0.993 ((-4.9998869 0 0)(0 0 -41.496572)))
(0.994 ((-4.9999031 0 0)(0 0 -41.996571)))
(0.995 ((-4.9999164 0 0)(0 0 -42.49657)))
(0.996 ((-4.9999274 0 0)(0 0 -42.99657)))
(0.997 ((-4.9999363 0 0)(0 0 -43.496569)))
(0.998 ((-4.9999438 0 0)(0 0 -43.996568)))
(0.999 ((-4.9999497 0 0)(0 0 -44.496568)))
(1 ((-4.9999553 0 0)(0 0 -44.996567)))
(1.001 ((-4.9999548 0 0)(0 0 -45.496567)))
(1.002 ((-4.9999481 0 0)(0 0 -45.996566)))
(1.003 ((-4.9999409 0 0)(0 0 -46.496566)))
(1.004 ((-4.9999318 0 0)(0 0 -46.996565)))
(1.005 ((-4.9999209 0 0)(0 0 -47.496564)))
(1.006 ((-4.9999076 0 0)(0 0 -47.996563)))
(1.007 ((-4.9998914 0 0)(0 0 -48.496562)))
(1.008 ((-4.9998718 0 0)(0 0 -48.996561)))
(1.009 ((-4.9998481 0 0)(0 0 -49.49656)))
(1.01 ((-4.9998194 0 0)(0 0 -49.996558)))
(1.011 ((-4.9997848 0 0)(0 0 -50.496556)))
(1.012 ((-4.9997431 0 0)(0 0 -50.996553)))
(1.013 ((-4.9996931 0 0)(0 0 -51.49655)))
(1.014 ((-4.9996333 0 0)(0 0 -51.996546)))
(1.015 ((-4.9995619 0 0)(0 0 -52.496542)))
(1.016 ((-4.9994772 0 0)(0 0 -52.996536)))
(1.017 ((-4.9993772 0 0)(0 0 -53.496529)))
(1.018 ((-4.9992595 0 0)(0 0 -53.99652)))
(1.019 ((-4.9991219 0 0)(0 0 -54.49651)))
(1.02 ((-4.998962 0 0)(0 0 -54.996497)))
(1.021 ((-4.9987772 0 0)(0 0 -55.496482)))
(1.022 ((-4.9985652 0 0)(0 0 -55.996463)))
(1.023 ((-4.9983236 0 0)(0 0 -56.49644)))
(1.024 ((-4.9980499 0 0)(0 0 -56.996412)))
(1.025 ((-4.997742 0 0)(0 0 -57.496377)))
(1.026 ((-4.9973978 0 0)(0 0 -57.996335)))
(1.027 ((-4.9970155 0 0)(0 0 -58.496284)))
(1.028 ((-4.9965935 0 0)(0 0 -58.996221)))
(1.029 ((-4.9961302 0 0)(0 0 -59.496145)))
(1.03 ((-4.9956244 0 0)(0 0 -59.996051)))
(1.031 ((-4.9950748 0 0)(0 0 -60.495937)))
(1.032 ((-4.9944807 0 0)(0 0 -60.995798)))
(1.033 ((-4.993841 0 0)(0 0 -61.495627)))
(1.034 ((-4.9931552 0 0)(0 0 -61.99542)))
(1.035 ((-4.9924227 0 0)(0 0 -62.495166)))
(1.036 ((-4.9916429 0 0)(0 0 -62.994856)))
(1.037 ((-4.9908154 0 0)(0 0 -63.494478)))
(1.038 ((-4.98994 0 0)(0 0 -63.994017)))
(1.039 ((-4.9890163 0 0)(0 0 -64.493455)))
(1.04 ((-4.988044 0 0)(0 0 -64.992769)))
(1.041 ((-4.9870231 0 0)(0 0 -65.491933)))
(1.042 ((-4.9859533 0 0)(0 0 -65.990913)))
(1.043 ((-4.9848344 0 0)(0 0 -66.489672)))
(1.044 ((-4.9836665 0 0)(0 0 -66.98816)))
(1.045 ((-4.9824494 0 0)(0 0 -67.486321)))
(1.046 ((-4.981183 0 0)(0 0 -67.984086)))
(1.047 ((-4.9798673 0 0)(0 0 -68.481372)))
(1.048 ((-4.9785022 0 0)(0 0 -68.97808)))
(1.049 ((-4.9770877 0 0)(0 0 -69.474093)))
(1.05 ((-4.9756237 0 0)(0 0 -69.969273)))
(1.051 ((-4.9741102 0 0)(0 0 -70.463458)))
(1.052 ((-4.9725473 0 0)(0 0 -70.956457)))
(1.053 ((-4.9709348 0 0)(0 0 -71.448055)))
(1.054 ((-4.9692728 0 0)(0 0 -71.938001)))
(1.055 ((-4.9675612 0 0)(0 0 -72.426016)))
(1.056 ((-4.9658001 0 0)(0 0 -72.911787)))
(1.057 ((-4.9639894 0 0)(0 0 -73.394972)))
(1.058 ((-4.9621292 0 0)(0 0 -73.875203)))
(1.059 ((-4.9602193 0 0)(0 0 -74.352088)))
(1.06 ((-4.9582599 0 0)(0 0 -74.825221)))
(1.061 ((-4.9562509 0 0)(0 0 -75.294188)))
(1.062 ((-4.9541923 0 0)(0 0 -75.758573)))
(1.063 ((-4.9520841 0 0)(0 0 -76.21797)))
(1.064 ((-4.9499264 0 0)(0 0 -76.671989)))
(1.065 ((-4.947719 0 0)(0 0 -77.120261)))
(1.066 ((-4.945462 0 0)(0 0 -77.562443)))
(1.067 ((-4.9431554 0 0)(0 0 -77.998224)))
(1.068 ((-4.9407993 0 0)(0 0 -78.427322)))
(1.069 ((-4.9383935 0 0)(0 0 -78.84949)))
(1.07 ((-4.9359381 0 0)(0 0 -79.26451)))
(1.071 ((-4.9334332 0 0)(0 0 -79.672192)))
(1.072 ((-4.9308786 0 0)(0 0 -80.072374)))
(1.073 ((-4.9282744 0 0)(0 0 -80.464919)))
(1.074 ((-4.9256206 0 0)(0 0 -80.849708)))
(1.075 ((-4.9229173 0 0)(0 0 -81.226644)))
(1.076 ((-4.9201643 0 0)(0 0 -81.595644)))
(1.077 ((-4.9173617 0 0)(0 0 -81.95664)))
(1.078 ((-4.9145095 0 0)(0 0 -82.309573)))
(1.079 ((-4.9116077 0 0)(0 0 -82.654398)))
(1.08 ((-4.9086563 0 0)(0 0 -82.991074)))
(1.081 ((-4.9056554 0 0)(0 0 -83.31957)))
(1.082 ((-4.9026048 0 0)(0 0 -83.63986)))
(1.083 ((-4.8995046 0 0)(0 0 -83.951922)))
(1.084 ((-4.8963548 0 0)(0 0 -84.255739)))
(1.085 ((-4.8931554 0 0)(0 0 -84.551297)))
(1.086 ((-4.8899064 0 0)(0 0 -84.838586)))
(1.087 ((-4.8866078 0 0)(0 0 -85.117596)))
(1.088 ((-4.8832595 0 0)(0 0 -85.388322)))
(1.089 ((-4.8798617 0 0)(0 0 -85.650759)))
(1.09 ((-4.8764143 0 0)(0 0 -85.904905)))
(1.091 ((-4.8729173 0 0)(0 0 -86.150759)))
(1.092 ((-4.8693707 0 0)(0 0 -86.388322)))
(1.093 ((-4.8657745 0 0)(0 0 -86.617596)))
(1.094 ((-4.8621287 0 0)(0 0 -86.838586)))
(1.095 ((-4.8584333 0 0)(0 0 -87.051297)))
(1.096 ((-4.8546883 0 0)(0 0 -87.255739)))
(1.097 ((-4.8508937 0 0)(0 0 -87.451922)))
(1.098 ((-4.8470495 0 0)(0 0 -87.63986)))
(1.099 ((-4.8431557 0 0)(0 0 -87.81957)))
(1.1 ((-4.8392123 0 0)(0 0 -87.991074)))
(1.101 ((-4.8352193 0 0)(0 0 -88.154398)))
(1.102 ((-4.8311768 0 0)(0 0 -88.309573)))
(1.103 ((-4.8270847 0 0)(0 0 -88.45664)))
(1.104 ((-4.822943 0 0)(0 0 -88.595644)))
(1.105 ((-4.8187517 0 0)(0 0 -88.726644)))
(1.106 ((-4.8145109 0 0)(0 0 -88.849708)))
(1.107 ((-4.8102205 0 0)(0 0 -88.964919)))
(1.108 ((-4.8058806 0 0)(0 0 -89.072374)))
(1.109 ((-4.8014912 0 0)(0 0 -89.172192)))
(1.11 ((-4.7970523 0 0)(0 0 -89.26451)))
(1.111 ((-4.7925639 0 0)(0 0 -89.34949)))
(1.112 ((-4.788026 0 0)(0 0 -89.427322)))
(1.113 ((-4.7834387 0 0)(0 0 -89.498224)))
(1.114 ((-4.778802 0 0)(0 0 -89.562443)))
(1.115 ((-4.7741161 0 0)(0 0 -89.620261)))
(1.116 ((-4.7693808 0 0)(0 0 -89.671989)))
(1.117 ((-4.7645963 0 0)(0 0 -89.71797)))
(1.118 ((-4.7597628 0 0)(0 0 -89.758573)))
(1.119 ((-4.7548802 0 0)(0 0 -89.794188)))
(1.12 ((-4.7499488 0 0)(0 0 -89.825221)))
(1.121 ((-4.7449686 0 0)(0 0 -89.852088)))
(1.122 ((-4.73994 0 0)(0 0 -89.875203)))
(1.123 ((-4.734863 0 0)(0 0 -89.894972)))
(1.124 ((-4.7297381 0 0)(0 0 -89.911787)))
(1.125 ((-4.7245655 0 0)(0 0 -89.926016)))
(1.126 ((-4.7193457 0 0)(0 0 -89.938001)))
(1.127 ((-4.7140791 0 0)(0 0 -89.948055)))
(1.128 ((-4.7087664 0 0)(0 0 -89.956457)))
(1.129 ((-4.7034082 0 0)(0 0 -89.963458)))
(1.13 ((-4.6980053 0 0)(0 0 -89.969273)))
(1.131 ((-4.6925588 0 0)(0 0 -89.974093)))
(1.132 ((-4.6870697 0 0)(0 0 -89.97808)))
(1.133 ((-4.6815393 0 0)(0 0 -89.981372)))
(1.134 ((-4.6759692 0 0)(0 0 -89.984086)))
(1.135 ((-4.670361 0 0)(0 0 -89.986321)))
(1.136 ((-4.6647165 0 0)(0 0 -89.98816)))
(1.137 ((-4.6590378 0 0)(0 0 -89.989671)))
(1.138 ((-4.6533272 0 0)(0 0 -89.990916)))
(1.139 ((-4.6475868 0 0)(0 0 -89.991923)))
(1.14 ((-4.6418191 0 0)(0 0 -89.992803)))
(1.141 ((-4.6360267 0 0)(0 0 -89.993173)))
(1.142 ((-4.6302119 0 0)(0 0 -89.993124)))
(1.143 ((-4.6243772 0 0)(0 0 -89.993137)))
(1.144 ((-4.6185249 0 0)(0 0 -89.993134)))
(1.145 ((-4.6126572 0 0)(0 0 -89.993135)))
(1.146 ((-4.6067761 0 0)(0 0 -89.993134)))
(1.147 ((-4.6008836 0 0)(0 0 -89.993134)))
(1.148 ((-4.5949812 0 0)(0 0 -89.993134)))
(1.149 ((-4.5890705 0 0)(0 0 -89.993134)))
(1.15 ((-4.5831528 0 0)(0 0 -89.993134)))
(1.151 ((-4.5772291 0 0)(0 0 -89.993134)))
(1.152 ((-4.5713004 0 0)(0 0 -89.993134)))
(1.153 ((-4.5653676 0 0)(0 0 -89.993134)))
(1.154 ((-4.5594314 0 0)(0 0 -89.993134)))
(1.155 ((-4.5534923 0 0)(0 0 -89.993134)))
(1.156 ((-4.5475509 0 0)(0 0 -89.993134)))
(1.157 ((-4.5416075 0 0)(0 0 -89.993134)))
(1.158 ((-4.5356625 0 0)(0 0 -89.993134)))
(1.159 ((-4.5297162 0 0)(0 0 -89.993134)))
(1.16 ((-4.5237688 0 0)(0 0 -89.993134)))
(1.161 ((-4.5178205 0 0)(0 0 -89.993134)))
(1.162 ((-4.5118715 0 0)(0 0 -89.993134)))
(1.163 ((-4.5059218 0 0)(0 0 -89.993134)))
(1.164 ((-4.4999717 0 0)(0 0 -89.993134)))
(1.165 ((-4.4940212 0 0)(0 0 -89.993134)))
(1.166 ((-4.4880703 0 0)(0 0 -89.993134)))
(1.167 ((-4.4821192 0 0)(0 0 -89.993134)))
(1.168 ((-4.4761678 0 0)(0 0 -89.993134)))
(1.169 ((-4.4702162 0 0)(0 0 -89.993134)))
(1.17 ((-4.4642645 0 0)(0 0 -89.993134)))
(1.171 ((-4.4583127 0 0)(0 0 -89.993134)))
(1.172 ((-4.4523608 0 0)(0 0 -89.993134)))
(1.173 ((-4.4464088 0 0)(0 0 -89.993134)))
(1.174 ((-4.4404567 0 0)(0 0 -89.993134)))
(1.175 ((-4.4345046 0 0)(0 0 -89.993134)))
(1.176 ((-4.4285524 0 0)(0 0 -89.993134)))
(1.177 ((-4.4226002 0 0)(0 0 -89.993134)))
(1.178 ((-4.4166479 0 0)(0 0 -89.993134)))
(1.179 ((-4.4106957 0 0)(0 0 -89.993134)))
(1.18 ((-4.4047434 0 0)(0 0 -89.993134)))
(1.181 ((-4.3987911 0 0)(0 0 -89.993134)))
(1.182 ((-4.3928388 0 0)(0 0 -89.993134)))
(1.183 ((-4.3868864 0 0)(0 0 -89.993134)))
(1.184 ((-4.3809341 0 0)(0 0 -89.993134)))
(1.185 ((-4.3749817 0 0)(0 0 -89.993134)))
(1.186 ((-4.3690294 0 0)(0 0 -89.993134)))
(1.187 ((-4.363077 0 0)(0 0 -89.993134)))
(1.188 ((-4.3571247 0 0)(0 0 -89.993134)))
(1.189 ((-4.3511723 0 0)(0 0 -89.993134)))
(1.19 ((-4.3452199 0 0)(0 0 -89.993134)))
(1.191 ((-4.3392676 0 0)(0 0 -89.993134)))
(1.192 ((-4.3333152 0 0)(0 0 -89.993134)))
(1.193 ((-4.3273628 0 0)(0 0 -89.993134)))
(1.194 ((-4.3214104 0 0)(0 0 -89.993134)))
(1.195 ((-4.3154581 0 0)(0 0 -89.993134)))
(1.196 ((-4.3095057 0 0)(0 0 -89.993134)))
(1.197 ((-4.3035533 0 0)(0 0 -89.993134)))
(1.198 ((-4.2976009 0 0)(0 0 -89.993134)))
(1.199 ((-4.2916485 0 0)(0 0 -89.993134)))
(1.2 ((-4.2856962 0 0)(0 0 -89.993134)))
(1.201 ((-4.2797438 0 0)(0 0 -89.993134)))
(1.202 ((-4.2737914 0 0)(0 0 -89.993134)))
(1.203 ((-4.267839 0 0)(0 0 -89.993134)))
(1.204 ((-4.2618867 0 0)(0 0 -89.993134)))
(1.205 ((-4.2559343 0 0)(0 0 -89.993134)))
(1.206 ((-4.2499819 0 0)(0 0 -89.993134)))
(1.207 ((-4.2440295 0 0)(0 0 -89.993134)))
(1.208 ((-4.2380771 0 0)(0 0 -89.993134)))
(1.209 ((-4.2321247 0 0)(0 0 -89.993134)))
(1.21 ((-4.2261724 0 0)(0 0 -89.993134)))
(1.211 ((-4.22022 0 0)(0 0 -89.993134)))
(1.212 ((-4.2142676 0 0)(0 0 -89.993134)))
(1.213 ((-4.2083152 0 0)(0 0 -89.993134)))
(1.214 ((-4.2023628 0 0)(0 0 -89.993134)))
(1.215 ((-4.1964105 0 0)(0 0 -89.993134)))
(1.216 ((-4.1904581 0 0)(0 0 -89.993134)))
(1.217 ((-4.1845057 0 0)(0 0 -89.993134)))
(1.218 ((-4.1785533 0 0)(0 0 -89.993134)))
(1.219 ((-4.1726009 0 0)(0 0 -89.993134)))
(1.22 ((-4.1666486 0 0)(0 0 -89.993134)))
(1.221 ((-4.1606962 0 0)(0 0 -89.993134)))
(1.222 ((-4.1547438 0 0)(0 0 -89.993134)))
(1.223 ((-4.1487914 0 0)(0 0 -89.993134)))
(1.224 ((-4.142839 0 0)(0 0 -89.993134)))
(1.225 ((-4.1368867 0 0)(0 0 -89.993134)))
(1.226 ((-4.1309343 0 0)(0 0 -89.993134)))
(1.227 ((-4.1249819 0 0)(0 0 -89.993134)))
(1.228 ((-4.1190295 0 0)(0 0 -89.993134)))
(1.229 ((-4.1130771 0 0)(0 0 -89.993134)))
(1.23 ((-4.1071247 0 0)(0 0 -89.993134)))
(1.231 ((-4.1011724 0 0)(0 0 -89.993134)))
(1.232 ((-4.09522 0 0)(0 0 -89.993134)))
(1.233 ((-4.0892676 0 0)(0 0 -89.993134)))
(1.234 ((-4.0833152 0 0)(0 0 -89.993134)))
(1.235 ((-4.0773628 0 0)(0 0 -89.993134)))
(1.236 ((-4.0714105 0 0)(0 0 -89.993134)))
(1.237 ((-4.0654581 0 0)(0 0 -89.993134)))
(1.238 ((-4.0595057 0 0)(0 0 -89.993134)))
(1.239 ((-4.0535533 0 0)(0 0 -89.993134)))
(1.24 ((-4.0476009 0 0)(0 0 -89.993134)))
(1.241 ((-4.0416486 0 0)(0 0 -89.993134)))
(1.242 ((-4.0356962 0 0)(0 0 -89.993134)))
(1.243 ((-4.0297438 0 0)(0 0 -89.993134)))
(1.244 ((-4.0237914 0 0)(0 0 -89.993134)))
(1.245 ((-4.017839 0 0)(0 0 -89.993134)))
(1.246 ((-4.0118867 0 0)(0 0 -89.993134)))
(1.247 ((-4.0059343 0 0)(0 0 -89.993134)))
(1.248 ((-3.9999819 0 0)(0 0 -89.993134)))
(1.249 ((-3.9940295 0 0)(0 0 -89.993134)))
(1.25 ((-3.9880771 0 0)(0 0 -89.993134)))
(1.251 ((-3.9821247 0 0)(0 0 -89.993134)))
(1.252 ((-3.9761724 0 0)(0 0 -89.993134)))
(1.253 ((-3.97022 0 0)(0 0 -89.993134)))
(1.254 ((-3.9642676 0 0)(0 0 -89.993134)))
(1.255 ((-3.9583152 0 0)(0 0 -89.993134)))
(1.256 ((-3.9523628 0 0)(0 0 -89.993134)))
(1.257 ((-3.9464105 0 0)(0 0 -89.993134)))
(1.258 ((-3.9404581 0 0)(0 0 -89.993134)))
(1.259 ((-3.9345057 0 0)(0 0 -89.993134)))
(1.26 ((-3.9285533 0 0)(0 0 -89.993134)))
(1.261 ((-3.9226009 0 0)(0 0 -89.993134)))
(1.262 ((-3.9166486 0 0)(0 0 -89.993134)))
(1.263 ((-3.9106962 0 0)(0 0 -89.993134)))
(1.264 ((-3.9047438 0 0)(0 0 -89.993134)))
(1.265 ((-3.8987914 0 0)(0 0 -89.993134)))
(1.266 ((-3.892839 0 0)(0 0 -89.993134)))
(1.267 ((-3.8868867 0 0)(0 0 -89.993134)))
(1.268 ((-3.8809343 0 0)(0 0 -89.993134)))
(1.269 ((-3.8749819 0 0)(0 0 -89.993134)))
(1.27 ((-3.8690295 0 0)(0 0 -89.993134)))
(1.271 ((-3.8630771 0 0)(0 0 -89.993134)))
(1.272 ((-3.8571247 0 0)(0 0 -89.993134)))
(1.273 ((-3.8511724 0 0)(0 0 -89.993134)))
(1.274 ((-3.84522 0 0)(0 0 -89.993134)))
(1.275 ((-3.8392676 0 0)(0 0 -89.993134)))
(1.276 ((-3.8333152 0 0)(0 0 -89.993134)))
(1.277 ((-3.8273628 0 0)(0 0 -89.993134)))
(1.278 ((-3.8214105 0 0)(0 0 -89.993134)))
(1.279 ((-3.8154581 0 0)(0 0 -89.993134)))
(1.28 ((-3.8095057 0 0)(0 0 -89.993134)))
(1.281 ((-3.8035533 0 0)(0 0 -89.993134)))
(1.282 ((-3.7976009 0 0)(0 0 -89.993134)))
(1.283 ((-3.7916486 0 0)(0 0 -89.993134)))
(1.284 ((-3.7856962 0 0)(0 0 -89.993134)))
(1.285 ((-3.7797438 0 0)(0 0 -89.993134)))
(1.286 ((-3.7737914 0 0)(0 0 -89.993134)))
(1.287 ((-3.767839 0 0)(0 0 -89.993134)))
(1.288 ((-3.7618867 0 0)(0 0 -89.993134)))
(1.289 ((-3.7559343 0 0)(0 0 -89.993134)))
(1.29 ((-3.7499819 0 0)(0 0 -89.993134)))
(1.291 ((-3.7440295 0 0)(0 0 -89.993134)))
(1.292 ((-3.7380771 0 0)(0 0 -89.993134)))
(1.293 ((-3.7321247 0 0)(0 0 -89.993134)))
(1.294 ((-3.7261724 0 0)(0 0 -89.993134)))
(1.295 ((-3.72022 0 0)(0 0 -89.993134)))
(1.296 ((-3.7142676 0 0)(0 0 -89.993134)))
(1.297 ((-3.7083152 0 0)(0 0 -89.993134)))
(1.298 ((-3.7023628 0 0)(0 0 -89.993134)))
(1.299 ((-3.6964105 0 0)(0 0 -89.993134)))
(1.3 ((-3.6904581 0 0)(0 0 -89.993134)))
(1.301 ((-3.6845057 0 0)(0 0 -89.993134)))
(1.302 ((-3.6785533 0 0)(0 0 -89.993134)))
(1.303 ((-3.6726009 0 0)(0 0 -89.993134)))
(1.304 ((-3.6666486 0 0)(0 0 -89.993134)))
(1.305 ((-3.6606962 0 0)(0 0 -89.993134)))
(1.306 ((-3.6547438 0 0)(0 0 -89.993134)))
(1.307 ((-3.6487914 0 0)(0 0 -89.993134)))
(1.308 ((-3.642839 0 0)(0 0 -89.993134)))
(1.309 ((-3.6368867 0 0)(0 0 -89.993134)))
(1.31 ((-3.6309343 0 0)(0 0 -89.993134)))
(1.311 ((-3.6249819 0 0)(0 0 -89.993134)))
(1.312 ((-3.6190295 0 0)(0 0 -89.993134)))
(1.313 ((-3.6130771 0 0)(0 0 -89.993134)))
(1.314 ((-3.6071247 0 0)(0 0 -89.993134)))
(1.315 ((-3.6011724 0 0)(0 0 -89.993134)))
(1.316 ((-3.59522 0 0)(0 0 -89.993134)))
(1.317 ((-3.5892676 0 0)(0 0 -89.993134)))
(1.318 ((-3.5833152 0 0)(0 0 -89.993134)))
(1.319 ((-3.5773628 0 0)(0 0 -89.993134)))
(1.32 ((-3.5714105 0 0)(0 0 -89.993134)))
(1.321 ((-3.5654581 0 0)(0 0 -89.993134)))
(1.322 ((-3.5595057 0 0)(0 0 -89.993134)))
(1.323 ((-3.5535533 0 0)(0 0 -89.993134)))
(1.324 ((-3.5476009 0 0)(0 0 -89.993134)))
(1.325 ((-3.5416486 0 0)(0 0 -89.993134)))
(1.326 ((-3.5356962 0 0)(0 0 -89.993134)))
(1.327 ((-3.5297438 0 0)(0 0 -89.993134)))
(1.328 ((-3.5237914 0 0)(0 0 -89.993134)))
(1.329 ((-3.517839 0 0)(0 0 -89.993134)))
(1.33 ((-3.5118867 0 0)(0 0 -89.993134)))
(1.331 ((-3.5059343 0 0)(0 0 -89.993134)))
(1.332 ((-3.4999819 0 0)(0 0 -89.993134)))
(1.333 ((-3.4940295 0 0)(0 0 -89.993134)))
(1.334 ((-3.4880771 0 0)(0 0 -89.993134)))
(1.335 ((-3.4821247 0 0)(0 0 -89.993134)))
(1.336 ((-3.4761724 0 0)(0 0 -89.993134)))
(1.337 ((-3.47022 0 0)(0 0 -89.993134)))
(1.338 ((-3.4642676 0 0)(0 0 -89.993134)))
(1.339 ((-3.4583152 0 0)(0 0 -89.993134)))
(1.34 ((-3.4523628 0 0)(0 0 -89.993134)))
(1.341 ((-3.4464105 0 0)(0 0 -89.993134)))
(1.342 ((-3.4404581 0 0)(0 0 -89.993134)))
(1.343 ((-3.4345057 0 0)(0 0 -89.993134)))
(1.344 ((-3.4285533 0 0)(0 0 -89.993134)))
(1.345 ((-3.4226009 0 0)(0 0 -89.993134)))
(1.346 ((-3.4166486 0 0)(0 0 -89.993134)))
(1.347 ((-3.4106962 0 0)(0 0 -89.993134)))
(1.348 ((-3.4047438 0 0)(0 0 -89.993134)))
(1.349 ((-3.3987914 0 0)(0 0 -89.993134)))
(1.35 ((-3.392839 0 0)(0 0 -89.993134)))
(1.351 ((-3.3868867 0 0)(0 0 -89.993134)))
(1.352 ((-3.3809343 0 0)(0 0 -89.993134)))
(1.353 ((-3.3749819 0 0)(0 0 -89.993134)))
(1.354 ((-3.3690295 0 0)(0 0 -89.993134)))
(1.355 ((-3.3630771 0 0)(0 0 -89.993134)))
(1.356 ((-3.3571247 0 0)(0 0 -89.993134)))
(1.357 ((-3.3511724 0 0)(0 0 -89.993134)))
(1.358 ((-3.34522 0 0)(0 0 -89.993134)))
(1.359 ((-3.3392676 0 0)(0 0 -89.993134)))
(1.36 ((-3.3333152 0 0)(0 0 -89.993134)))
(1.361 ((-3.3273628 0 0)(0 0 -89.993134)))
(1.362 ((-3.3214105 0 0)(0 0 -89.993134)))
(1.363 ((-3.3154581 0 0)(0 0 -89.993134)))
(1.364 ((-3.3095057 0 0)(0 0 -89.993134)))
(1.365 ((-3.3035533 0 0)(0 0 -89.993134)))
(1.366 ((-3.2976009 0 0)(0 0 -89.993134)))
(1.367 ((-3.2916486 0 0)(0 0 -89.993134)))
(1.368 ((-3.2856962 0 0)(0 0 -89.993134)))
(1.369 ((-3.2797438 0 0)(0 0 -89.993134)))
(1.37 ((-3.2737914 0 0)(0 0 -89.993134)))
(1.371 ((-3.267839 0 0)(0 0 -89.993134)))
(1.372 ((-3.2618867 0 0)(0 0 -89.993134)))
(1.373 ((-3.2559343 0 0)(0 0 -89.993134)))
(1.374 ((-3.2499819 0 0)(0 0 -89.993134)))
(1.375 ((-3.2440295 0 0)(0 0 -89.993134)))
(1.376 ((-3.2380771 0 0)(0 0 -89.993134)))
(1.377 ((-3.2321247 0 0)(0 0 -89.993134)))
(1.378 ((-3.2261724 0 0)(0 0 -89.993134)))
(1.379 ((-3.22022 0 0)(0 0 -89.993134)))
(1.38 ((-3.2142676 0 0)(0 0 -89.993134)))
(1.381 ((-3.2083152 0 0)(0 0 -89.993134)))
(1.382 ((-3.2023628 0 0)(0 0 -89.993134)))
(1.383 ((-3.1964105 0 0)(0 0 -89.993134)))
(1.384 ((-3.1904581 0 0)(0 0 -89.993134)))
(1.385 ((-3.1845057 0 0)(0 0 -89.993134)))
(1.386 ((-3.1785533 0 0)(0 0 -89.993134)))
(1.387 ((-3.1726009 0 0)(0 0 -89.993134)))
(1.388 ((-3.1666486 0 0)(0 0 -89.993134)))
(1.389 ((-3.1606962 0 0)(0 0 -89.993134)))
(1.39 ((-3.1547438 0 0)(0 0 -89.993134)))
(1.391 ((-3.1487914 0 0)(0 0 -89.993134)))
(1.392 ((-3.142839 0 0)(0 0 -89.993134)))
(1.393 ((-3.1368867 0 0)(0 0 -89.993134)))
(1.394 ((-3.1309343 0 0)(0 0 -89.993134)))
(1.395 ((-3.1249819 0 0)(0 0 -89.993134)))
(1.396 ((-3.1190295 0 0)(0 0 -89.993134)))
(1.397 ((-3.1130771 0 0)(0 0 -89.993134)))
(1.398 ((-3.1071247 0 0)(0 0 -89.993134)))
(1.399 ((-3.1011724 0 0)(0 0 -89.993134)))
(1.4 ((-3.09522 0 0)(0 0 -89.993134)))
(1.401 ((-3.0892676 0 0)(0 0 -89.993134)))
(1.402 ((-3.0833152 0 0)(0 0 -89.993134)))
(1.403 ((-3.0773628 0 0)(0 0 -89.993134)))
(1.404 ((-3.0714105 0 0)(0 0 -89.993134)))
(1.405 ((-3.0654581 0 0)(0 0 -89.993134)))
(1.406 ((-3.0595057 0 0)(0 0 -89.993134)))
(1.407 ((-3.0535533 0 0)(0 0 -89.993134)))
(1.408 ((-3.0476009 0 0)(0 0 -89.993134)))
(1.409 ((-3.0416486 0 0)(0 0 -89.993134)))
(1.41 ((-3.0356962 0 0)(0 0 -89.993134)))
(1.411 ((-3.0297438 0 0)(0 0 -89.993134)))
(1.412 ((-3.0237914 0 0)(0 0 -89.993134)))
(1.413 ((-3.017839 0 0)(0 0 -89.993134)))
(1.414 ((-3.0118867 0 0)(0 0 -89.993134)))
(1.415 ((-3.0059343 0 0)(0 0 -89.993134)))
(1.416 ((-2.9999819 0 0)(0 0 -89.993134)))
(1.417 ((-2.9940295 0 0)(0 0 -89.993134)))
(1.418 ((-2.9880771 0 0)(0 0 -89.993134)))
(1.419 ((-2.9821247 0 0)(0 0 -89.993134)))
(1.42 ((-2.9761724 0 0)(0 0 -89.993134)))
(1.421 ((-2.97022 0 0)(0 0 -89.993134)))
(1.422 ((-2.9642676 0 0)(0 0 -89.993134)))
(1.423 ((-2.9583152 0 0)(0 0 -89.993134)))
(1.424 ((-2.9523628 0 0)(0 0 -89.993134)))
(1.425 ((-2.9464105 0 0)(0 0 -89.993134)))
(1.426 ((-2.9404581 0 0)(0 0 -89.993134)))
(1.427 ((-2.9345057 0 0)(0 0 -89.993134)))
(1.428 ((-2.9285533 0 0)(0 0 -89.993134)))
(1.429 ((-2.9226009 0 0)(0 0 -89.993134)))
(1.43 ((-2.9166486 0 0)(0 0 -89.993134)))
(1.431 ((-2.9106962 0 0)(0 0 -89.993134)))
(1.432 ((-2.9047438 0 0)(0 0 -89.993134)))
(1.433 ((-2.8987914 0 0)(0 0 -89.993134)))
(1.434 ((-2.892839 0 0)(0 0 -89.993134)))
(1.435 ((-2.8868867 0 0)(0 0 -89.993134)))
(1.436 ((-2.8809343 0 0)(0 0 -89.993134)))
(1.437 ((-2.8749819 0 0)(0 0 -89.993134)))
(1.438 ((-2.8690295 0 0)(0 0 -89.993134)))
(1.439 ((-2.8630771 0 0)(0 0 -89.993134)))
(1.44 ((-2.8571247 0 0)(0 0 -89.993134)))
(1.441 ((-2.8511724 0 0)(0 0 -89.993134)))
(1.442 ((-2.84522 0 0)(0 0 -89.993134)))
(1.443 ((-2.8392676 0 0)(0 0 -89.993134)))
(1.444 ((-2.8333152 0 0)(0 0 -89.993134)))
(1.445 ((-2.8273628 0 0)(0 0 -89.993134)))
(1.446 ((-2.8214105 0 0)(0 0 -89.993134)))
(1.447 ((-2.8154581 0 0)(0 0 -89.993134)))
(1.448 ((-2.8095057 0 0)(0 0 -89.993134)))
(1.449 ((-2.8035533 0 0)(0 0 -89.993134)))
(1.45 ((-2.7976009 0 0)(0 0 -89.993134)))
(1.451 ((-2.7916486 0 0)(0 0 -89.993134)))
(1.452 ((-2.7856962 0 0)(0 0 -89.993134)))
(1.453 ((-2.7797438 0 0)(0 0 -89.993134)))
(1.454 ((-2.7737914 0 0)(0 0 -89.993134)))
(1.455 ((-2.767839 0 0)(0 0 -89.993134)))
(1.456 ((-2.7618867 0 0)(0 0 -89.993134)))
(1.457 ((-2.7559343 0 0)(0 0 -89.993134)))
(1.458 ((-2.7499819 0 0)(0 0 -89.993134)))
(1.459 ((-2.7440295 0 0)(0 0 -89.993134)))
(1.46 ((-2.7380771 0 0)(0 0 -89.993134)))
(1.461 ((-2.7321247 0 0)(0 0 -89.993134)))
(1.462 ((-2.7261724 0 0)(0 0 -89.993134)))
(1.463 ((-2.72022 0 0)(0 0 -89.993134)))
(1.464 ((-2.7142676 0 0)(0 0 -89.993134)))
(1.465 ((-2.7083152 0 0)(0 0 -89.993134)))
(1.466 ((-2.7023628 0 0)(0 0 -89.993134)))
(1.467 ((-2.6964105 0 0)(0 0 -89.993134)))
(1.468 ((-2.6904581 0 0)(0 0 -89.993134)))
(1.469 ((-2.6845057 0 0)(0 0 -89.993134)))
(1.47 ((-2.6785533 0 0)(0 0 -89.993134)))
(1.471 ((-2.6726009 0 0)(0 0 -89.993134)))
(1.472 ((-2.6666486 0 0)(0 0 -89.993134)))
(1.473 ((-2.6606962 0 0)(0 0 -89.993134)))
(1.474 ((-2.6547438 0 0)(0 0 -89.993134)))
(1.475 ((-2.6487914 0 0)(0 0 -89.993134)))
(1.476 ((-2.642839 0 0)(0 0 -89.993134)))
(1.477 ((-2.6368867 0 0)(0 0 -89.993134)))
(1.478 ((-2.6309343 0 0)(0 0 -89.993134)))
(1.479 ((-2.6249819 0 0)(0 0 -89.993134)))
(1.48 ((-2.6190295 0 0)(0 0 -89.993134)))
(1.481 ((-2.6130771 0 0)(0 0 -89.993134)))
(1.482 ((-2.6071247 0 0)(0 0 -89.993134)))
(1.483 ((-2.6011724 0 0)(0 0 -89.993134)))
(1.484 ((-2.59522 0 0)(0 0 -89.993134)))
(1.485 ((-2.5892676 0 0)(0 0 -89.993134)))
(1.486 ((-2.5833152 0 0)(0 0 -89.993134)))
(1.487 ((-2.5773628 0 0)(0 0 -89.993134)))
(1.488 ((-2.5714105 0 0)(0 0 -89.993134)))
(1.489 ((-2.5654581 0 0)(0 0 -89.993134)))
(1.49 ((-2.5595057 0 0)(0 0 -89.993134)))
(1.491 ((-2.5535533 0 0)(0 0 -89.993134)))
(1.492 ((-2.5476009 0 0)(0 0 -89.993134)))
(1.493 ((-2.5416486 0 0)(0 0 -89.993134)))
(1.494 ((-2.5356962 0 0)(0 0 -89.993134)))
(1.495 ((-2.5297438 0 0)(0 0 -89.993134)))
(1.496 ((-2.5237914 0 0)(0 0 -89.993134)))
(1.497 ((-2.517839 0 0)(0 0 -89.993134)))
(1.498 ((-2.5118867 0 0)(0 0 -89.993134)))
(1.499 ((-2.5059343 0 0)(0 0 -89.993134)))
(1.5 ((-2.4999819 0 0)(0 0 -89.993134)))
(1.501 ((-2.4940295 0 0)(0 0 -89.993134)))
(1.502 ((-2.4880771 0 0)(0 0 -89.993134)))
(1.503 ((-2.4821247 0 0)(0 0 -89.993134)))
(1.504 ((-2.4761724 0 0)(0 0 -89.993134)))
(1.505 ((-2.47022 0 0)(0 0 -89.993134)))
(1.506 ((-2.4642676 0 0)(0 0 -89.993134)))
(1.507 ((-2.4583152 0 0)(0 0 -89.993134)))
(1.508 ((-2.4523628 0 0)(0 0 -89.993134)))
(1.509 ((-2.4464105 0 0)(0 0 -89.993134)))
(1.51 ((-2.4404581 0 0)(0 0 -89.993134)))
(1.511 ((-2.4345057 0 0)(0 0 -89.993134)))
(1.512 ((-2.4285533 0 0)(0 0 -89.993134)))
(1.513 ((-2.4226009 0 0)(0 0 -89.993134)))
(1.514 ((-2.4166486 0 0)(0 0 -89.993134)))
(1.515 ((-2.4106962 0 0)(0 0 -89.993134)))
(1.516 ((-2.4047438 0 0)(0 0 -89.993134)))
(1.517 ((-2.3987914 0 0)(0 0 -89.993134)))
(1.518 ((-2.392839 0 0)(0 0 -89.993134)))
(1.519 ((-2.3868867 0 0)(0 0 -89.993134)))
(1.52 ((-2.3809343 0 0)(0 0 -89.993134)))
(1.521 ((-2.3749819 0 0)(0 0 -89.993134)))
(1.522 ((-2.3690295 0 0)(0 0 -89.993134)))
(1.523 ((-2.3630771 0 0)(0 0 -89.993134)))
(1.524 ((-2.3571247 0 0)(0 0 -89.993134)))
(1.525 ((-2.3511724 0 0)(0 0 -89.993134)))
(1.526 ((-2.34522 0 0)(0 0 -89.993134)))
(1.527 ((-2.3392676 0 0)(0 0 -89.993134)))
(1.528 ((-2.3333152 0 0)(0 0 -89.993134)))
(1.529 ((-2.3273628 0 0)(0 0 -89.993134)))
(1.53 ((-2.3214105 0 0)(0 0 -89.993134)))
(1.531 ((-2.3154581 0 0)(0 0 -89.993134)))
(1.532 ((-2.3095057 0 0)(0 0 -89.993134)))
(1.533 ((-2.3035533 0 0)(0 0 -89.993134)))
(1.534 ((-2.2976009 0 0)(0 0 -89.993134)))
(1.535 ((-2.2916486 0 0)(0 0 -89.993134)))
(1.536 ((-2.2856962 0 0)(0 0 -89.993134)))
(1.537 ((-2.2797438 0 0)(0 0 -89.993134)))
(1.538 ((-2.2737914 0 0)(0 0 -89.993134)))
(1.539 ((-2.267839 0 0)(0 0 -89.993134)))
(1.54 ((-2.2618867 0 0)(0 0 -89.993134)))
(1.541 ((-2.2559343 0 0)(0 0 -89.993134)))
(1.542 ((-2.2499819 0 0)(0 0 -89.993134)))
(1.543 ((-2.2440295 0 0)(0 0 -89.993134)))
(1.544 ((-2.2380771 0 0)(0 0 -89.993134)))
(1.545 ((-2.2321247 0 0)(0 0 -89.993134)))
(1.546 ((-2.2261724 0 0)(0 0 -89.993134)))
(1.547 ((-2.22022 0 0)(0 0 -89.993134)))
(1.548 ((-2.2142676 0 0)(0 0 -89.993134)))
(1.549 ((-2.2083152 0 0)(0 0 -89.993134)))
(1.55 ((-2.2023628 0 0)(0 0 -89.993134)))
(1.551 ((-2.1964105 0 0)(0 0 -89.993134)))
(1.552 ((-2.1904581 0 0)(0 0 -89.993134)))
(1.553 ((-2.1845057 0 0)(0 0 -89.993134)))
(1.554 ((-2.1785533 0 0)(0 0 -89.993134)))
(1.555 ((-2.1726009 0 0)(0 0 -89.993134)))
(1.556 ((-2.1666486 0 0)(0 0 -89.993134)))
(1.557 ((-2.1606962 0 0)(0 0 -89.993134)))
(1.558 ((-2.1547438 0 0)(0 0 -89.993134)))
(1.559 ((-2.1487914 0 0)(0 0 -89.993134)))
(1.56 ((-2.142839 0 0)(0 0 -89.993134)))
(1.561 ((-2.1368867 0 0)(0 0 -89.993134)))
(1.562 ((-2.1309343 0 0)(0 0 -89.993134)))
(1.563 ((-2.1249819 0 0)(0 0 -89.993134)))
(1.564 ((-2.1190295 0 0)(0 0 -89.993134)))
(1.565 ((-2.1130771 0 0)(0 0 -89.993134)))
(1.566 ((-2.1071247 0 0)(0 0 -89.993134)))
(1.567 ((-2.1011724 0 0)(0 0 -89.993134)))
(1.568 ((-2.09522 0 0)(0 0 -89.993134)))
(1.569 ((-2.0892676 0 0)(0 0 -89.993134)))
(1.57 ((-2.0833152 0 0)(0 0 -89.993134)))
(1.571 ((-2.0773628 0 0)(0 0 -89.993134)))
(1.572 ((-2.0714105 0 0)(0 0 -89.993134)))
(1.573 ((-2.0654581 0 0)(0 0 -89.993134)))
(1.574 ((-2.0595057 0 0)(0 0 -89.993134)))
(1.575 ((-2.0535533 0 0)(0 0 -89.993134)))
(1.576 ((-2.0476009 0 0)(0 0 -89.993134)))
(1.577 ((-2.0416486 0 0)(0 0 -89.993134)))
(1.578 ((-2.0356962 0 0)(0 0 -89.993134)))
(1.579 ((-2.0297438 0 0)(0 0 -89.993134)))
(1.58 ((-2.0237914 0 0)(0 0 -89.993134)))
(1.581 ((-2.017839 0 0)(0 0 -89.993134)))
(1.582 ((-2.0118867 0 0)(0 0 -89.993134)))
(1.583 ((-2.0059343 0 0)(0 0 -89.993134)))
(1.584 ((-1.9999819 0 0)(0 0 -89.993134)))
(1.585 ((-1.9940295 0 0)(0 0 -89.993134)))
(1.586 ((-1.9880771 0 0)(0 0 -89.993134)))
(1.587 ((-1.9821247 0 0)(0 0 -89.993134)))
(1.588 ((-1.9761724 0 0)(0 0 -89.993134)))
(1.589 ((-1.97022 0 0)(0 0 -89.993134)))
(1.59 ((-1.9642676 0 0)(0 0 -89.993134)))
(1.591 ((-1.9583152 0 0)(0 0 -89.993134)))
(1.592 ((-1.9523628 0 0)(0 0 -89.993134)))
(1.593 ((-1.9464105 0 0)(0 0 -89.993134)))
(1.594 ((-1.9404581 0 0)(0 0 -89.993134)))
(1.595 ((-1.9345057 0 0)(0 0 -89.993134)))
(1.596 ((-1.9285533 0 0)(0 0 -89.993134)))
(1.597 ((-1.9226009 0 0)(0 0 -89.993134)))
(1.598 ((-1.9166486 0 0)(0 0 -89.993134)))
(1.599 ((-1.9106962 0 0)(0 0 -89.993134)))
(1.6 ((-1.9047438 0 0)(0 0 -89.993134)))
(1.601 ((-1.8987914 0 0)(0 0 -89.993134)))
(1.602 ((-1.892839 0 0)(0 0 -89.993134)))
(1.603 ((-1.8868867 0 0)(0 0 -89.993134)))
(1.604 ((-1.8809343 0 0)(0 0 -89.993134)))
(1.605 ((-1.8749819 0 0)(0 0 -89.993134)))
(1.606 ((-1.8690295 0 0)(0 0 -89.993134)))
(1.607 ((-1.8630771 0 0)(0 0 -89.993134)))
(1.608 ((-1.8571247 0 0)(0 0 -89.993134)))
(1.609 ((-1.8511724 0 0)(0 0 -89.993134)))
(1.61 ((-1.84522 0 0)(0 0 -89.993134)))
(1.611 ((-1.8392676 0 0)(0 0 -89.993134)))
(1.612 ((-1.8333152 0 0)(0 0 -89.993134)))
(1.613 ((-1.8273628 0 0)(0 0 -89.993134)))
(1.614 ((-1.8214105 0 0)(0 0 -89.993134)))
(1.615 ((-1.8154581 0 0)(0 0 -89.993134)))
(1.616 ((-1.8095057 0 0)(0 0 -89.993134)))
(1.617 ((-1.8035533 0 0)(0 0 -89.993134)))
(1.618 ((-1.7976009 0 0)(0 0 -89.993134)))
(1.619 ((-1.7916486 0 0)(0 0 -89.993134)))
(1.62 ((-1.7856962 0 0)(0 0 -89.993134)))
(1.621 ((-1.7797438 0 0)(0 0 -89.993134)))
(1.622 ((-1.7737914 0 0)(0 0 -89.993134)))
(1.623 ((-1.767839 0 0)(0 0 -89.993134)))
(1.624 ((-1.7618867 0 0)(0 0 -89.993134)))
(1.625 ((-1.7559343 0 0)(0 0 -89.993134)))
(1.626 ((-1.7499819 0 0)(0 0 -89.993134)))
(1.627 ((-1.7440295 0 0)(0 0 -89.993134)))
(1.628 ((-1.7380771 0 0)(0 0 -89.993134)))
(1.629 ((-1.7321247 0 0)(0 0 -89.993134)))
(1.63 ((-1.7261724 0 0)(0 0 -89.993134)))
(1.631 ((-1.72022 0 0)(0 0 -89.993134)))
(1.632 ((-1.7142676 0 0)(0 0 -89.993134)))
(1.633 ((-1.7083152 0 0)(0 0 -89.993134)))
(1.634 ((-1.7023628 0 0)(0 0 -89.993134)))
(1.635 ((-1.6964105 0 0)(0 0 -89.993134)))
(1.636 ((-1.6904581 0 0)(0 0 -89.993134)))
(1.637 ((-1.6845057 0 0)(0 0 -89.993134)))
(1.638 ((-1.6785533 0 0)(0 0 -89.993134)))
(1.639 ((-1.6726009 0 0)(0 0 -89.993134)))
(1.64 ((-1.6666486 0 0)(0 0 -89.993134)))
(1.641 ((-1.6606962 0 0)(0 0 -89.993134)))
(1.642 ((-1.6547438 0 0)(0 0 -89.993134)))
(1.643 ((-1.6487914 0 0)(0 0 -89.993134)))
(1.644 ((-1.642839 0 0)(0 0 -89.993134)))
(1.645 ((-1.6368867 0 0)(0 0 -89.993134)))
(1.646 ((-1.6309343 0 0)(0 0 -89.993134)))
(1.647 ((-1.6249819 0 0)(0 0 -89.993134)))
(1.648 ((-1.6190295 0 0)(0 0 -89.993134)))
(1.649 ((-1.6130771 0 0)(0 0 -89.993134)))
(1.65 ((-1.6071247 0 0)(0 0 -89.993134)))
(1.651 ((-1.6011724 0 0)(0 0 -89.993134)))
(1.652 ((-1.59522 0 0)(0 0 -89.993134)))
(1.653 ((-1.5892676 0 0)(0 0 -89.993134)))
(1.654 ((-1.5833152 0 0)(0 0 -89.993134)))
(1.655 ((-1.5773628 0 0)(0 0 -89.993134)))
(1.656 ((-1.5714105 0 0)(0 0 -89.993134)))
(1.657 ((-1.5654581 0 0)(0 0 -89.993134)))
(1.658 ((-1.5595057 0 0)(0 0 -89.993134)))
(1.659 ((-1.5535533 0 0)(0 0 -89.993134)))
(1.66 ((-1.5476009 0 0)(0 0 -89.993134)))
(1.661 ((-1.5416486 0 0)(0 0 -89.993134)))
(1.662 ((-1.5356962 0 0)(0 0 -89.993134)))
(1.663 ((-1.5297438 0 0)(0 0 -89.993134)))
(1.664 ((-1.5237914 0 0)(0 0 -89.993134)))
(1.665 ((-1.517839 0 0)(0 0 -89.993134)))
(1.666 ((-1.5118867 0 0)(0 0 -89.993134)))
(1.667 ((-1.5059343 0 0)(0 0 -89.993134)))
(1.668 ((-1.4999819 0 0)(0 0 -89.993134)))
(1.669 ((-1.4940295 0 0)(0 0 -89.993134)))
(1.67 ((-1.4880771 0 0)(0 0 -89.993134)))
(1.671 ((-1.4821247 0 0)(0 0 -89.993134)))
(1.672 ((-1.4761724 0 0)(0 0 -89.993134)))
(1.673 ((-1.47022 0 0)(0 0 -89.993134)))
(1.674 ((-1.4642676 0 0)(0 0 -89.993134)))
(1.675 ((-1.4583152 0 0)(0 0 -89.993134)))
(1.676 ((-1.4523628 0 0)(0 0 -89.993134)))
(1.677 ((-1.4464105 0 0)(0 0 -89.993134)))
(1.678 ((-1.4404581 0 0)(0 0 -89.993134)))
(1.679 ((-1.4345057 0 0)(0 0 -89.993134)))
(1.68 ((-1.4285533 0 0)(0 0 -89.993134)))
(1.681 ((-1.4226009 0 0)(0 0 -89.993134)))
(1.682 ((-1.4166486 0 0)(0 0 -89.993134)))
(1.683 ((-1.4106962 0 0)(0 0 -89.993134)))
(1.684 ((-1.4047438 0 0)(0 0 -89.993134)))
(1.685 ((-1.3987914 0 0)(0 0 -89.993134)))
(1.686 ((-1.392839 0 0)(0 0 -89.993134)))
(1.687 ((-1.3868867 0 0)(0 0 -89.993134)))
(1.688 ((-1.3809343 0 0)(0 0 -89.993134)))
(1.689 ((-1.3749819 0 0)(0 0 -89.993134)))
(1.69 ((-1.3690295 0 0)(0 0 -89.993134)))
(1.691 ((-1.3630771 0 0)(0 0 -89.993134)))
(1.692 ((-1.3571247 0 0)(0 0 -89.993134)))
(1.693 ((-1.3511724 0 0)(0 0 -89.993134)))
(1.694 ((-1.34522 0 0)(0 0 -89.993134)))
(1.695 ((-1.3392676 0 0)(0 0 -89.993134)))
(1.696 ((-1.3333152 0 0)(0 0 -89.993134)))
(1.697 ((-1.3273628 0 0)(0 0 -89.993134)))
(1.698 ((-1.3214105 0 0)(0 0 -89.993134)))
(1.699 ((-1.3154581 0 0)(0 0 -89.993134)))
(1.7 ((-1.3095057 0 0)(0 0 -89.993134)))
(1.701 ((-1.3035533 0 0)(0 0 -89.993134)))
(1.702 ((-1.2976009 0 0)(0 0 -89.993134)))
(1.703 ((-1.2916486 0 0)(0 0 -89.993134)))
(1.704 ((-1.2856962 0 0)(0 0 -89.993134)))
(1.705 ((-1.2797438 0 0)(0 0 -89.993134)))
(1.706 ((-1.2737914 0 0)(0 0 -89.993134)))
(1.707 ((-1.267839 0 0)(0 0 -89.993134)))
(1.708 ((-1.2618867 0 0)(0 0 -89.993134)))
(1.709 ((-1.2559343 0 0)(0 0 -89.993134)))
(1.71 ((-1.2499819 0 0)(0 0 -89.993134)))
(1.711 ((-1.2440295 0 0)(0 0 -89.993134)))
(1.712 ((-1.2380771 0 0)(0 0 -89.993134)))
(1.713 ((-1.2321247 0 0)(0 0 -89.993134)))
(1.714 ((-1.2261724 0 0)(0 0 -89.993134)))
(1.715 ((-1.22022 0 0)(0 0 -89.993134)))
(1.716 ((-1.2142676 0 0)(0 0 -89.993134)))
(1.717 ((-1.2083152 0 0)(0 0 -89.993134)))
(1.718 ((-1.2023628 0 0)(0 0 -89.993134)))
(1.719 ((-1.1964105 0 0)(0 0 -89.993134)))
(1.72 ((-1.1904581 0 0)(0 0 -89.993134)))
(1.721 ((-1.1845057 0 0)(0 0 -89.993134)))
(1.722 ((-1.1785533 0 0)(0 0 -89.993134)))
(1.723 ((-1.1726009 0 0)(0 0 -89.993134)))
(1.724 ((-1.1666486 0 0)(0 0 -89.993134)))
(1.725 ((-1.1606962 0 0)(0 0 -89.993134)))
(1.726 ((-1.1547438 0 0)(0 0 -89.993134)))
(1.727 ((-1.1487914 0 0)(0 0 -89.993134)))
(1.728 ((-1.142839 0 0)(0 0 -89.993134)))
(1.729 ((-1.1368867 0 0)(0 0 -89.993134)))
(1.73 ((-1.1309343 0 0)(0 0 -89.993134)))
(1.731 ((-1.1249819 0 0)(0 0 -89.993134)))
(1.732 ((-1.1190295 0 0)(0 0 -89.993134)))
(1.733 ((-1.1130771 0 0)(0 0 -89.993134)))
(1.734 ((-1.1071247 0 0)(0 0 -89.993134)))
(1.735 ((-1.1011724 0 0)(0 0 -89.993134)))
(1.736 ((-1.09522 0 0)(0 0 -89.993134)))
(1.737 ((-1.0892676 0 0)(0 0 -89.993134)))
(1.738 ((-1.0833152 0 0)(0 0 -89.993134)))
(1.739 ((-1.0773628 0 0)(0 0 -89.993134)))
(1.74 ((-1.0714105 0 0)(0 0 -89.993134)))
(1.741 ((-1.0654581 0 0)(0 0 -89.993134)))
(1.742 ((-1.0595057 0 0)(0 0 -89.993134)))
(1.743 ((-1.0535533 0 0)(0 0 -89.993134)))
(1.744 ((-1.0476009 0 0)(0 0 -89.993134)))
(1.745 ((-1.0416486 0 0)(0 0 -89.993134)))
(1.746 ((-1.0356962 0 0)(0 0 -89.993134)))
(1.747 ((-1.0297438 0 0)(0 0 -89.993134)))
(1.748 ((-1.0237914 0 0)(0 0 -89.993134)))
(1.749 ((-1.017839 0 0)(0 0 -89.993134)))
(1.75 ((-1.0118867 0 0)(0 0 -89.993134)))
(1.751 ((-1.0059343 0 0)(0 0 -89.993134)))
(1.752 ((-0.99998189 0 0)(0 0 -89.993134)))
(1.753 ((-0.99402951 0 0)(0 0 -89.993134)))
(1.754 ((-0.98807713 0 0)(0 0 -89.993134)))
(1.755 ((-0.98212475 0 0)(0 0 -89.993134)))
(1.756 ((-0.97617237 0 0)(0 0 -89.993134)))
(1.757 ((-0.97021999 0 0)(0 0 -89.993134)))
(1.758 ((-0.96426761 0 0)(0 0 -89.993134)))
(1.759 ((-0.95831523 0 0)(0 0 -89.993134)))
(1.76 ((-0.95236284 0 0)(0 0 -89.993134)))
(1.761 ((-0.94641046 0 0)(0 0 -89.993134)))
(1.762 ((-0.94045808 0 0)(0 0 -89.993134)))
(1.763 ((-0.9345057 0 0)(0 0 -89.993134)))
(1.764 ((-0.92855332 0 0)(0 0 -89.993134)))
(1.765 ((-0.92260094 0 0)(0 0 -89.993134)))
(1.766 ((-0.91664856 0 0)(0 0 -89.993134)))
(1.767 ((-0.91069618 0 0)(0 0 -89.993134)))
(1.768 ((-0.9047438 0 0)(0 0 -89.993134)))
(1.769 ((-0.89879142 0 0)(0 0 -89.993134)))
(1.77 ((-0.89283903 0 0)(0 0 -89.993134)))
(1.771 ((-0.88688665 0 0)(0 0 -89.993134)))
(1.772 ((-0.88093427 0 0)(0 0 -89.993134)))
(1.773 ((-0.87498189 0 0)(0 0 -89.993134)))
(1.774 ((-0.86902951 0 0)(0 0 -89.993134)))
(1.775 ((-0.86307713 0 0)(0 0 -89.993134)))
(1.776 ((-0.85712475 0 0)(0 0 -89.993134)))
(1.777 ((-0.85117237 0 0)(0 0 -89.993134)))
(1.778 ((-0.84521999 0 0)(0 0 -89.993134)))
(1.779 ((-0.83926761 0 0)(0 0 -89.993134)))
(1.78 ((-0.83331523 0 0)(0 0 -89.993134)))
(1.781 ((-0.82736284 0 0)(0 0 -89.993134)))
(1.782 ((-0.82141046 0 0)(0 0 -89.993134)))
(1.783 ((-0.81545808 0 0)(0 0 -89.993134)))
(1.784 ((-0.8095057 0 0)(0 0 -89.993134)))
(1.785 ((-0.80355332 0 0)(0 0 -89.993134)))
(1.786 ((-0.79760094 0 0)(0 0 -89.993134)))
(1.787 ((-0.79164856 0 0)(0 0 -89.993134)))
(1.788 ((-0.78569618 0 0)(0 0 -89.993134)))
(1.789 ((-0.7797438 0 0)(0 0 -89.993134)))
(1.79 ((-0.77379142 0 0)(0 0 -89.993134)))
(1.791 ((-0.76783904 0 0)(0 0 -89.993134)))
(1.792 ((-0.76188666 0 0)(0 0 -89.993134)))
(1.793 ((-0.75593427 0 0)(0 0 -89.993134)))
(1.794 ((-0.74998189 0 0)(0 0 -89.993134)))
(1.795 ((-0.74402951 0 0)(0 0 -89.993134)))
(1.796 ((-0.73807713 0 0)(0 0 -89.993134)))
(1.797 ((-0.73212475 0 0)(0 0 -89.993134)))
(1.798 ((-0.72617237 0 0)(0 0 -89.993134)))
(1.799 ((-0.72021999 0 0)(0 0 -89.993134)))
(1.8 ((-0.71426761 0 0)(0 0 -89.993134)))
(1.801 ((-0.70831523 0 0)(0 0 -89.993134)))
(1.802 ((-0.70236286 0 0)(0 0 -89.993134)))
(1.803 ((-0.69641048 0 0)(0 0 -89.993134)))
(1.804 ((-0.6904581 0 0)(0 0 -89.993134)))
(1.805 ((-0.68450572 0 0)(0 0 -89.993134)))
(1.806 ((-0.67855335 0 0)(0 0 -89.993134)))
(1.807 ((-0.67260097 0 0)(0 0 -89.993134)))
(1.808 ((-0.6666486 0 0)(0 0 -89.993134)))
(1.809 ((-0.66069622 0 0)(0 0 -89.993134)))
(1.81 ((-0.65474385 0 0)(0 0 -89.993134)))
(1.811 ((-0.64879148 0 0)(0 0 -89.993134)))
(1.812 ((-0.64283912 0 0)(0 0 -89.993134)))
(1.813 ((-0.63688676 0 0)(0 0 -89.993134)))
(1.814 ((-0.6309344 0 0)(0 0 -89.993134)))
(1.815 ((-0.62498204 0 0)(0 0 -89.993134)))
(1.816 ((-0.6190297 0 0)(0 0 -89.993134)))
(1.817 ((-0.61307736 0 0)(0 0 -89.993134)))
(1.818 ((-0.60712503 0 0)(0 0 -89.993134)))
(1.819 ((-0.60117271 0 0)(0 0 -89.993134)))
(1.82 ((-0.5952204 0 0)(0 0 -89.993134)))
(1.821 ((-0.58926811 0 0)(0 0 -89.993134)))
(1.822 ((-0.58331585 0 0)(0 0 -89.993134)))
(1.823 ((-0.5773636 0 0)(0 0 -89.993134)))
(1.824 ((-0.57141139 0 0)(0 0 -89.993134)))
(1.825 ((-0.56545921 0 0)(0 0 -89.993134)))
(1.826 ((-0.55950708 0 0)(0 0 -89.993134)))
(1.827 ((-0.55355501 0 0)(0 0 -89.993134)))
(1.828 ((-0.547603 0 0)(0 0 -89.993134)))
(1.829 ((-0.54165107 0 0)(0 0 -89.993134)))
(1.83 ((-0.53569925 0 0)(0 0 -89.993134)))
(1.831 ((-0.52974755 0 0)(0 0 -89.993134)))
(1.832 ((-0.523796 0 0)(0 0 -89.993134)))
(1.833 ((-0.51784463 0 0)(0 0 -89.993134)))
(1.834 ((-0.51189349 0 0)(0 0 -89.993134)))
(1.835 ((-0.50594261 0 0)(0 0 -89.993134)))
(1.836 ((-0.49999208 0 0)(0 0 -89.993134)))
(1.837 ((-0.49404194 0 0)(0 0 -89.993134)))
(1.838 ((-0.48809231 0 0)(0 0 -89.993134)))
(1.839 ((-0.48214328 0 0)(0 0 -89.993134)))
(1.84 ((-0.47619498 0 0)(0 0 -89.993134)))
(1.841 ((-0.47024758 0 0)(0 0 -89.993134)))
(1.842 ((-0.46430126 0 0)(0 0 -89.993134)))
(1.843 ((-0.45835627 0 0)(0 0 -89.993134)))
(1.844 ((-0.45241289 0 0)(0 0 -89.993134)))
(1.845 ((-0.44647145 0 0)(0 0 -89.993134)))
(1.846 ((-0.44053238 0 0)(0 0 -89.993134)))
(1.847 ((-0.43459615 0 0)(0 0 -89.993134)))
(1.848 ((-0.42866336 0 0)(0 0 -89.993134)))
(1.849 ((-0.42273471 0 0)(0 0 -89.993134)))
(1.85 ((-0.41681102 0 0)(0 0 -89.993134)))
(1.851 ((-0.41089326 0 0)(0 0 -89.993134)))
(1.852 ((-0.40498255 0 0)(0 0 -89.993134)))
(1.853 ((-0.39908018 0 0)(0 0 -89.993134)))
(1.854 ((-0.39318764 0 0)(0 0 -89.993134)))
(1.855 ((-0.3873066 0 0)(0 0 -89.993134)))
(1.856 ((-0.38143892 0 0)(0 0 -89.993134)))
(1.857 ((-0.37558663 0 0)(0 0 -89.993134)))
(1.858 ((-0.36975192 0 0)(0 0 -89.993134)))
(1.859 ((-0.36393713 0 0)(0 0 -89.993134)))
(1.86 ((-0.35814467 0 0)(0 0 -89.993134)))
(1.861 ((-0.35237702 0 0)(0 0 -89.993134)))
(1.862 ((-0.34663663 0 0)(0 0 -89.993134)))
(1.863 ((-0.34092593 0 0)(0 0 -89.993134)))
(1.864 ((-0.33524725 0 0)(0 0 -89.993134)))
(1.865 ((-0.32960278 0 0)(0 0 -89.993134)))
(1.866 ((-0.32399456 0 0)(0 0 -89.993134)))
(1.867 ((-0.31842444 0 0)(0 0 -89.993134)))
(1.868 ((-0.3128941 0 0)(0 0 -89.993134)))
(1.869 ((-0.30740502 0 0)(0 0 -89.993134)))
(1.87 ((-0.30195848 0 0)(0 0 -89.993134)))
(1.871 ((-0.29655562 0 0)(0 0 -89.993134)))
(1.872 ((-0.29119741 0 0)(0 0 -89.993134)))
(1.873 ((-0.28588466 0 0)(0 0 -89.993134)))
(1.874 ((-0.28061808 0 0)(0 0 -89.993134)))
(1.875 ((-0.27539825 0 0)(0 0 -89.993134)))
(1.876 ((-0.27022567 0 0)(0 0 -89.993134)))
(1.877 ((-0.26510074 0 0)(0 0 -89.993134)))
(1.878 ((-0.2600238 0 0)(0 0 -89.993134)))
(1.879 ((-0.25499514 0 0)(0 0 -89.993134)))
(1.88 ((-0.250015 0 0)(0 0 -89.993134)))
(1.881 ((-0.24508357 0 0)(0 0 -89.993134)))
(1.882 ((-0.24020101 0 0)(0 0 -89.993134)))
(1.883 ((-0.23536744 0 0)(0 0 -89.993134)))
(1.884 ((-0.23058298 0 0)(0 0 -89.993134)))
(1.885 ((-0.22584772 0 0)(0 0 -89.993134)))
(1.886 ((-0.22116173 0 0)(0 0 -89.993134)))
(1.887 ((-0.21652507 0 0)(0 0 -89.993134)))
(1.888 ((-0.21193779 0 0)(0 0 -89.993134)))
(1.889 ((-0.20739993 0 0)(0 0 -89.993134)))
(1.89 ((-0.20291153 0 0)(0 0 -89.993134)))
(1.891 ((-0.1984726 0 0)(0 0 -89.993134)))
(1.892 ((-0.19408317 0 0)(0 0 -89.993134)))
(1.893 ((-0.18974327 0 0)(0 0 -89.993134)))
(1.894 ((-0.1854529 0 0)(0 0 -89.993134)))
(1.895 ((-0.18121208 0 0)(0 0 -89.993134)))
(1.896 ((-0.17702082 0 0)(0 0 -89.993134)))
(1.897 ((-0.17287912 0 0)(0 0 -89.993134)))
(1.898 ((-0.16878699 0 0)(0 0 -89.993134)))
(1.899 ((-0.16474445 0 0)(0 0 -89.993134)))
(1.9 ((-0.16075148 0 0)(0 0 -89.993134)))
(1.901 ((-0.15680811 0 0)(0 0 -89.993134)))
(1.902 ((-0.15291432 0 0)(0 0 -89.993134)))
(1.903 ((-0.14907012 0 0)(0 0 -89.993134)))
(1.904 ((-0.14527552 0 0)(0 0 -89.993134)))
(1.905 ((-0.14153052 0 0)(0 0 -89.993134)))
(1.906 ((-0.13783511 0 0)(0 0 -89.993134)))
(1.907 ((-0.1341893 0 0)(0 0 -89.993134)))
(1.908 ((-0.13059308 0 0)(0 0 -89.993134)))
(1.909 ((-0.12704647 0 0)(0 0 -89.993134)))
(1.91 ((-0.12354946 0 0)(0 0 -89.993134)))
(1.911 ((-0.12010205 0 0)(0 0 -89.993134)))
(1.912 ((-0.11670424 0 0)(0 0 -89.993134)))
(1.913 ((-0.11335603 0 0)(0 0 -89.993134)))
(1.914 ((-0.11005743 0 0)(0 0 -89.993134)))
(1.915 ((-0.10680842 0 0)(0 0 -89.993134)))
(1.916 ((-0.10360902 0 0)(0 0 -89.993134)))
(1.917 ((-0.10045922 0 0)(0 0 -89.993134)))
(1.918 ((-0.097359026 0 0)(0 0 -89.993134)))
(1.919 ((-0.094308432 0 0)(0 0 -89.993134)))
(1.92 ((-0.09130744 0 0)(0 0 -89.993134)))
(1.921 ((-0.088356051 0 0)(0 0 -89.993134)))
(1.922 ((-0.085454264 0 0)(0 0 -89.993134)))
(1.923 ((-0.08260208 0 0)(0 0 -89.993134)))
(1.924 ((-0.079799498 0 0)(0 0 -89.993134)))
(1.925 ((-0.077046519 0 0)(0 0 -89.993134)))
(1.926 ((-0.074343142 0 0)(0 0 -89.993134)))
(1.927 ((-0.071689367 0 0)(0 0 -89.993134)))
(1.928 ((-0.069085194 0 0)(0 0 -89.993134)))
(1.929 ((-0.066530622 0 0)(0 0 -89.993134)))
(1.93 ((-0.064025652 0 0)(0 0 -89.993134)))
(1.931 ((-0.061570282 0 0)(0 0 -89.993134)))
(1.932 ((-0.059164513 0 0)(0 0 -89.993134)))
(1.933 ((-0.056808344 0 0)(0 0 -89.993134)))
(1.934 ((-0.054501774 0 0)(0 0 -89.993134)))
(1.935 ((-0.052244802 0 0)(0 0 -89.993134)))
(1.936 ((-0.050037427 0 0)(0 0 -89.993134)))
(1.937 ((-0.047879647 0 0)(0 0 -89.993134)))
(1.938 ((-0.045771462 0 0)(0 0 -89.993134)))
(1.939 ((-0.043712868 0 0)(0 0 -89.993134)))
(1.94 ((-0.041703864 0 0)(0 0 -89.993134)))
(1.941 ((-0.039744447 0 0)(0 0 -89.993134)))
(1.942 ((-0.037834612 0 0)(0 0 -89.993134)))
(1.943 ((-0.035974356 0 0)(0 0 -89.993134)))
(1.944 ((-0.034163672 0 0)(0 0 -89.993134)))
(1.945 ((-0.032402555 0 0)(0 0 -89.993134)))
(1.946 ((-0.030690995 0 0)(0 0 -89.993134)))
(1.947 ((-0.029028983 0 0)(0 0 -89.993134)))
(1.948 ((-0.027416507 0 0)(0 0 -89.993134)))
(1.949 ((-0.025853551 0 0)(0 0 -89.993134)))
(1.95 ((-0.024340097 0 0)(0 0 -89.993134)))
(1.951 ((-0.022876124 0 0)(0 0 -89.993134)))
(1.952 ((-0.021461604 0 0)(0 0 -89.993134)))
(1.953 ((-0.020096503 0 0)(0 0 -89.993134)))
(1.954 ((-0.018780782 0 0)(0 0 -89.993134)))
(1.955 ((-0.017514391 0 0)(0 0 -89.993134)))
(1.956 ((-0.01629727 0 0)(0 0 -89.993134)))
(1.957 ((-0.015129347 0 0)(0 0 -89.993134)))
(1.958 ((-0.014010531 0 0)(0 0 -89.993134)))
(1.959 ((-0.012940714 0 0)(0 0 -89.993134)))
(1.96 ((-0.011919766 0 0)(0 0 -89.993134)))
(1.961 ((-0.010947526 0 0)(0 0 -89.993134)))
(1.962 ((-0.0100238 0 0)(0 0 -89.993134)))
(1.963 ((-0.0091483543 0 0)(0 0 -89.993134)))
(1.964 ((-0.0083209048 0 0)(0 0 -89.993134)))
(1.965 ((-0.00754111 0 0)(0 0 -89.993134)))
(1.966 ((-0.0068085591 0 0)(0 0 -89.993134)))
(1.967 ((-0.0061227601 0 0)(0 0 -89.993134)))
(1.968 ((-0.0054831255 0 0)(0 0 -89.993134)))
(1.969 ((-0.004888958 0 0)(0 0 -89.993134)))
(1.97 ((-0.0043394338 0 0)(0 0 -89.993134)))
(1.971 ((-0.0038335868 0 0)(0 0 -89.993134)))
(1.972 ((-0.0033702922 0 0)(0 0 -89.993134)))
(1.973 ((-0.002948253 0 0)(0 0 -89.993134)))
(1.974 ((-0.0025659889 0 0)(0 0 -89.993134)))
(1.975 ((-0.0022218303 0 0)(0 0 -89.993134)))
(1.976 ((-0.0019139195 0 0)(0 0 -89.993134)))
(1.977 ((-0.0016402201 0 0)(0 0 -89.993134)))
(1.978 ((-0.0013985364 0 0)(0 0 -89.993134)))
(1.979 ((-0.0011865417 0 0)(0 0 -89.993134)))
(1.98 ((-0.0010018163 0 0)(0 0 -89.993134)))
(1.981 ((-0.00084189261 0 0)(0 0 -89.993134)))
(1.982 ((-0.00070430262 0 0)(0 0 -89.993134)))
(1.983 ((-0.00058662683 0 0)(0 0 -89.993134)))
(1.984 ((-0.00048653862 0 0)(0 0 -89.993134)))
(1.985 ((-0.00040184208 0 0)(0 0 -89.993134)))
(1.986 ((-0.0003305009 0 0)(0 0 -89.993134)))
(1.987 ((-0.00027065741 0 0)(0 0 -89.993134)))
(1.988 ((-0.00022064208 0 0)(0 0 -89.993134)))
(1.989 ((-0.0001789745 0 0)(0 0 -89.993134)))
(1.99 ((-0.0001443576 0 0)(0 0 -89.993134)))
(1.991 ((-0.00011566677 0 0)(0 0 -89.993134)))
(1.992 ((-9.1935747e-05 0 0)(0 0 -89.993134)))
(1.993 ((-7.2340903e-05 0 0)(0 0 -89.993134)))
(1.994 ((-5.6184594e-05 0 0)(0 0 -89.993134)))
(1.995 ((-4.2880108e-05 0 0)(0 0 -89.993134)))
(1.996 ((-3.193318e-05 0 0)(0 0 -89.993134)))
(1.997 ((-2.2941003e-05 0 0)(0 0 -89.993134)))
(1.998 ((-1.5532217e-05 0 0)(0 0 -89.993134)))
(1.999 ((-9.5341196e-06 0 0)(0 0 -89.993134)))
(2 ((-4.2988351e-06 0 0)(0 0 -89.993134)))
(2.001 ((-2.0978987e-06 0 0)(0 0 -89.993134)))
(2.002 ((-2.3860965e-06 0 0)(0 0 -89.993134)))
(2.003 ((-2.3088741e-06 0 0)(0 0 -89.993134)))
(2.004 ((-2.3295658e-06 0 0)(0 0 -89.993134)))
(2.005 ((-2.3240215e-06 0 0)(0 0 -89.993134)))
(2.006 ((-2.3255071e-06 0 0)(0 0 -89.993134)))
(2.007 ((-2.325109e-06 0 0)(0 0 -89.993134)))
(2.008 ((-2.3252157e-06 0 0)(0 0 -89.993134)))
(2.009 ((-2.3251871e-06 0 0)(0 0 -89.993134)))
(2.01 ((-2.3251948e-06 0 0)(0 0 -89.993134)))
(2.011 ((-2.3251927e-06 0 0)(0 0 -89.993134)))
(2.012 ((-2.3251933e-06 0 0)(0 0 -89.993134)))
(2.013 ((-2.3251931e-06 0 0)(0 0 -89.993134)))
(2.014 ((-2.3251932e-06 0 0)(0 0 -89.993134)))
(2.015 ((-2.3251931e-06 0 0)(0 0 -89.993134)))
(2.016 ((-2.3251931e-06 0 0)(0 0 -89.993134)))
(2.017 ((-2.3251931e-06 0 0)(0 0 -89.993134)))
(2.018 ((-2.3251931e-06 0 0)(0 0 -89.993134)))
(2.019 ((-2.3251931e-06 0 0)(0 0 -89.993134)))
(2.02 ((-2.3251931e-06 0 0)(0 0 -89.993134)))
(2.021 ((-2.3251931e-06 0 0)(0 0 -89.993134)))
(2.022 ((-2.3251931e-06 0 0)(0 0 -89.993134)))
(2.023 ((-2.3251931e-06 0 0)(0 0 -89.993134)))
(2.024 ((-2.3251931e-06 0 0)(0 0 -89.993134)))
(2.025 ((-2.3251931e-06 0 0)(0 0 -89.993134)))
(2.026 ((-2.3251931e-06 0 0)(0 0 -89.993134)))
(2.027 ((-2.3251931e-06 0 0)(0 0 -89.993134)))
(2.028 ((-2.3251931e-06 0 0)(0 0 -89.993134)))
(2.029 ((-2.3251931e-06 0 0)(0 0 -89.993134)))
(2.03 ((-2.3251931e-06 0 0)(0 0 -89.993134)))
(2.031 ((-2.3251931e-06 0 0)(0 0 -89.993134)))
(2.032 ((-2.3251931e-06 0 0)(0 0 -89.993134)))
(2.033 ((-2.3251931e-06 0 0)(0 0 -89.993134)))
(2.034 ((-2.3251931e-06 0 0)(0 0 -89.993134)))
(2.035 ((-2.3251931e-06 0 0)(0 0 -89.993134)))
(2.036 ((-2.3251931e-06 0 0)(0 0 -89.993134)))
(2.037 ((-2.3251931e-06 0 0)(0 0 -89.993134)))
(2.038 ((-2.3251931e-06 0 0)(0 0 -89.993134)))
(2.039 ((-2.3251931e-06 0 0)(0 0 -89.993134)))
(2.04 ((-2.3251931e-06 0 0)(0 0 -89.993134)))
(2.041 ((-2.3251931e-06 0 0)(0 0 -89.993134)))
(2.042 ((-2.3251931e-06 0 0)(0 0 -89.993134)))
(2.043 ((-2.3251931e-06 0 0)(0 0 -89.993134)))
(2.044 ((-2.3251931e-06 0 0)(0 0 -89.993134)))
(2.045 ((-2.3251931e-06 0 0)(0 0 -89.993134)))
(2.046 ((-2.3251931e-06 0 0)(0 0 -89.993134)))
(2.047 ((-2.3251931e-06 0 0)(0 0 -89.993134)))
(2.048 ((-2.3251931e-06 0 0)(0 0 -89.993134)))
(2.049 ((-2.3251931e-06 0 0)(0 0 -89.993134)))
(2.05 ((-2.3251931e-06 0 0)(0 0 -89.993134)))
(2.051 ((-2.3251931e-06 0 0)(0 0 -89.993134)))
(2.052 ((-2.3251931e-06 0 0)(0 0 -89.993134)))
(2.053 ((-2.3251931e-06 0 0)(0 0 -89.993134)))
(2.054 ((-2.3251931e-06 0 0)(0 0 -89.993134)))
(2.055 ((-2.3251931e-06 0 0)(0 0 -89.993134)))
(2.056 ((-2.3251931e-06 0 0)(0 0 -89.993134)))
(2.057 ((-2.3251931e-06 0 0)(0 0 -89.993134)))
(2.058 ((-2.3251931e-06 0 0)(0 0 -89.993134)))
(2.059 ((-2.3251931e-06 0 0)(0 0 -89.993134)))
(2.06 ((-2.3251931e-06 0 0)(0 0 -89.993134)))
(2.061 ((-2.3251931e-06 0 0)(0 0 -89.993134)))
(2.062 ((-2.3251931e-06 0 0)(0 0 -89.993134)))
(2.063 ((-2.3251931e-06 0 0)(0 0 -89.993134)))
(2.064 ((-2.3251931e-06 0 0)(0 0 -89.993134)))
(2.065 ((-2.3251931e-06 0 0)(0 0 -89.993134)))
(2.066 ((-2.3251931e-06 0 0)(0 0 -89.993134)))
(2.067 ((-2.3251931e-06 0 0)(0 0 -89.993134)))
(2.068 ((-2.3251931e-06 0 0)(0 0 -89.993134)))
(2.069 ((-2.3251931e-06 0 0)(0 0 -89.993134)))
(2.07 ((-2.3251931e-06 0 0)(0 0 -89.993134)))
(2.071 ((-2.3251931e-06 0 0)(0 0 -89.993134)))
(2.072 ((-2.3251931e-06 0 0)(0 0 -89.993134)))
(2.073 ((-2.3251931e-06 0 0)(0 0 -89.993134)))
(2.074 ((-2.3251931e-06 0 0)(0 0 -89.993134)))
(2.075 ((-2.3251931e-06 0 0)(0 0 -89.993134)))
(2.076 ((-2.3251931e-06 0 0)(0 0 -89.993134)))
(2.077 ((-2.3251931e-06 0 0)(0 0 -89.993134)))
(2.078 ((-2.3251931e-06 0 0)(0 0 -89.993134)))
(2.079 ((-2.3251931e-06 0 0)(0 0 -89.993134)))
(2.08 ((-2.3251931e-06 0 0)(0 0 -89.993134)))
(2.081 ((-2.3251931e-06 0 0)(0 0 -89.993134)))
(2.082 ((-2.3251931e-06 0 0)(0 0 -89.993134)))
(2.083 ((-2.3251931e-06 0 0)(0 0 -89.993134)))
(2.084 ((-2.3251931e-06 0 0)(0 0 -89.993134)))
(2.085 ((-2.3251931e-06 0 0)(0 0 -89.993134)))
(2.086 ((-2.3251931e-06 0 0)(0 0 -89.993134)))
(2.087 ((-2.3251931e-06 0 0)(0 0 -89.993134)))
(2.088 ((-2.3251931e-06 0 0)(0 0 -89.993134)))
(2.089 ((-2.3251931e-06 0 0)(0 0 -89.993134)))
(2.09 ((-2.3251931e-06 0 0)(0 0 -89.993134)))
(2.091 ((-2.3251931e-06 0 0)(0 0 -89.993134)))
(2.092 ((-2.3251931e-06 0 0)(0 0 -89.993134)))
(2.093 ((-2.3251931e-06 0 0)(0 0 -89.993134)))
(2.094 ((-2.3251931e-06 0 0)(0 0 -89.993134)))
(2.095 ((-2.3251931e-06 0 0)(0 0 -89.993134)))
(2.096 ((-2.3251931e-06 0 0)(0 0 -89.993134)))
(2.097 ((-2.3251931e-06 0 0)(0 0 -89.993134)))
(2.098 ((-2.3251931e-06 0 0)(0 0 -89.993134)))
(2.099 ((-2.3251931e-06 0 0)(0 0 -89.993134)))
)
