1099
(
(0.0 ((-0.0 0 0)(0 0 0.0)))
(0.010101010101010102 ((-2.7945018752119804e-08 0 0)(0 0 0.0)))
(0.020202020202020204 ((-1.4429821838254688e-07 0 0)(0 0 0.0)))
(0.030303030303030304 ((-5.50036052690557e-07 0 0)(0 0 0.0)))
(0.04040404040404041 ((-1.6499758140991414e-06 0 0)(0 0 0.0)))
(0.05050505050505051 ((-4.896540459792011e-06 0 0)(0 0 0.0)))
(0.06060606060606061 ((-1.3362201602704218e-05 0 0)(0 0 0.0)))
(0.07070707070707072 ((-3.7605135415684013e-05 0 0)(0 0 0.0)))
(0.08080808080808081 ((-9.89563072081977e-05 0 0)(0 0 0.0)))
(0.09090909090909091 ((-0.00026188518004010447 0 0)(0 0 0.0)))
(0.10101010101010102 ((-0.0006244834409204217 0 0)(0 0 0.0)))
(0.11111111111111112 ((-0.0013722089800503523 0 0)(0 0 0.0)))
(0.12121212121212122 ((-0.0026370364144673013 0 0)(0 0 0.0)))
(0.13131313131313133 ((-0.004542109542768808 0 0)(0 0 0.0)))
(0.14141414141414144 ((-0.007123777348124314 0 0)(0 0 0.0)))
(0.15151515151515152 ((-0.010407632858887218 0 0)(0 0 0.0)))
(0.16161616161616163 ((-0.01439887289914141 0 0)(0 0 0.0)))
(0.17171717171717174 ((-0.019100992406641086 0 0)(0 0 0.0)))
(0.18181818181818182 ((-0.024514845375194484 0 0)(0 0 0.0)))
(0.19191919191919193 ((-0.03064073090736245 0 0)(0 0 0.0)))
(0.20202020202020204 ((-0.03747893172873076 0 0)(0 0 0.0)))
(0.21212121212121213 ((-0.04502931801452642 0 0)(0 0 0.0)))
(0.22222222222222224 ((-0.053292096846120074 0 0)(0 0 0.0)))
(0.23232323232323235 ((-0.062267081420494336 0 0)(0 0 0.0)))
(0.24242424242424243 ((-0.07195446878868285 0 0)(0 0 0.0)))
(0.25252525252525254 ((-0.08235406458913085 0 0)(0 0 0.0)))
(0.26262626262626265 ((-0.09346606454260162 0 0)(0 0 0.0)))
(0.27272727272727276 ((-0.1052902732850336 0 0)(0 0 0.0)))
(0.2828282828282829 ((-0.11782688636075886 0 0)(0 0 0.0)))
(0.29292929292929293 ((-0.13107570827275417 0 0)(0 0 0.0)))
(0.30303030303030304 ((-0.14503693454195185 0 0)(0 0 0.0)))
(0.31313131313131315 ((-0.1597103696536942 0 0)(0 0 0.0)))
(0.32323232323232326 ((-0.17509620912580987 0 0)(0 0 0.0)))
(0.33333333333333337 ((-0.1911942574413023 0 0)(0 0 0.0)))
(0.3434343434343435 ((-0.2080047101175887 0 0)(0 0 0.0)))
(0.3535353535353536 ((-0.22552737163736225 0 0)(0 0 0.0)))
(0.36363636363636365 ((-0.2437624375179854 0 0)(0 0 0.0)))
(0.37373737373737376 ((-0.2627097122421104 0 0)(0 0 0.0)))
(0.38383838383838387 ((-0.28236939132709254 0 0)(0 0 0.0)))
(0.393939393939394 ((-0.3027412792555785 0 0)(0 0 0.0)))
(0.4040404040404041 ((-0.3238255715449225 0 0)(0 0 0.0)))
(0.4141414141414142 ((-0.34562207267777045 0 0)(0 0 0.0)))
(0.42424242424242425 ((-0.36813097817147655 0 0)(0 0 0.0)))
(0.43434343434343436 ((-0.3913520925086868 0 0)(0 0 0.0)))
(0.4444444444444445 ((-0.4152856112067553 0 0)(0 0 0.0)))
(0.4545454545454546 ((-0.43993133874832774 0 0)(0 0 0.0)))
(0.4646464646464647 ((-0.46528947065075854 0 0)(0 0 0.0)))
(0.4747474747474748 ((-0.4913598113966933 0 0)(0 0 0.0)))
(0.48484848484848486 ((-0.5181425565034862 0 0)(0 0 0.0)))
(0.494949494949495 ((-0.5456375104537833 0 0)(0 0 0.0)))
(0.5050505050505051 ((-0.5738448687649386 0 0)(0 0 0.0)))
(0.5151515151515152 ((-0.602764435919598 0 0)(0 0 0.0)))
(0.5252525252525253 ((-0.6323964074351155 0 0)(0 0 0.0)))
(0.5353535353535354 ((-0.6627405877941369 0 0)(0 0 0.0)))
(0.5454545454545455 ((-0.6937971725140168 0 0)(0 0 0.0)))
(0.5555555555555556 ((-0.7255659660774006 0 0)(0 0 0.0)))
(0.5656565656565657 ((-0.7580471640016428 0 0)(0 0 0.0)))
(0.5757575757575758 ((-0.7912405707693888 0 0)(0 0 0.0)))
(0.5858585858585859 ((-0.8251463818979932 0 0)(0 0 0.0)))
(0.595959595959596 ((-0.8597644018701018 0 0)(0 0 0.0)))
(0.6060606060606061 ((-0.8950948262030681 0 0)(0 0 0.0)))
(0.6161616161616162 ((-0.9311374593795392 0 0)(0 0 0.0)))
(0.6262626262626263 ((-0.9678924969168677 0 0)(0 0 0.0)))
(0.6363636363636365 ((-1.005359743297701 0 0)(0 0 0.0)))
(0.6464646464646465 ((-1.043539394039392 0 0)(0 0 0.0)))
(0.6565656565656566 ((-1.0824312536245873 0 0)(0 0 0.0)))
(0.6666666666666667 ((-1.122035517570641 0 0)(0 0 0.0)))
(0.6767676767676768 ((-1.162351990360198 0 0)(0 0 0.0)))
(0.686868686868687 ((-1.2033808675106141 0 0)(0 0 0.0)))
(0.696969696969697 ((-1.2451219535045337 0 0)(0 0 0.0)))
(0.7070707070707072 ((-1.2875754438593119 0 0)(0 0 0.0)))
(0.7171717171717172 ((-1.3307411430575933 0 0)(0 0 0.0)))
(0.7272727272727273 ((-1.3746192466167328 0 0)(0 0 0.0)))
(0.7373737373737375 ((-1.4192095590193754 0 0)(0 0 0.0)))
(0.7474747474747475 ((-1.4645122757828732 0 0)(0 0 0.0)))
(0.7575757575757577 ((-1.5105272013898663 0 0)(0 0 0.0)))
(0.7676767676767677 ((-1.557254531357695 0 0)(0 0 0.0)))
(0.7777777777777778 ((-1.6046940701689605 0 0)(0 0 0.0)))
(0.787878787878788 ((-1.6528460133409177 0 0)(0 0 0.0)))
(0.797979797979798 ((-1.7017101653558677 0 0)(0 0 0.0)))
(0.8080808080808082 ((-1.751286721730424 0 0)(0 0 0.0)))
(0.8181818181818182 ((-1.8015754869446305 0 0)(0 0 0.0)))
(0.8282828282828284 ((-1.8525766565102468 0 0)(0 0 0.0)))
(0.8383838383838385 ((-1.904290034890318 0 0)(0 0 0.0)))
(0.8484848484848485 ((-1.9567158175600037 0 0)(0 0 0.0)))
(0.8585858585858587 ((-2.0098538088541718 0 0)(0 0 0.0)))
(0.8686868686868687 ((-2.06370420397203 0 0)(0 0 0.0)))
(0.8787878787878789 ((-2.1182668062820045 0 0)(0 0 0.0)))
(0.888888888888889 ((-2.1735418089026983 0 0)(0 0 0.0)))
(0.8989898989898991 ((-2.229529007915914 0 0)(0 0 0.0)))
(0.9090909090909092 ((-2.2862285807540377 0 0)(0 0 0.0)))
(0.9191919191919192 ((-2.3436402685703657 0 0)(0 0 0.0)))
(0.9292929292929294 ((-2.4017641305950908 0 0)(0 0 0.0)))
(0.9393939393939394 ((-2.460599494483515 0 0)(0 0 0.0)))
(0.9494949494949496 ((-2.520145532172277 0 0)(0 0 0.0)))
(0.9595959595959597 ((-2.580398490371916 0 0)(0 0 0.0)))
(0.9696969696969697 ((-2.641351067333909 0 0)(0 0 0.0)))
(0.9797979797979799 ((-2.702978195935314 0 0)(0 0 0.0)))
(0.98989898989899 ((-2.7652336267452444 0 0)(0 0 0.0)))
(1.0 ((-2.8279971831032165 0 0)(0 0 0.0)))
(1.003003003003003 ((-2.8467426198663546 0 0)(0 0 0.0)))
(1.006006006006006 ((-2.865507156201031 0 0)(0 0 0.0)))
(1.009009009009009 ((-2.8842946632366355 0 0)(0 0 0.0)))
(1.012012012012012 ((-2.9030997937484813 0 0)(0 0 0.0)))
(1.015015015015015 ((-2.921920095722742 0 0)(0 0 0.0)))
(1.018018018018018 ((-2.9407513911796093 0 0)(0 0 0.0)))
(1.021021021021021 ((-2.959592121508381 0 0)(0 0 0.0)))
(1.024024024024024 ((-2.978439304898671 0 0)(0 0 0.0)))
(1.027027027027027 ((-2.9972921430465185 0 0)(0 0 0.0)))
(1.03003003003003 ((-3.016148587568939 0 0)(0 0 0.0)))
(1.033033033033033 ((-3.03500837424903 0 0)(0 0 0.0)))
(1.0360360360360361 ((-3.053870080083767 0 0)(0 0 0.0)))
(1.039039039039039 ((-3.072733777322373 0 0)(0 0 0.0)))
(1.042042042042042 ((-3.0915984267879204 0 0)(0 0 0.0)))
(1.045045045045045 ((-3.110464300039542 0 0)(0 0 0.0)))
(1.048048048048048 ((-3.129330582021267 0 0)(0 0 0.0)))
(1.0510510510510511 ((-3.1481976583592615 0 0)(0 0 0.0)))
(1.054054054054054 ((-3.167064841256097 0 0)(0 0 0.0)))
(1.057057057057057 ((-3.185932580384287 0 0)(0 0 0.0)))
(1.06006006006006 ((-3.204800259090831 0 0)(0 0 0.0)))
(1.063063063063063 ((-3.2236683626317366 0 0)(0 0 0.0)))
(1.0660660660660661 ((-3.2425363137873577 0 0)(0 0 0.0)))
(1.069069069069069 ((-3.261404617469107 0 0)(0 0 0.0)))
(1.072072072072072 ((-3.2802727182109526 0 0)(0 0 0.0)))
(1.075075075075075 ((-3.2991411317468646 0 0)(0 0 0.0)))
(1.078078078078078 ((-3.3180093145801153 0 0)(0 0 0.0)))
(1.0810810810810811 ((-3.3368777883933096 0 0)(0 0 0.0)))
(1.084084084084084 ((-3.355746016266088 0 0)(0 0 0.0)))
(1.087087087087087 ((-3.374614523147592 0 0)(0 0 0.0)))
(1.09009009009009 ((-3.3934827757279207 0 0)(0 0 0.0)))
(1.093093093093093 ((-3.4123513007489965 0 0)(0 0 0.0)))
(1.0960960960960962 ((-3.4312195668822287 0 0)(0 0 0.0)))
(1.0990990990990992 ((-3.450088101853197 0 0)(0 0 0.0)))
(1.102102102102102 ((-3.4689563754203308 0 0)(0 0 0.0)))
(1.105105105105105 ((-3.4878249158488352 0 0)(0 0 0.0)))
(1.1081081081081081 ((-3.5066931934934473 0 0)(0 0 0.0)))
(1.1111111111111112 ((-3.525561736915372 0 0)(0 0 0.0)))
(1.1141141141141142 ((-3.5444300167964427 0 0)(0 0 0.0)))
(1.117117117117117 ((-3.5632985618602215 0 0)(0 0 0.0)))
(1.12012012012012 ((-3.582166842967958 0 0)(0 0 0.0)))
(1.1231231231231231 ((-3.601035388932273 0 0)(0 0 0.0)))
(1.1261261261261262 ((-3.619903670712818 0 0)(0 0 0.0)))
(1.1291291291291292 ((-3.6387722171710615 0 0)(0 0 0.0)))
(1.132132132132132 ((-3.657640499320628 0 0)(0 0 0.0)))
(1.135135135135135 ((-3.676509046049784 0 0)(0 0 0.0)))
(1.1381381381381381 ((-3.695377328401756 0 0)(0 0 0.0)))
(1.1411411411411412 ((-3.7142458752795005 0 0)(0 0 0.0)))
(1.1441441441441442 ((-3.733114157742488 0 0)(0 0 0.0)))
(1.147147147147147 ((-3.7519827047017302 0 0)(0 0 0.0)))
(1.15015015015015 ((-3.7708509872256073 0 0)(0 0 0.0)))
(1.1531531531531531 ((-3.7897195342295524 0 0)(0 0 0.0)))
(1.1561561561561562 ((-3.808587816786826 0 0)(0 0 0.0)))
(1.1591591591591592 ((-3.8274563638152883 0 0)(0 0 0.0)))
(1.1621621621621623 ((-3.84632464639088 0 0)(0 0 0.0)))
(1.165165165165165 ((-3.8651931934327877 0 0)(0 0 0.0)))
(1.1681681681681682 ((-3.8840614760184256 0 0)(0 0 0.0)))
(1.1711711711711712 ((-3.902930023067711 0 0)(0 0 0.0)))
(1.1741741741741742 ((-3.92179830565886 0 0)(0 0 0.0)))
(1.1771771771771773 ((-3.94066685271219 0 0)(0 0 0.0)))
(1.1801801801801801 ((-3.9595351353063606 0 0)(0 0 0.0)))
(1.1831831831831832 ((-3.9784036823619107 0 0)(0 0 0.0)))
(1.1861861861861862 ((-3.997271964957739 0 0)(0 0 0.0)))
(1.1891891891891893 ((-4.016140512014506 0 0)(0 0 0.0)))
(1.1921921921921923 ((-4.035008794611245 0 0)(0 0 0.0)))
(1.1951951951951951 ((-4.053877341668677 0 0)(0 0 0.0)))
(1.1981981981981982 ((-4.072745624265914 0 0)(0 0 0.0)))
(1.2012012012012012 ((-4.091614171323714 0 0)(0 0 0.0)))
(1.2042042042042043 ((-4.110482453921224 0 0)(0 0 0.0)))
(1.2072072072072073 ((-4.129351000979226 0 0)(0 0 0.0)))
(1.2102102102102101 ((-4.148219283576885 0 0)(0 0 0.0)))
(1.2132132132132132 ((-4.167087830634997 0 0)(0 0 0.0)))
(1.2162162162162162 ((-4.185956113232739 0 0)(0 0 0.0)))
(1.2192192192192193 ((-4.204824660290911 0 0)(0 0 0.0)))
(1.2222222222222223 ((-4.2236929428886985 0 0)(0 0 0.0)))
(1.2252252252252251 ((-4.242561489946902 0 0)(0 0 0.0)))
(1.2282282282282282 ((-4.261429772544714 0 0)(0 0 0.0)))
(1.2312312312312312 ((-4.280298319602938 0 0)(0 0 0.0)))
(1.2342342342342343 ((-4.2991666022007635 0 0)(0 0 0.0)))
(1.2372372372372373 ((-4.318035149258997 0 0)(0 0 0.0)))
(1.2402402402402402 ((-4.336903431856829 0 0)(0 0 0.0)))
(1.2432432432432432 ((-4.355771978915067 0 0)(0 0 0.0)))
(1.2462462462462462 ((-4.374640261512904 0 0)(0 0 0.0)))
(1.2492492492492493 ((-4.393508808571147 0 0)(0 0 0.0)))
(1.2522522522522523 ((-4.412377091168986 0 0)(0 0 0.0)))
(1.2552552552552552 ((-4.431245638227228 0 0)(0 0 0.0)))
(1.2582582582582582 ((-4.4501139208250695 0 0)(0 0 0.0)))
(1.2612612612612613 ((-4.468982467883313 0 0)(0 0 0.0)))
(1.2642642642642643 ((-4.4878507504811544 0 0)(0 0 0.0)))
(1.2672672672672673 ((-4.5067192975394 0 0)(0 0 0.0)))
(1.2702702702702702 ((-4.525587580137239 0 0)(0 0 0.0)))
(1.2732732732732732 ((-4.5444561271954855 0 0)(0 0 0.0)))
(1.2762762762762763 ((-4.563324409793327 0 0)(0 0 0.0)))
(1.2792792792792793 ((-4.582192956851572 0 0)(0 0 0.0)))
(1.2822822822822824 ((-4.601061239449414 0 0)(0 0 0.0)))
(1.2852852852852852 ((-4.619929786507658 0 0)(0 0 0.0)))
(1.2882882882882882 ((-4.6387980691054995 0 0)(0 0 0.0)))
(1.2912912912912913 ((-4.657666616163746 0 0)(0 0 0.0)))
(1.2942942942942943 ((-4.676534898761587 0 0)(0 0 0.0)))
(1.2972972972972974 ((-4.695403445819834 0 0)(0 0 0.0)))
(1.3003003003003002 ((-4.714271728417676 0 0)(0 0 0.0)))
(1.3033033033033032 ((-4.73314027547592 0 0)(0 0 0.0)))
(1.3063063063063063 ((-4.752008558073762 0 0)(0 0 0.0)))
(1.3093093093093093 ((-4.770877105132008 0 0)(0 0 0.0)))
(1.3123123123123124 ((-4.78974538772985 0 0)(0 0 0.0)))
(1.3153153153153152 ((-4.808613934788093 0 0)(0 0 0.0)))
(1.3183183183183182 ((-4.827482217385936 0 0)(0 0 0.0)))
(1.3213213213213213 ((-4.846350764444182 0 0)(0 0 0.0)))
(1.3243243243243243 ((-4.865219047042023 0 0)(0 0 0.0)))
(1.3273273273273274 ((-4.884087594100269 0 0)(0 0 0.0)))
(1.3303303303303302 ((-4.90295587669811 0 0)(0 0 0.0)))
(1.3333333333333333 ((-4.921824423756354 0 0)(0 0 0.0)))
(1.3363363363363363 ((-4.940692706354198 0 0)(0 0 0.0)))
(1.3393393393393394 ((-4.959561253412443 0 0)(0 0 0.0)))
(1.3423423423423424 ((-4.978429536010285 0 0)(0 0 0.0)))
(1.3453453453453452 ((-4.997298083068529 0 0)(0 0 0.0)))
(1.3483483483483483 ((-5.016166365666371 0 0)(0 0 0.0)))
(1.3513513513513513 ((-5.035034912724616 0 0)(0 0 0.0)))
(1.3543543543543544 ((-5.05390319532246 0 0)(0 0 0.0)))
(1.3573573573573574 ((-5.072771742380705 0 0)(0 0 0.0)))
(1.3603603603603602 ((-5.091640024978546 0 0)(0 0 0.0)))
(1.3633633633633633 ((-5.110508572036791 0 0)(0 0 0.0)))
(1.3663663663663663 ((-5.129376854634633 0 0)(0 0 0.0)))
(1.3693693693693694 ((-5.148245401692878 0 0)(0 0 0.0)))
(1.3723723723723724 ((-5.1671136842907215 0 0)(0 0 0.0)))
(1.3753753753753752 ((-5.185982231348966 0 0)(0 0 0.0)))
(1.3783783783783785 ((-5.204850513946809 0 0)(0 0 0.0)))
(1.3813813813813813 ((-5.2237190610050535 0 0)(0 0 0.0)))
(1.3843843843843844 ((-5.242587343602895 0 0)(0 0 0.0)))
(1.3873873873873874 ((-5.261455890661141 0 0)(0 0 0.0)))
(1.3903903903903903 ((-5.2803241732589825 0 0)(0 0 0.0)))
(1.3933933933933935 ((-5.2991927203172295 0 0)(0 0 0.0)))
(1.3963963963963963 ((-5.31806100291507 0 0)(0 0 0.0)))
(1.3993993993993994 ((-5.336929549973315 0 0)(0 0 0.0)))
(1.4024024024024024 ((-5.355797832571158 0 0)(0 0 0.0)))
(1.4054054054054055 ((-5.374666379629403 0 0)(0 0 0.0)))
(1.4084084084084085 ((-5.393534662227245 0 0)(0 0 0.0)))
(1.4114114114114114 ((-5.41240320928549 0 0)(0 0 0.0)))
(1.4144144144144144 ((-5.431271491883331 0 0)(0 0 0.0)))
(1.4174174174174174 ((-5.450140038941578 0 0)(0 0 0.0)))
(1.4204204204204205 ((-5.46900832153942 0 0)(0 0 0.0)))
(1.4234234234234235 ((-5.487876868597665 0 0)(0 0 0.0)))
(1.4264264264264264 ((-5.5067451511955054 0 0)(0 0 0.0)))
(1.4294294294294294 ((-5.525613698253751 0 0)(0 0 0.0)))
(1.4324324324324325 ((-5.544481980851593 0 0)(0 0 0.0)))
(1.4354354354354355 ((-5.563350527909838 0 0)(0 0 0.0)))
(1.4384384384384385 ((-5.5822188105076815 0 0)(0 0 0.0)))
(1.4414414414414414 ((-5.601087357565924 0 0)(0 0 0.0)))
(1.4444444444444444 ((-5.619955640163767 0 0)(0 0 0.0)))
(1.4474474474474475 ((-5.638824187222013 0 0)(0 0 0.0)))
(1.4504504504504505 ((-5.657692469819855 0 0)(0 0 0.0)))
(1.4534534534534536 ((-5.6765610168781 0 0)(0 0 0.0)))
(1.4564564564564564 ((-5.695429299475941 0 0)(0 0 0.0)))
(1.4594594594594594 ((-5.714297846534186 0 0)(0 0 0.0)))
(1.4624624624624625 ((-5.733166129132029 0 0)(0 0 0.0)))
(1.4654654654654655 ((-5.752034676190274 0 0)(0 0 0.0)))
(1.4684684684684686 ((-5.770902958788117 0 0)(0 0 0.0)))
(1.4714714714714714 ((-5.78977150584636 0 0)(0 0 0.0)))
(1.4744744744744744 ((-5.808639788444204 0 0)(0 0 0.0)))
(1.4774774774774775 ((-5.827508335502447 0 0)(0 0 0.0)))
(1.4804804804804805 ((-5.8463766181002885 0 0)(0 0 0.0)))
(1.4834834834834836 ((-5.865245165158536 0 0)(0 0 0.0)))
(1.4864864864864864 ((-5.884113447756377 0 0)(0 0 0.0)))
(1.4894894894894894 ((-5.902981994814622 0 0)(0 0 0.0)))
(1.4924924924924925 ((-5.921850277412464 0 0)(0 0 0.0)))
(1.4954954954954955 ((-5.94071882447071 0 0)(0 0 0.0)))
(1.4984984984984986 ((-5.959587107068551 0 0)(0 0 0.0)))
(1.5015015015015014 ((-5.978455654126795 0 0)(0 0 0.0)))
(1.5045045045045045 ((-5.997323936724636 0 0)(0 0 0.0)))
(1.5075075075075075 ((-6.016192483782883 0 0)(0 0 0.0)))
(1.5105105105105106 ((-6.035060766380725 0 0)(0 0 0.0)))
(1.5135135135135136 ((-6.053929313438971 0 0)(0 0 0.0)))
(1.5165165165165164 ((-6.072797596036812 0 0)(0 0 0.0)))
(1.5195195195195195 ((-6.091666143095058 0 0)(0 0 0.0)))
(1.5225225225225225 ((-6.1105344256929 0 0)(0 0 0.0)))
(1.5255255255255256 ((-6.129402972751145 0 0)(0 0 0.0)))
(1.5285285285285286 ((-6.148271255348987 0 0)(0 0 0.0)))
(1.5315315315315314 ((-6.167139802407231 0 0)(0 0 0.0)))
(1.5345345345345345 ((-6.186008085005073 0 0)(0 0 0.0)))
(1.5375375375375375 ((-6.204876632063319 0 0)(0 0 0.0)))
(1.5405405405405406 ((-6.22374491466116 0 0)(0 0 0.0)))
(1.5435435435435436 ((-6.242613461719406 0 0)(0 0 0.0)))
(1.5465465465465464 ((-6.261481744317248 0 0)(0 0 0.0)))
(1.5495495495495497 ((-6.280350291375495 0 0)(0 0 0.0)))
(1.5525525525525525 ((-6.299218573973336 0 0)(0 0 0.0)))
(1.5555555555555556 ((-6.318087121031581 0 0)(0 0 0.0)))
(1.5585585585585586 ((-6.336955403629423 0 0)(0 0 0.0)))
(1.5615615615615615 ((-6.355823950687666 0 0)(0 0 0.0)))
(1.5645645645645647 ((-6.3746922332855105 0 0)(0 0 0.0)))
(1.5675675675675675 ((-6.393560780343754 0 0)(0 0 0.0)))
(1.5705705705705706 ((-6.412429062941597 0 0)(0 0 0.0)))
(1.5735735735735736 ((-6.4312976099998425 0 0)(0 0 0.0)))
(1.5765765765765765 ((-6.450165892597685 0 0)(0 0 0.0)))
(1.5795795795795797 ((-6.46903443965593 0 0)(0 0 0.0)))
(1.5825825825825826 ((-6.487902722253773 0 0)(0 0 0.0)))
(1.5855855855855856 ((-6.506771269312017 0 0)(0 0 0.0)))
(1.5885885885885886 ((-6.525639551909858 0 0)(0 0 0.0)))
(1.5915915915915915 ((-6.544508098968103 0 0)(0 0 0.0)))
(1.5945945945945947 ((-6.563376381565946 0 0)(0 0 0.0)))
(1.5975975975975976 ((-6.582244928624191 0 0)(0 0 0.0)))
(1.6006006006006006 ((-6.6011132112220325 0 0)(0 0 0.0)))
(1.6036036036036037 ((-6.61998175828028 0 0)(0 0 0.0)))
(1.6066066066066065 ((-6.638850040878121 0 0)(0 0 0.0)))
(1.6096096096096097 ((-6.657718587936366 0 0)(0 0 0.0)))
(1.6126126126126126 ((-6.676586870534208 0 0)(0 0 0.0)))
(1.6156156156156156 ((-6.695455417592452 0 0)(0 0 0.0)))
(1.6186186186186187 ((-6.714323700190294 0 0)(0 0 0.0)))
(1.6216216216216215 ((-6.733192247248539 0 0)(0 0 0.0)))
(1.6246246246246248 ((-6.752060529846382 0 0)(0 0 0.0)))
(1.6276276276276276 ((-6.770929076904627 0 0)(0 0 0.0)))
(1.6306306306306306 ((-6.789797359502469 0 0)(0 0 0.0)))
(1.6336336336336337 ((-6.808665906560715 0 0)(0 0 0.0)))
(1.6366366366366365 ((-6.827534189158556 0 0)(0 0 0.0)))
(1.6396396396396398 ((-6.846402736216802 0 0)(0 0 0.0)))
(1.6426426426426426 ((-6.865271018814643 0 0)(0 0 0.0)))
(1.6456456456456456 ((-6.884139565872888 0 0)(0 0 0.0)))
(1.6486486486486487 ((-6.90300784847073 0 0)(0 0 0.0)))
(1.6516516516516515 ((-6.921876395528975 0 0)(0 0 0.0)))
(1.6546546546546548 ((-6.940744678126817 0 0)(0 0 0.0)))
(1.6576576576576576 ((-6.959613225185063 0 0)(0 0 0.0)))
(1.6606606606606606 ((-6.978481507782904 0 0)(0 0 0.0)))
(1.6636636636636637 ((-6.99735005484115 0 0)(0 0 0.0)))
(1.6666666666666665 ((-7.016218337438992 0 0)(0 0 0.0)))
(1.6696696696696698 ((-7.035086884497239 0 0)(0 0 0.0)))
(1.6726726726726726 ((-7.05395516709508 0 0)(0 0 0.0)))
(1.6756756756756757 ((-7.072823714153324 0 0)(0 0 0.0)))
(1.6786786786786787 ((-7.091691996751167 0 0)(0 0 0.0)))
(1.6816816816816815 ((-7.11056054380941 0 0)(0 0 0.0)))
(1.6846846846846848 ((-7.1294288264072545 0 0)(0 0 0.0)))
(1.6876876876876876 ((-7.148297373465498 0 0)(0 0 0.0)))
(1.6906906906906907 ((-7.16716565606334 0 0)(0 0 0.0)))
(1.6936936936936937 ((-7.1860342031215865 0 0)(0 0 0.0)))
(1.6966966966966965 ((-7.204902485719428 0 0)(0 0 0.0)))
(1.6996996996996998 ((-7.223771032777673 0 0)(0 0 0.0)))
(1.7027027027027026 ((-7.242639315375515 0 0)(0 0 0.0)))
(1.7057057057057057 ((-7.261507862433761 0 0)(0 0 0.0)))
(1.7087087087087087 ((-7.280376145031602 0 0)(0 0 0.0)))
(1.7117117117117115 ((-7.299244692089847 0 0)(0 0 0.0)))
(1.7147147147147148 ((-7.31811297468769 0 0)(0 0 0.0)))
(1.7177177177177176 ((-7.336981521745934 0 0)(0 0 0.0)))
(1.7207207207207207 ((-7.355849804343776 0 0)(0 0 0.0)))
(1.7237237237237237 ((-7.374718351402021 0 0)(0 0 0.0)))
(1.7267267267267266 ((-7.393586633999863 0 0)(0 0 0.0)))
(1.7297297297297298 ((-7.4124551810581085 0 0)(0 0 0.0)))
(1.7327327327327327 ((-7.43132346365595 0 0)(0 0 0.0)))
(1.7357357357357357 ((-7.450192010714195 0 0)(0 0 0.0)))
(1.7387387387387387 ((-7.4690602933120385 0 0)(0 0 0.0)))
(1.7417417417417418 ((-7.487928840370282 0 0)(0 0 0.0)))
(1.7447447447447448 ((-7.506797122968124 0 0)(0 0 0.0)))
(1.7477477477477477 ((-7.525665670026369 0 0)(0 0 0.0)))
(1.7507507507507507 ((-7.544533952624211 0 0)(0 0 0.0)))
(1.7537537537537538 ((-7.563402499682456 0 0)(0 0 0.0)))
(1.7567567567567568 ((-7.5822707822802995 0 0)(0 0 0.0)))
(1.7597597597597598 ((-7.601139329338546 0 0)(0 0 0.0)))
(1.7627627627627627 ((-7.620007611936387 0 0)(0 0 0.0)))
(1.7657657657657657 ((-7.638876158994632 0 0)(0 0 0.0)))
(1.7687687687687688 ((-7.657744441592474 0 0)(0 0 0.0)))
(1.7717717717717718 ((-7.67661298865072 0 0)(0 0 0.0)))
(1.7747747747747749 ((-7.695481271248561 0 0)(0 0 0.0)))
(1.7777777777777777 ((-7.714349818306806 0 0)(0 0 0.0)))
(1.7807807807807807 ((-7.733218100904647 0 0)(0 0 0.0)))
(1.7837837837837838 ((-7.752086647962893 0 0)(0 0 0.0)))
(1.7867867867867868 ((-7.770954930560736 0 0)(0 0 0.0)))
(1.7897897897897899 ((-7.789823477618981 0 0)(0 0 0.0)))
(1.7927927927927927 ((-7.808691760216822 0 0)(0 0 0.0)))
(1.7957957957957957 ((-7.827560307275068 0 0)(0 0 0.0)))
(1.7987987987987988 ((-7.846428589872909 0 0)(0 0 0.0)))
(1.8018018018018018 ((-7.865297136931156 0 0)(0 0 0.0)))
(1.8048048048048049 ((-7.884165419528998 0 0)(0 0 0.0)))
(1.8078078078078077 ((-7.903033966587243 0 0)(0 0 0.0)))
(1.810810810810811 ((-7.921902249185085 0 0)(0 0 0.0)))
(1.8138138138138138 ((-7.9407707962433305 0 0)(0 0 0.0)))
(1.8168168168168168 ((-7.959639078841172 0 0)(0 0 0.0)))
(1.8198198198198199 ((-7.978507625899417 0 0)(0 0 0.0)))
(1.8228228228228227 ((-7.997375908497259 0 0)(0 0 0.0)))
(1.825825825825826 ((-8.016244455555503 0 0)(0 0 0.0)))
(1.8288288288288288 ((-8.035112738153344 0 0)(0 0 0.0)))
(1.8318318318318318 ((-8.05398128521159 0 0)(0 0 0.0)))
(1.834834834834835 ((-8.072849567809433 0 0)(0 0 0.0)))
(1.8378378378378377 ((-8.091718114867678 0 0)(0 0 0.0)))
(1.840840840840841 ((-8.110586397465521 0 0)(0 0 0.0)))
(1.8438438438438438 ((-8.129454944523765 0 0)(0 0 0.0)))
(1.8468468468468469 ((-8.148323227121608 0 0)(0 0 0.0)))
(1.84984984984985 ((-8.167191774179852 0 0)(0 0 0.0)))
(1.8528528528528527 ((-8.186060056777693 0 0)(0 0 0.0)))
(1.855855855855856 ((-8.20492860383594 0 0)(0 0 0.0)))
(1.8588588588588588 ((-8.223796886433782 0 0)(0 0 0.0)))
(1.8618618618618619 ((-8.242665433492027 0 0)(0 0 0.0)))
(1.864864864864865 ((-8.261533716089868 0 0)(0 0 0.0)))
(1.8678678678678677 ((-8.280402263148114 0 0)(0 0 0.0)))
(1.870870870870871 ((-8.299270545745957 0 0)(0 0 0.0)))
(1.8738738738738738 ((-8.318139092804202 0 0)(0 0 0.0)))
(1.8768768768768769 ((-8.337007375402044 0 0)(0 0 0.0)))
(1.87987987987988 ((-8.355875922460289 0 0)(0 0 0.0)))
(1.8828828828828827 ((-8.374744205058128 0 0)(0 0 0.0)))
(1.885885885885886 ((-8.393612752116375 0 0)(0 0 0.0)))
(1.8888888888888888 ((-8.412481034714217 0 0)(0 0 0.0)))
(1.8918918918918919 ((-8.431349581772462 0 0)(0 0 0.0)))
(1.894894894894895 ((-8.450217864370305 0 0)(0 0 0.0)))
(1.8978978978978978 ((-8.469086411428549 0 0)(0 0 0.0)))
(1.900900900900901 ((-8.487954694026392 0 0)(0 0 0.0)))
(1.9039039039039038 ((-8.506823241084636 0 0)(0 0 0.0)))
(1.906906906906907 ((-8.525691523682479 0 0)(0 0 0.0)))
(1.90990990990991 ((-8.544560070740722 0 0)(0 0 0.0)))
(1.9129129129129128 ((-8.563428353338566 0 0)(0 0 0.0)))
(1.915915915915916 ((-8.582296900396813 0 0)(0 0 0.0)))
(1.9189189189189189 ((-8.601165182994654 0 0)(0 0 0.0)))
(1.921921921921922 ((-8.620033730052898 0 0)(0 0 0.0)))
(1.924924924924925 ((-8.63890201265074 0 0)(0 0 0.0)))
(1.9279279279279278 ((-8.657770559708984 0 0)(0 0 0.0)))
(1.930930930930931 ((-8.676638842306827 0 0)(0 0 0.0)))
(1.9339339339339339 ((-8.695507389365073 0 0)(0 0 0.0)))
(1.936936936936937 ((-8.714375671962914 0 0)(0 0 0.0)))
(1.93993993993994 ((-8.73324421902116 0 0)(0 0 0.0)))
(1.9429429429429428 ((-8.752112501619001 0 0)(0 0 0.0)))
(1.945945945945946 ((-8.770981048677248 0 0)(0 0 0.0)))
(1.9489489489489489 ((-8.78984933127509 0 0)(0 0 0.0)))
(1.951951951951952 ((-8.808717878333333 0 0)(0 0 0.0)))
(1.954954954954955 ((-8.827586160931176 0 0)(0 0 0.0)))
(1.9579579579579578 ((-8.84645470798942 0 0)(0 0 0.0)))
(1.960960960960961 ((-8.865322990587263 0 0)(0 0 0.0)))
(1.9639639639639639 ((-8.884191537645508 0 0)(0 0 0.0)))
(1.966966966966967 ((-8.90305982024335 0 0)(0 0 0.0)))
(1.96996996996997 ((-8.921928367301595 0 0)(0 0 0.0)))
(1.9729729729729728 ((-8.940796649899436 0 0)(0 0 0.0)))
(1.975975975975976 ((-8.959665196957683 0 0)(0 0 0.0)))
(1.978978978978979 ((-8.978533479555523 0 0)(0 0 0.0)))
(1.981981981981982 ((-8.997402026613768 0 0)(0 0 0.0)))
(1.984984984984985 ((-9.016270309211613 0 0)(0 0 0.0)))
(1.9879879879879878 ((-9.035138856269855 0 0)(0 0 0.0)))
(1.990990990990991 ((-9.0540071388677 0 0)(0 0 0.0)))
(1.993993993993994 ((-9.072875685925943 0 0)(0 0 0.0)))
(1.996996996996997 ((-9.091743968523787 0 0)(0 0 0.0)))
(2.0 ((-9.110612515582032 0 0)(0 0 0.0)))
(2.003003003003003 ((-9.129480798179872 0 0)(0 0 0.0)))
(2.006006006006006 ((-9.148349345238119 0 0)(0 0 0.0)))
(2.009009009009009 ((-9.16721762783596 0 0)(0 0 0.0)))
(2.012012012012012 ((-9.186086174894204 0 0)(0 0 0.0)))
(2.015015015015015 ((-9.204954457492047 0 0)(0 0 0.0)))
(2.018018018018018 ((-9.22382300455029 0 0)(0 0 0.0)))
(2.021021021021021 ((-9.242691287148133 0 0)(0 0 0.0)))
(2.024024024024024 ((-9.261559834206379 0 0)(0 0 0.0)))
(2.027027027027027 ((-9.280428116804224 0 0)(0 0 0.0)))
(2.03003003003003 ((-9.299296663862467 0 0)(0 0 0.0)))
(2.033033033033033 ((-9.318164946460307 0 0)(0 0 0.0)))
(2.036036036036036 ((-9.337033493518554 0 0)(0 0 0.0)))
(2.039039039039039 ((-9.355901776116394 0 0)(0 0 0.0)))
(2.042042042042042 ((-9.37477032317464 0 0)(0 0 0.0)))
(2.045045045045045 ((-9.393638605772482 0 0)(0 0 0.0)))
(2.048048048048048 ((-9.41250715283073 0 0)(0 0 0.0)))
(2.051051051051051 ((-9.431375435428572 0 0)(0 0 0.0)))
(2.054054054054054 ((-9.450243982486814 0 0)(0 0 0.0)))
(2.057057057057057 ((-9.469112265084657 0 0)(0 0 0.0)))
(2.06006006006006 ((-9.487980812142903 0 0)(0 0 0.0)))
(2.063063063063063 ((-9.506849094740742 0 0)(0 0 0.0)))
(2.066066066066066 ((-9.525717641798991 0 0)(0 0 0.0)))
(2.069069069069069 ((-9.544585924396833 0 0)(0 0 0.0)))
(2.0720720720720722 ((-9.563454471455078 0 0)(0 0 0.0)))
(2.075075075075075 ((-9.582322754052917 0 0)(0 0 0.0)))
(2.078078078078078 ((-9.601191301111163 0 0)(0 0 0.0)))
(2.081081081081081 ((-9.620059583709006 0 0)(0 0 0.0)))
(2.084084084084084 ((-9.638928130767251 0 0)(0 0 0.0)))
(2.0870870870870872 ((-9.657796413365096 0 0)(0 0 0.0)))
(2.09009009009009 ((-9.676664960423338 0 0)(0 0 0.0)))
(2.093093093093093 ((-9.69553324302118 0 0)(0 0 0.0)))
(2.096096096096096 ((-9.714401790079426 0 0)(0 0 0.0)))
(2.0990990990990994 ((-9.733270072677271 0 0)(0 0 0.0)))
(2.1021021021021022 ((-9.752138619735515 0 0)(0 0 0.0)))
(2.105105105105105 ((-9.771006902333356 0 0)(0 0 0.0)))
(2.108108108108108 ((-9.7898754493916 0 0)(0 0 0.0)))
(2.111111111111111 ((-9.808743731989443 0 0)(0 0 0.0)))
(2.1141141141141144 ((-9.827612279047692 0 0)(0 0 0.0)))
(2.1171171171171173 ((-9.846480561645532 0 0)(0 0 0.0)))
(2.12012012012012 ((-9.865349108703777 0 0)(0 0 0.0)))
(2.123123123123123 ((-9.884217391301616 0 0)(0 0 0.0)))
(2.126126126126126 ((-9.903085938359864 0 0)(0 0 0.0)))
(2.1291291291291294 ((-9.921954220957707 0 0)(0 0 0.0)))
(2.1321321321321323 ((-9.940822768015952 0 0)(0 0 0.0)))
(2.135135135135135 ((-9.959691050613792 0 0)(0 0 0.0)))
(2.138138138138138 ((-9.978559597672037 0 0)(0 0 0.0)))
(2.141141141141141 ((-9.997427880269882 0 0)(0 0 0.0)))
(2.1441441441441444 ((-10.016296427328127 0 0)(0 0 0.0)))
(2.1471471471471473 ((-10.035164709925965 0 0)(0 0 0.0)))
(2.15015015015015 ((-10.05403325698421 0 0)(0 0 0.0)))
(2.153153153153153 ((-10.072901539582052 0 0)(0 0 0.0)))
(2.156156156156156 ((-10.0917700866403 0 0)(0 0 0.0)))
(2.1591591591591595 ((-10.110638369238142 0 0)(0 0 0.0)))
(2.1621621621621623 ((-10.129506916296387 0 0)(0 0 0.0)))
(2.165165165165165 ((-10.148375198894227 0 0)(0 0 0.0)))
(2.168168168168168 ((-10.167243745952472 0 0)(0 0 0.0)))
(2.171171171171171 ((-10.186112028550316 0 0)(0 0 0.0)))
(2.1741741741741745 ((-10.204980575608563 0 0)(0 0 0.0)))
(2.1771771771771773 ((-10.223848858206402 0 0)(0 0 0.0)))
(2.18018018018018 ((-10.242717405264647 0 0)(0 0 0.0)))
(2.183183183183183 ((-10.261585687862489 0 0)(0 0 0.0)))
(2.186186186186186 ((-10.280454234920736 0 0)(0 0 0.0)))
(2.1891891891891895 ((-10.299322517518581 0 0)(0 0 0.0)))
(2.1921921921921923 ((-10.318191064576823 0 0)(0 0 0.0)))
(2.195195195195195 ((-10.33705934717466 0 0)(0 0 0.0)))
(2.198198198198198 ((-10.355927894232906 0 0)(0 0 0.0)))
(2.201201201201201 ((-10.374796176830749 0 0)(0 0 0.0)))
(2.2042042042042045 ((-10.393664723888996 0 0)(0 0 0.0)))
(2.2072072072072073 ((-10.412533006486838 0 0)(0 0 0.0)))
(2.21021021021021 ((-10.431401553545083 0 0)(0 0 0.0)))
(2.213213213213213 ((-10.450269836142922 0 0)(0 0 0.0)))
(2.2162162162162162 ((-10.46913838320117 0 0)(0 0 0.0)))
(2.2192192192192195 ((-10.488006665799015 0 0)(0 0 0.0)))
(2.2222222222222223 ((-10.506875212857258 0 0)(0 0 0.0)))
(2.225225225225225 ((-10.525743495455098 0 0)(0 0 0.0)))
(2.228228228228228 ((-10.544612042513343 0 0)(0 0 0.0)))
(2.2312312312312312 ((-10.563480325111186 0 0)(0 0 0.0)))
(2.2342342342342345 ((-10.582348872169433 0 0)(0 0 0.0)))
(2.2372372372372373 ((-10.601217154767275 0 0)(0 0 0.0)))
(2.24024024024024 ((-10.620085701825518 0 0)(0 0 0.0)))
(2.243243243243243 ((-10.638953984423358 0 0)(0 0 0.0)))
(2.2462462462462462 ((-10.657822531481607 0 0)(0 0 0.0)))
(2.2492492492492495 ((-10.676690814079452 0 0)(0 0 0.0)))
(2.2522522522522523 ((-10.695559361137693 0 0)(0 0 0.0)))
(2.255255255255255 ((-10.714427643735535 0 0)(0 0 0.0)))
(2.258258258258258 ((-10.733296190793778 0 0)(0 0 0.0)))
(2.2612612612612613 ((-10.752164473391623 0 0)(0 0 0.0)))
(2.2642642642642645 ((-10.77103302044987 0 0)(0 0 0.0)))
(2.2672672672672673 ((-10.789901303047708 0 0)(0 0 0.0)))
(2.27027027027027 ((-10.808769850105953 0 0)(0 0 0.0)))
(2.273273273273273 ((-10.827638132703793 0 0)(0 0 0.0)))
(2.2762762762762763 ((-10.846506679762042 0 0)(0 0 0.0)))
(2.2792792792792795 ((-10.865374962359887 0 0)(0 0 0.0)))
(2.2822822822822824 ((-10.884243509418129 0 0)(0 0 0.0)))
(2.285285285285285 ((-10.90311179201597 0 0)(0 0 0.0)))
(2.288288288288288 ((-10.921980339074215 0 0)(0 0 0.0)))
(2.2912912912912913 ((-10.940848621672059 0 0)(0 0 0.0)))
(2.2942942942942945 ((-10.959717168730306 0 0)(0 0 0.0)))
(2.2972972972972974 ((-10.978585451328147 0 0)(0 0 0.0)))
(2.3003003003003 ((-10.997453998386392 0 0)(0 0 0.0)))
(2.303303303303303 ((-11.016322280984232 0 0)(0 0 0.0)))
(2.3063063063063063 ((-11.035190828042477 0 0)(0 0 0.0)))
(2.3093093093093096 ((-11.054059110640322 0 0)(0 0 0.0)))
(2.3123123123123124 ((-11.072927657698566 0 0)(0 0 0.0)))
(2.315315315315315 ((-11.091795940296404 0 0)(0 0 0.0)))
(2.318318318318318 ((-11.110664487354649 0 0)(0 0 0.0)))
(2.3213213213213213 ((-11.129532769952494 0 0)(0 0 0.0)))
(2.3243243243243246 ((-11.148401317010743 0 0)(0 0 0.0)))
(2.3273273273273274 ((-11.16726959960858 0 0)(0 0 0.0)))
(2.33033033033033 ((-11.186138146666824 0 0)(0 0 0.0)))
(2.333333333333333 ((-11.205006429264667 0 0)(0 0 0.0)))
(2.3363363363363363 ((-11.22387497632291 0 0)(0 0 0.0)))
(2.3393393393393396 ((-11.242743258920756 0 0)(0 0 0.0)))
(2.3423423423423424 ((-11.261611805979 0 0)(0 0 0.0)))
(2.3453453453453452 ((-11.280480088576843 0 0)(0 0 0.0)))
(2.348348348348348 ((-11.299348635635084 0 0)(0 0 0.0)))
(2.3513513513513513 ((-11.318216918232928 0 0)(0 0 0.0)))
(2.3543543543543546 ((-11.337085465291175 0 0)(0 0 0.0)))
(2.3573573573573574 ((-11.355953747889016 0 0)(0 0 0.0)))
(2.3603603603603602 ((-11.37482229494726 0 0)(0 0 0.0)))
(2.363363363363363 ((-11.3936905775451 0 0)(0 0 0.0)))
(2.3663663663663663 ((-11.412559124603348 0 0)(0 0 0.0)))
(2.3693693693693696 ((-11.431427407201191 0 0)(0 0 0.0)))
(2.3723723723723724 ((-11.450295954259435 0 0)(0 0 0.0)))
(2.3753753753753752 ((-11.469164236857276 0 0)(0 0 0.0)))
(2.378378378378378 ((-11.48803278391552 0 0)(0 0 0.0)))
(2.3813813813813813 ((-11.506901066513365 0 0)(0 0 0.0)))
(2.3843843843843846 ((-11.525769613571612 0 0)(0 0 0.0)))
(2.3873873873873874 ((-11.544637896169451 0 0)(0 0 0.0)))
(2.3903903903903903 ((-11.563506443227698 0 0)(0 0 0.0)))
(2.393393393393393 ((-11.582374725825538 0 0)(0 0 0.0)))
(2.3963963963963963 ((-11.601243272883785 0 0)(0 0 0.0)))
(2.3993993993993996 ((-11.620111555481627 0 0)(0 0 0.0)))
(2.4024024024024024 ((-11.638980102539872 0 0)(0 0 0.0)))
(2.4054054054054053 ((-11.657848385137711 0 0)(0 0 0.0)))
(2.408408408408408 ((-11.676716932195955 0 0)(0 0 0.0)))
(2.4114114114114114 ((-11.6955852147938 0 0)(0 0 0.0)))
(2.4144144144144146 ((-11.714453761852047 0 0)(0 0 0.0)))
(2.4174174174174174 ((-11.733322044449887 0 0)(0 0 0.0)))
(2.4204204204204203 ((-11.75219059150813 0 0)(0 0 0.0)))
(2.423423423423423 ((-11.771058874105972 0 0)(0 0 0.0)))
(2.4264264264264264 ((-11.78992742116422 0 0)(0 0 0.0)))
(2.4294294294294296 ((-11.808795703762062 0 0)(0 0 0.0)))
(2.4324324324324325 ((-11.827664250820307 0 0)(0 0 0.0)))
(2.4354354354354353 ((-11.846532533418147 0 0)(0 0 0.0)))
(2.438438438438438 ((-11.865401080476394 0 0)(0 0 0.0)))
(2.4414414414414414 ((-11.884269363074235 0 0)(0 0 0.0)))
(2.4444444444444446 ((-11.903137910132482 0 0)(0 0 0.0)))
(2.4474474474474475 ((-11.922006192730322 0 0)(0 0 0.0)))
(2.4504504504504503 ((-11.940874739788567 0 0)(0 0 0.0)))
(2.453453453453453 ((-11.959743022386407 0 0)(0 0 0.0)))
(2.4564564564564564 ((-11.978611569444656 0 0)(0 0 0.0)))
(2.4594594594594597 ((-11.997479852042499 0 0)(0 0 0.0)))
(2.4624624624624625 ((-12.016348399100742 0 0)(0 0 0.0)))
(2.4654654654654653 ((-12.035216681698582 0 0)(0 0 0.0)))
(2.468468468468468 ((-12.054085228756826 0 0)(0 0 0.0)))
(2.4714714714714714 ((-12.072953511354672 0 0)(0 0 0.0)))
(2.4744744744744747 ((-12.091822058412918 0 0)(0 0 0.0)))
(2.4774774774774775 ((-12.11069034101076 0 0)(0 0 0.0)))
(2.4804804804804803 ((-12.129558888069003 0 0)(0 0 0.0)))
(2.4834834834834836 ((-12.148427170666848 0 0)(0 0 0.0)))
(2.4864864864864864 ((-12.167295717725091 0 0)(0 0 0.0)))
(2.4894894894894897 ((-12.186164000322936 0 0)(0 0 0.0)))
(2.4924924924924925 ((-12.205032547381178 0 0)(0 0 0.0)))
(2.4954954954954953 ((-12.223900829979021 0 0)(0 0 0.0)))
(2.4984984984984986 ((-12.242769377037265 0 0)(0 0 0.0)))
(2.5015015015015014 ((-12.261637659635104 0 0)(0 0 0.0)))
(2.5045045045045047 ((-12.280506206693353 0 0)(0 0 0.0)))
(2.5075075075075075 ((-12.299374489291196 0 0)(0 0 0.0)))
(2.5105105105105103 ((-12.318243036349438 0 0)(0 0 0.0)))
(2.5135135135135136 ((-12.337111318947283 0 0)(0 0 0.0)))
(2.5165165165165164 ((-12.355979866005526 0 0)(0 0 0.0)))
(2.5195195195195197 ((-12.37484814860337 0 0)(0 0 0.0)))
(2.5225225225225225 ((-12.393716695661613 0 0)(0 0 0.0)))
(2.5255255255255253 ((-12.412584978259455 0 0)(0 0 0.0)))
(2.5285285285285286 ((-12.431453525317703 0 0)(0 0 0.0)))
(2.5315315315315314 ((-12.450321807915543 0 0)(0 0 0.0)))
(2.5345345345345347 ((-12.46919035497379 0 0)(0 0 0.0)))
(2.5375375375375375 ((-12.48805863757163 0 0)(0 0 0.0)))
(2.5405405405405403 ((-12.506927184629873 0 0)(0 0 0.0)))
(2.5435435435435436 ((-12.525795467227718 0 0)(0 0 0.0)))
(2.5465465465465464 ((-12.544664014285964 0 0)(0 0 0.0)))
(2.5495495495495497 ((-12.563532296883809 0 0)(0 0 0.0)))
(2.5525525525525525 ((-12.58240084394205 0 0)(0 0 0.0)))
(2.5555555555555554 ((-12.601269126539892 0 0)(0 0 0.0)))
(2.5585585585585586 ((-12.620137673598135 0 0)(0 0 0.0)))
(2.5615615615615615 ((-12.639005956195977 0 0)(0 0 0.0)))
(2.5645645645645647 ((-12.657874503254225 0 0)(0 0 0.0)))
(2.5675675675675675 ((-12.676742785852065 0 0)(0 0 0.0)))
(2.5705705705705704 ((-12.695611332910309 0 0)(0 0 0.0)))
(2.5735735735735736 ((-12.714479615508152 0 0)(0 0 0.0)))
(2.5765765765765765 ((-12.733348162566399 0 0)(0 0 0.0)))
(2.5795795795795797 ((-12.752216445164244 0 0)(0 0 0.0)))
(2.5825825825825826 ((-12.771084992222487 0 0)(0 0 0.0)))
(2.5855855855855854 ((-12.789953274820327 0 0)(0 0 0.0)))
(2.5885885885885886 ((-12.808821821878574 0 0)(0 0 0.0)))
(2.5915915915915915 ((-12.827690104476414 0 0)(0 0 0.0)))
(2.5945945945945947 ((-12.84655865153466 0 0)(0 0 0.0)))
(2.5975975975975976 ((-12.8654269341325 0 0)(0 0 0.0)))
(2.6006006006006004 ((-12.884295481190748 0 0)(0 0 0.0)))
(2.6036036036036037 ((-12.90316376378859 0 0)(0 0 0.0)))
(2.606606606606607 ((-12.922032310846836 0 0)(0 0 0.0)))
(2.6096096096096097 ((-12.940900593444677 0 0)(0 0 0.0)))
(2.6126126126126126 ((-12.959769140502923 0 0)(0 0 0.0)))
(2.6156156156156154 ((-12.978637423100764 0 0)(0 0 0.0)))
(2.6186186186186187 ((-12.997505970159008 0 0)(0 0 0.0)))
(2.621621621621622 ((-13.016374252756853 0 0)(0 0 0.0)))
(2.6246246246246248 ((-13.0352427998151 0 0)(0 0 0.0)))
(2.6276276276276276 ((-13.05411108241294 0 0)(0 0 0.0)))
(2.6306306306306304 ((-13.072979629471183 0 0)(0 0 0.0)))
(2.6336336336336337 ((-13.091847912069026 0 0)(0 0 0.0)))
(2.636636636636637 ((-13.110716459127275 0 0)(0 0 0.0)))
(2.6396396396396398 ((-13.129584741725115 0 0)(0 0 0.0)))
(2.6426426426426426 ((-13.14845328878336 0 0)(0 0 0.0)))
(2.6456456456456454 ((-13.1673215713812 0 0)(0 0 0.0)))
(2.6486486486486487 ((-13.186190118439445 0 0)(0 0 0.0)))
(2.651651651651652 ((-13.205058401037288 0 0)(0 0 0.0)))
(2.6546546546546548 ((-13.223926948095531 0 0)(0 0 0.0)))
(2.6576576576576576 ((-13.242795230693373 0 0)(0 0 0.0)))
(2.6606606606606604 ((-13.261663777751618 0 0)(0 0 0.0)))
(2.6636636636636637 ((-13.280532060349461 0 0)(0 0 0.0)))
(2.666666666666667 ((-13.299400607407708 0 0)(0 0 0.0)))
(2.66966966966967 ((-13.318268890005548 0 0)(0 0 0.0)))
(2.6726726726726726 ((-13.337137437063795 0 0)(0 0 0.0)))
(2.6756756756756754 ((-13.356005719661635 0 0)(0 0 0.0)))
(2.6786786786786787 ((-13.374874266719882 0 0)(0 0 0.0)))
(2.681681681681682 ((-13.393742549317727 0 0)(0 0 0.0)))
(2.684684684684685 ((-13.41261109637597 0 0)(0 0 0.0)))
(2.6876876876876876 ((-13.43147937897381 0 0)(0 0 0.0)))
(2.6906906906906904 ((-13.450347926032055 0 0)(0 0 0.0)))
(2.6936936936936937 ((-13.4692162086299 0 0)(0 0 0.0)))
(2.696696696696697 ((-13.488084755688144 0 0)(0 0 0.0)))
(2.6996996996997 ((-13.506953038285987 0 0)(0 0 0.0)))
(2.7027027027027026 ((-13.52582158534423 0 0)(0 0 0.0)))
(2.7057057057057055 ((-13.54468986794207 0 0)(0 0 0.0)))
(2.7087087087087087 ((-13.563558415000317 0 0)(0 0 0.0)))
(2.711711711711712 ((-13.58242669759816 0 0)(0 0 0.0)))
(2.714714714714715 ((-13.601295244656404 0 0)(0 0 0.0)))
(2.7177177177177176 ((-13.620163527254244 0 0)(0 0 0.0)))
(2.7207207207207205 ((-13.63903207431249 0 0)(0 0 0.0)))
(2.7237237237237237 ((-13.657900356910334 0 0)(0 0 0.0)))
(2.726726726726727 ((-13.67676890396858 0 0)(0 0 0.0)))
(2.72972972972973 ((-13.695637186566419 0 0)(0 0 0.0)))
(2.7327327327327327 ((-13.714505733624666 0 0)(0 0 0.0)))
(2.7357357357357355 ((-13.733374016222506 0 0)(0 0 0.0)))
(2.7387387387387387 ((-13.752242563280753 0 0)(0 0 0.0)))
(2.741741741741742 ((-13.771110845878598 0 0)(0 0 0.0)))
(2.744744744744745 ((-13.789979392936841 0 0)(0 0 0.0)))
(2.7477477477477477 ((-13.808847675534683 0 0)(0 0 0.0)))
(2.7507507507507505 ((-13.827716222592926 0 0)(0 0 0.0)))
(2.7537537537537538 ((-13.846584505190771 0 0)(0 0 0.0)))
(2.756756756756757 ((-13.865453052249014 0 0)(0 0 0.0)))
(2.75975975975976 ((-13.884321334846856 0 0)(0 0 0.0)))
(2.7627627627627627 ((-13.903189881905101 0 0)(0 0 0.0)))
(2.7657657657657655 ((-13.922058164502939 0 0)(0 0 0.0)))
(2.7687687687687688 ((-13.940926711561191 0 0)(0 0 0.0)))
(2.771771771771772 ((-13.959794994159031 0 0)(0 0 0.0)))
(2.774774774774775 ((-13.978663541217275 0 0)(0 0 0.0)))
(2.7777777777777777 ((-13.997531823815116 0 0)(0 0 0.0)))
(2.7807807807807805 ((-14.016400370873361 0 0)(0 0 0.0)))
(2.7837837837837838 ((-14.035268653471205 0 0)(0 0 0.0)))
(2.786786786786787 ((-14.054137200529452 0 0)(0 0 0.0)))
(2.78978978978979 ((-14.073005483127291 0 0)(0 0 0.0)))
(2.7927927927927927 ((-14.091874030185538 0 0)(0 0 0.0)))
(2.7957957957957955 ((-14.110742312783378 0 0)(0 0 0.0)))
(2.798798798798799 ((-14.129610859841623 0 0)(0 0 0.0)))
(2.801801801801802 ((-14.14847914243947 0 0)(0 0 0.0)))
(2.804804804804805 ((-14.16734768949771 0 0)(0 0 0.0)))
(2.8078078078078077 ((-14.186215972095551 0 0)(0 0 0.0)))
(2.8108108108108105 ((-14.205084519153797 0 0)(0 0 0.0)))
(2.813813813813814 ((-14.223952801751643 0 0)(0 0 0.0)))
(2.816816816816817 ((-14.242821348809889 0 0)(0 0 0.0)))
(2.81981981981982 ((-14.26168963140773 0 0)(0 0 0.0)))
(2.8228228228228227 ((-14.280558178465974 0 0)(0 0 0.0)))
(2.8258258258258255 ((-14.299426461063812 0 0)(0 0 0.0)))
(2.828828828828829 ((-14.318295008122062 0 0)(0 0 0.0)))
(2.831831831831832 ((-14.337163290719905 0 0)(0 0 0.0)))
(2.834834834834835 ((-14.356031837778149 0 0)(0 0 0.0)))
(2.8378378378378377 ((-14.374900120375989 0 0)(0 0 0.0)))
(2.8408408408408405 ((-14.393768667434234 0 0)(0 0 0.0)))
(2.843843843843844 ((-14.412636950032079 0 0)(0 0 0.0)))
(2.846846846846847 ((-14.431505497090322 0 0)(0 0 0.0)))
(2.84984984984985 ((-14.450373779688165 0 0)(0 0 0.0)))
(2.8528528528528527 ((-14.469242326746409 0 0)(0 0 0.0)))
(2.8558558558558556 ((-14.488110609344249 0 0)(0 0 0.0)))
(2.858858858858859 ((-14.506979156402497 0 0)(0 0 0.0)))
(2.861861861861862 ((-14.52584743900034 0 0)(0 0 0.0)))
(2.864864864864865 ((-14.544715986058584 0 0)(0 0 0.0)))
(2.8678678678678677 ((-14.563584268656426 0 0)(0 0 0.0)))
(2.8708708708708706 ((-14.582452815714671 0 0)(0 0 0.0)))
(2.873873873873874 ((-14.601321098312514 0 0)(0 0 0.0)))
(2.876876876876877 ((-14.620189645370761 0 0)(0 0 0.0)))
(2.87987987987988 ((-14.6390579279686 0 0)(0 0 0.0)))
(2.8828828828828827 ((-14.657926475026844 0 0)(0 0 0.0)))
(2.8858858858858856 ((-14.676794757624684 0 0)(0 0 0.0)))
(2.888888888888889 ((-14.695663304682935 0 0)(0 0 0.0)))
(2.891891891891892 ((-14.714531587280776 0 0)(0 0 0.0)))
(2.894894894894895 ((-14.73340013433902 0 0)(0 0 0.0)))
(2.8978978978978978 ((-14.752268416936861 0 0)(0 0 0.0)))
(2.9009009009009006 ((-14.771136963995104 0 0)(0 0 0.0)))
(2.903903903903904 ((-14.790005246592948 0 0)(0 0 0.0)))
(2.906906906906907 ((-14.808873793651196 0 0)(0 0 0.0)))
(2.90990990990991 ((-14.827742076249036 0 0)(0 0 0.0)))
(2.9129129129129128 ((-14.84661062330728 0 0)(0 0 0.0)))
(2.9159159159159156 ((-14.865478905905121 0 0)(0 0 0.0)))
(2.918918918918919 ((-14.88434745296337 0 0)(0 0 0.0)))
(2.921921921921922 ((-14.903215735561215 0 0)(0 0 0.0)))
(2.924924924924925 ((-14.922084282619457 0 0)(0 0 0.0)))
(2.9279279279279278 ((-14.940952565217298 0 0)(0 0 0.0)))
(2.9309309309309306 ((-14.95982111227554 0 0)(0 0 0.0)))
(2.933933933933934 ((-14.978689394873385 0 0)(0 0 0.0)))
(2.936936936936937 ((-14.997557941931632 0 0)(0 0 0.0)))
(2.93993993993994 ((-15.016426224529472 0 0)(0 0 0.0)))
(2.942942942942943 ((-15.035294771587717 0 0)(0 0 0.0)))
(2.9459459459459456 ((-15.054163054185556 0 0)(0 0 0.0)))
(2.948948948948949 ((-15.073031601243805 0 0)(0 0 0.0)))
(2.951951951951952 ((-15.091899883841648 0 0)(0 0 0.0)))
(2.954954954954955 ((-15.110768430899892 0 0)(0 0 0.0)))
(2.957957957957958 ((-15.129636713497732 0 0)(0 0 0.0)))
(2.9609609609609606 ((-15.148505260555975 0 0)(0 0 0.0)))
(2.963963963963964 ((-15.167373543153818 0 0)(0 0 0.0)))
(2.966966966966967 ((-15.186242090212067 0 0)(0 0 0.0)))
(2.96996996996997 ((-15.205110372809909 0 0)(0 0 0.0)))
(2.972972972972973 ((-15.223978919868152 0 0)(0 0 0.0)))
(2.9759759759759756 ((-15.242847202465994 0 0)(0 0 0.0)))
(2.978978978978979 ((-15.261715749524239 0 0)(0 0 0.0)))
(2.981981981981982 ((-15.280584032122084 0 0)(0 0 0.0)))
(2.984984984984985 ((-15.299452579180327 0 0)(0 0 0.0)))
(2.987987987987988 ((-15.318320861778167 0 0)(0 0 0.0)))
(2.990990990990991 ((-15.337189408836414 0 0)(0 0 0.0)))
(2.993993993993994 ((-15.356057691434254 0 0)(0 0 0.0)))
(2.996996996996997 ((-15.374926238492503 0 0)(0 0 0.0)))
(3.0 ((-15.393794521090344 0 0)(0 0 0.0)))
(3.003003003003003 ((-15.412663068148587 0 0)(0 0 0.0)))
(3.006006006006006 ((-15.43153135074643 0 0)(0 0 0.0)))
(3.009009009009009 ((-15.450399897804676 0 0)(0 0 0.0)))
(3.012012012012012 ((-15.46926818040252 0 0)(0 0 0.0)))
(3.015015015015015 ((-15.488136727460763 0 0)(0 0 0.0)))
(3.018018018018018 ((-15.507005010058604 0 0)(0 0 0.0)))
(3.021021021021021 ((-15.525873557116853 0 0)(0 0 0.0)))
(3.024024024024024 ((-15.544741839714693 0 0)(0 0 0.0)))
(3.027027027027027 ((-15.56361038677294 0 0)(0 0 0.0)))
(3.03003003003003 ((-15.58247866937078 0 0)(0 0 0.0)))
(3.033033033033033 ((-15.601347216429026 0 0)(0 0 0.0)))
(3.036036036036036 ((-15.620215499026868 0 0)(0 0 0.0)))
(3.039039039039039 ((-15.63908404608511 0 0)(0 0 0.0)))
(3.042042042042042 ((-15.657952328682953 0 0)(0 0 0.0)))
(3.045045045045045 ((-15.676820875741198 0 0)(0 0 0.0)))
(3.048048048048048 ((-15.69568915833904 0 0)(0 0 0.0)))
(3.051051051051051 ((-15.714557705397285 0 0)(0 0 0.0)))
(3.054054054054054 ((-15.733425987995128 0 0)(0 0 0.0)))
(3.057057057057057 ((-15.752294535053377 0 0)(0 0 0.0)))
(3.06006006006006 ((-15.771162817651218 0 0)(0 0 0.0)))
(3.063063063063063 ((-15.790031364709458 0 0)(0 0 0.0)))
(3.066066066066066 ((-15.808899647307303 0 0)(0 0 0.0)))
(3.069069069069069 ((-15.827768194365548 0 0)(0 0 0.0)))
(3.0720720720720722 ((-15.84663647696339 0 0)(0 0 0.0)))
(3.075075075075075 ((-15.865505024021635 0 0)(0 0 0.0)))
(3.078078078078078 ((-15.884373306619475 0 0)(0 0 0.0)))
(3.081081081081081 ((-15.903241853677722 0 0)(0 0 0.0)))
(3.084084084084084 ((-15.922110136275561 0 0)(0 0 0.0)))
(3.0870870870870872 ((-15.94097868333381 0 0)(0 0 0.0)))
(3.09009009009009 ((-15.95984696593165 0 0)(0 0 0.0)))
(3.093093093093093 ((-15.978715512989897 0 0)(0 0 0.0)))
(3.096096096096096 ((-15.99758379558774 0 0)(0 0 0.0)))
(3.099099099099099 ((-16.016452342645984 0 0)(0 0 0.0)))
(3.1021021021021022 ((-16.035320625243823 0 0)(0 0 0.0)))
(3.105105105105105 ((-16.05418917230207 0 0)(0 0 0.0)))
(3.108108108108108 ((-16.07305745489991 0 0)(0 0 0.0)))
(3.111111111111111 ((-16.09192600195816 0 0)(0 0 0.0)))
(3.114114114114114 ((-16.110794284556 0 0)(0 0 0.0)))
(3.1171171171171173 ((-16.129662831614244 0 0)(0 0 0.0)))
(3.12012012012012 ((-16.148531114212084 0 0)(0 0 0.0)))
(3.123123123123123 ((-16.16739966127033 0 0)(0 0 0.0)))
(3.126126126126126 ((-16.186267943868174 0 0)(0 0 0.0)))
(3.129129129129129 ((-16.205136490926417 0 0)(0 0 0.0)))
(3.1321321321321323 ((-16.22400477352426 0 0)(0 0 0.0)))
(3.135135135135135 ((-16.242873320582508 0 0)(0 0 0.0)))
(3.138138138138138 ((-16.261741603180347 0 0)(0 0 0.0)))
(3.141141141141141 ((-16.280610150238594 0 0)(0 0 0.0)))
(3.144144144144144 ((-16.299478432836434 0 0)(0 0 0.0)))
(3.1471471471471473 ((-16.318346979894677 0 0)(0 0 0.0)))
(3.15015015015015 ((-16.33721526249252 0 0)(0 0 0.0)))
(3.153153153153153 ((-16.356083809550764 0 0)(0 0 0.0)))
(3.156156156156156 ((-16.37495209214861 0 0)(0 0 0.0)))
(3.159159159159159 ((-16.393820639206854 0 0)(0 0 0.0)))
(3.1621621621621623 ((-16.412688921804698 0 0)(0 0 0.0)))
(3.165165165165165 ((-16.431557468862938 0 0)(0 0 0.0)))
(3.168168168168168 ((-16.45042575146078 0 0)(0 0 0.0)))
(3.171171171171171 ((-16.46929429851903 0 0)(0 0 0.0)))
(3.174174174174174 ((-16.48816258111687 0 0)(0 0 0.0)))
(3.1771771771771773 ((-16.507031128175115 0 0)(0 0 0.0)))
(3.18018018018018 ((-16.525899410772958 0 0)(0 0 0.0)))
(3.1831831831831834 ((-16.544767957831205 0 0)(0 0 0.0)))
(3.186186186186186 ((-16.563636240429044 0 0)(0 0 0.0)))
(3.189189189189189 ((-16.582504787487288 0 0)(0 0 0.0)))
(3.1921921921921923 ((-16.601373070085135 0 0)(0 0 0.0)))
(3.195195195195195 ((-16.620241617143378 0 0)(0 0 0.0)))
(3.1981981981981984 ((-16.63910989974122 0 0)(0 0 0.0)))
(3.201201201201201 ((-16.657978446799465 0 0)(0 0 0.0)))
(3.204204204204204 ((-16.676846729397305 0 0)(0 0 0.0)))
(3.2072072072072073 ((-16.69571527645555 0 0)(0 0 0.0)))
(3.21021021021021 ((-16.714583559053395 0 0)(0 0 0.0)))
(3.2132132132132134 ((-16.73345210611164 0 0)(0 0 0.0)))
(3.2162162162162162 ((-16.75232038870948 0 0)(0 0 0.0)))
(3.219219219219219 ((-16.771188935767725 0 0)(0 0 0.0)))
(3.2222222222222223 ((-16.79005721836557 0 0)(0 0 0.0)))
(3.225225225225225 ((-16.808925765423812 0 0)(0 0 0.0)))
(3.2282282282282284 ((-16.827794048021655 0 0)(0 0 0.0)))
(3.2312312312312312 ((-16.8466625950799 0 0)(0 0 0.0)))
(3.234234234234234 ((-16.86553087767774 0 0)(0 0 0.0)))
(3.2372372372372373 ((-16.88439942473599 0 0)(0 0 0.0)))
(3.24024024024024 ((-16.90326770733383 0 0)(0 0 0.0)))
(3.2432432432432434 ((-16.922136254392072 0 0)(0 0 0.0)))
(3.2462462462462462 ((-16.94100453698991 0 0)(0 0 0.0)))
(3.249249249249249 ((-16.959873084048162 0 0)(0 0 0.0)))
(3.2522522522522523 ((-16.97874136664601 0 0)(0 0 0.0)))
(3.255255255255255 ((-16.99760991370425 0 0)(0 0 0.0)))
(3.2582582582582584 ((-17.016478196302096 0 0)(0 0 0.0)))
(3.2612612612612613 ((-17.035346743360336 0 0)(0 0 0.0)))
(3.264264264264264 ((-17.054215025958175 0 0)(0 0 0.0)))
(3.2672672672672673 ((-17.073083573016426 0 0)(0 0 0.0)))
(3.27027027027027 ((-17.091951855614266 0 0)(0 0 0.0)))
(3.2732732732732734 ((-17.110820402672513 0 0)(0 0 0.0)))
(3.2762762762762763 ((-17.129688685270352 0 0)(0 0 0.0)))
(3.279279279279279 ((-17.1485572323286 0 0)(0 0 0.0)))
(3.2822822822822824 ((-17.16742551492644 0 0)(0 0 0.0)))
(3.285285285285285 ((-17.186294061984686 0 0)(0 0 0.0)))
(3.2882882882882885 ((-17.205162344582526 0 0)(0 0 0.0)))
(3.2912912912912913 ((-17.224030891640773 0 0)(0 0 0.0)))
(3.294294294294294 ((-17.242899174238612 0 0)(0 0 0.0)))
(3.2972972972972974 ((-17.26176772129686 0 0)(0 0 0.0)))
(3.3003003003003 ((-17.2806360038947 0 0)(0 0 0.0)))
(3.3033033033033035 ((-17.299504550952946 0 0)(0 0 0.0)))
(3.3063063063063063 ((-17.318372833550786 0 0)(0 0 0.0)))
(3.309309309309309 ((-17.337241380609033 0 0)(0 0 0.0)))
(3.3123123123123124 ((-17.35610966320688 0 0)(0 0 0.0)))
(3.315315315315315 ((-17.374978210265123 0 0)(0 0 0.0)))
(3.3183183183183185 ((-17.393846492862963 0 0)(0 0 0.0)))
(3.3213213213213213 ((-17.412715039921206 0 0)(0 0 0.0)))
(3.324324324324324 ((-17.431583322519046 0 0)(0 0 0.0)))
(3.3273273273273274 ((-17.450451869577297 0 0)(0 0 0.0)))
(3.33033033033033 ((-17.469320152175136 0 0)(0 0 0.0)))
(3.3333333333333335 ((-17.488188699233383 0 0)(0 0 0.0)))
(3.3363363363363363 ((-17.507056981831223 0 0)(0 0 0.0)))
(3.339339339339339 ((-17.525925528889466 0 0)(0 0 0.0)))
(3.3423423423423424 ((-17.544793811487313 0 0)(0 0 0.0)))
(3.3453453453453452 ((-17.563662358545557 0 0)(0 0 0.0)))
(3.3483483483483485 ((-17.5825306411434 0 0)(0 0 0.0)))
(3.3513513513513513 ((-17.601399188201643 0 0)(0 0 0.0)))
(3.354354354354354 ((-17.620267470799487 0 0)(0 0 0.0)))
(3.3573573573573574 ((-17.63913601785773 0 0)(0 0 0.0)))
(3.3603603603603602 ((-17.658004300455573 0 0)(0 0 0.0)))
(3.3633633633633635 ((-17.676872847513817 0 0)(0 0 0.0)))
(3.3663663663663663 ((-17.69574113011166 0 0)(0 0 0.0)))
(3.369369369369369 ((-17.714609677169904 0 0)(0 0 0.0)))
(3.3723723723723724 ((-17.733477959767747 0 0)(0 0 0.0)))
(3.3753753753753752 ((-17.75234650682599 0 0)(0 0 0.0)))
(3.3783783783783785 ((-17.771214789423837 0 0)(0 0 0.0)))
(3.3813813813813813 ((-17.790083336482077 0 0)(0 0 0.0)))
(3.384384384384384 ((-17.80895161907992 0 0)(0 0 0.0)))
(3.3873873873873874 ((-17.827820166138167 0 0)(0 0 0.0)))
(3.3903903903903903 ((-17.846688448736007 0 0)(0 0 0.0)))
(3.3933933933933935 ((-17.865556995794257 0 0)(0 0 0.0)))
(3.3963963963963963 ((-17.884425278392097 0 0)(0 0 0.0)))
(3.399399399399399 ((-17.90329382545034 0 0)(0 0 0.0)))
(3.4024024024024024 ((-17.92216210804818 0 0)(0 0 0.0)))
(3.4054054054054053 ((-17.94103065510643 0 0)(0 0 0.0)))
(3.4084084084084085 ((-17.959898937704274 0 0)(0 0 0.0)))
(3.4114114114114114 ((-17.978767484762518 0 0)(0 0 0.0)))
(3.414414414414414 ((-17.997635767360357 0 0)(0 0 0.0)))
(3.4174174174174174 ((-18.016504314418604 0 0)(0 0 0.0)))
(3.4204204204204203 ((-18.035372597016444 0 0)(0 0 0.0)))
(3.4234234234234235 ((-18.05424114407469 0 0)(0 0 0.0)))
(3.4264264264264264 ((-18.07310942667253 0 0)(0 0 0.0)))
(3.429429429429429 ((-18.091977973730774 0 0)(0 0 0.0)))
(3.4324324324324325 ((-18.110846256328617 0 0)(0 0 0.0)))
(3.4354354354354353 ((-18.129714803386864 0 0)(0 0 0.0)))
(3.4384384384384385 ((-18.148583085984704 0 0)(0 0 0.0)))
(3.4414414414414414 ((-18.167451633042955 0 0)(0 0 0.0)))
(3.4444444444444446 ((-18.186319915640794 0 0)(0 0 0.0)))
(3.4474474474474475 ((-18.20518846269904 0 0)(0 0 0.0)))
(3.4504504504504503 ((-18.22405674529688 0 0)(0 0 0.0)))
(3.4534534534534536 ((-18.24292529235513 0 0)(0 0 0.0)))
(3.4564564564564564 ((-18.261793574952968 0 0)(0 0 0.0)))
(3.4594594594594597 ((-18.28066212201122 0 0)(0 0 0.0)))
(3.4624624624624625 ((-18.299530404609055 0 0)(0 0 0.0)))
(3.4654654654654653 ((-18.318398951667305 0 0)(0 0 0.0)))
(3.4684684684684686 ((-18.337267234265145 0 0)(0 0 0.0)))
(3.4714714714714714 ((-18.356135781323392 0 0)(0 0 0.0)))
(3.4744744744744747 ((-18.37500406392123 0 0)(0 0 0.0)))
(3.4774774774774775 ((-18.39387261097948 0 0)(0 0 0.0)))
(3.4804804804804803 ((-18.41274089357732 0 0)(0 0 0.0)))
(3.4834834834834836 ((-18.43160944063556 0 0)(0 0 0.0)))
(3.4864864864864864 ((-18.450477723233405 0 0)(0 0 0.0)))
(3.4894894894894897 ((-18.46934627029165 0 0)(0 0 0.0)))
(3.4924924924924925 ((-18.48821455288949 0 0)(0 0 0.0)))
(3.4954954954954953 ((-18.507083099947735 0 0)(0 0 0.0)))
(3.4984984984984986 ((-18.52595138254558 0 0)(0 0 0.0)))
(3.5015015015015014 ((-18.544819929603822 0 0)(0 0 0.0)))
(3.5045045045045047 ((-18.563688212201665 0 0)(0 0 0.0)))
(3.5075075075075075 ((-18.582556759259912 0 0)(0 0 0.0)))
(3.5105105105105103 ((-18.601425041857752 0 0)(0 0 0.0)))
(3.5135135135135136 ((-18.620293588916002 0 0)(0 0 0.0)))
(3.5165165165165164 ((-18.639161871513842 0 0)(0 0 0.0)))
(3.5195195195195197 ((-18.65803041857209 0 0)(0 0 0.0)))
(3.5225225225225225 ((-18.67689870116993 0 0)(0 0 0.0)))
(3.5255255255255253 ((-18.695767248228176 0 0)(0 0 0.0)))
(3.5285285285285286 ((-18.714635530826015 0 0)(0 0 0.0)))
(3.5315315315315314 ((-18.733504077884263 0 0)(0 0 0.0)))
(3.5345345345345347 ((-18.752372360482102 0 0)(0 0 0.0)))
(3.5375375375375375 ((-18.771240907540346 0 0)(0 0 0.0)))
(3.5405405405405403 ((-18.790109190138185 0 0)(0 0 0.0)))
(3.5435435435435436 ((-18.808977737196432 0 0)(0 0 0.0)))
(3.5465465465465464 ((-18.827846019794272 0 0)(0 0 0.0)))
(3.5495495495495497 ((-18.846714566852526 0 0)(0 0 0.0)))
(3.5525525525525525 ((-18.865582849450366 0 0)(0 0 0.0)))
(3.5555555555555554 ((-18.88445139650861 0 0)(0 0 0.0)))
(3.5585585585585586 ((-18.903319679106453 0 0)(0 0 0.0)))
(3.5615615615615615 ((-18.922188226164696 0 0)(0 0 0.0)))
(3.5645645645645647 ((-18.94105650876254 0 0)(0 0 0.0)))
(3.5675675675675675 ((-18.959925055820783 0 0)(0 0 0.0)))
(3.5705705705705704 ((-18.978793338418622 0 0)(0 0 0.0)))
(3.5735735735735736 ((-18.99766188547687 0 0)(0 0 0.0)))
(3.5765765765765765 ((-19.01653016807471 0 0)(0 0 0.0)))
(3.5795795795795797 ((-19.03539871513296 0 0)(0 0 0.0)))
(3.5825825825825826 ((-19.0542669977308 0 0)(0 0 0.0)))
(3.5855855855855854 ((-19.073135544789043 0 0)(0 0 0.0)))
(3.5885885885885886 ((-19.092003827386883 0 0)(0 0 0.0)))
(3.5915915915915915 ((-19.110872374445133 0 0)(0 0 0.0)))
(3.5945945945945947 ((-19.129740657042973 0 0)(0 0 0.0)))
(3.5975975975975976 ((-19.148609204101223 0 0)(0 0 0.0)))
(3.6006006006006004 ((-19.167477486699063 0 0)(0 0 0.0)))
(3.6036036036036037 ((-19.18634603375731 0 0)(0 0 0.0)))
(3.6066066066066065 ((-19.20521431635515 0 0)(0 0 0.0)))
(3.6096096096096097 ((-19.224082863413393 0 0)(0 0 0.0)))
(3.6126126126126126 ((-19.242951146011237 0 0)(0 0 0.0)))
(3.6156156156156154 ((-19.26181969306948 0 0)(0 0 0.0)))
(3.6186186186186187 ((-19.28068797566732 0 0)(0 0 0.0)))
(3.6216216216216215 ((-19.299556522725567 0 0)(0 0 0.0)))
(3.6246246246246248 ((-19.318424805323406 0 0)(0 0 0.0)))
(3.6276276276276276 ((-19.33729335238166 0 0)(0 0 0.0)))
(3.6306306306306304 ((-19.356161634979497 0 0)(0 0 0.0)))
(3.6336336336336337 ((-19.37503018203774 0 0)(0 0 0.0)))
(3.6366366366366365 ((-19.39389846463558 0 0)(0 0 0.0)))
(3.6396396396396398 ((-19.41276701169383 0 0)(0 0 0.0)))
(3.6426426426426426 ((-19.43163529429167 0 0)(0 0 0.0)))
(3.6456456456456454 ((-19.450503841349917 0 0)(0 0 0.0)))
(3.6486486486486487 ((-19.469372123947757 0 0)(0 0 0.0)))
(3.6516516516516515 ((-19.488240671006004 0 0)(0 0 0.0)))
(3.6546546546546548 ((-19.507108953603844 0 0)(0 0 0.0)))
(3.6576576576576576 ((-19.52597750066209 0 0)(0 0 0.0)))
(3.6606606606606604 ((-19.54484578325993 0 0)(0 0 0.0)))
(3.6636636636636637 ((-19.563714330318174 0 0)(0 0 0.0)))
(3.6666666666666665 ((-19.582582612916017 0 0)(0 0 0.0)))
(3.66966966966967 ((-19.601451159974268 0 0)(0 0 0.0)))
(3.6726726726726726 ((-19.620319442572104 0 0)(0 0 0.0)))
(3.6756756756756754 ((-19.639187989630347 0 0)(0 0 0.0)))
(3.6786786786786787 ((-19.658056272228187 0 0)(0 0 0.0)))
(3.6816816816816815 ((-19.676924819286437 0 0)(0 0 0.0)))
(3.684684684684685 ((-19.695793101884284 0 0)(0 0 0.0)))
(3.6876876876876876 ((-19.714661648942528 0 0)(0 0 0.0)))
(3.6906906906906904 ((-19.73352993154037 0 0)(0 0 0.0)))
(3.6936936936936937 ((-19.752398478598614 0 0)(0 0 0.0)))
(3.6966966966966965 ((-19.771266761196454 0 0)(0 0 0.0)))
(3.6996996996997 ((-19.7901353082547 0 0)(0 0 0.0)))
(3.7027027027027026 ((-19.80900359085254 0 0)(0 0 0.0)))
(3.705705705705706 ((-19.827872137910788 0 0)(0 0 0.0)))
(3.7087087087087087 ((-19.846740420508628 0 0)(0 0 0.0)))
(3.7117117117117115 ((-19.86560896756687 0 0)(0 0 0.0)))
(3.714714714714715 ((-19.884477250164714 0 0)(0 0 0.0)))
(3.7177177177177176 ((-19.90334579722296 0 0)(0 0 0.0)))
(3.720720720720721 ((-19.9222140798208 0 0)(0 0 0.0)))
(3.7237237237237237 ((-19.94108262687905 0 0)(0 0 0.0)))
(3.7267267267267266 ((-19.95995090947689 0 0)(0 0 0.0)))
(3.72972972972973 ((-19.97881945653514 0 0)(0 0 0.0)))
(3.7327327327327327 ((-19.997687739132978 0 0)(0 0 0.0)))
(3.735735735735736 ((-20.016556286191225 0 0)(0 0 0.0)))
(3.7387387387387387 ((-20.035424568789065 0 0)(0 0 0.0)))
(3.7417417417417416 ((-20.054293115847308 0 0)(0 0 0.0)))
(3.744744744744745 ((-20.073161398445148 0 0)(0 0 0.0)))
(3.7477477477477477 ((-20.092029945503395 0 0)(0 0 0.0)))
(3.750750750750751 ((-20.110898228101235 0 0)(0 0 0.0)))
(3.7537537537537538 ((-20.129766775159485 0 0)(0 0 0.0)))
(3.7567567567567566 ((-20.14863505775732 0 0)(0 0 0.0)))
(3.75975975975976 ((-20.167503604815575 0 0)(0 0 0.0)))
(3.7627627627627627 ((-20.186371887413415 0 0)(0 0 0.0)))
(3.765765765765766 ((-20.205240434471662 0 0)(0 0 0.0)))
(3.7687687687687688 ((-20.2241087170695 0 0)(0 0 0.0)))
(3.7717717717717716 ((-20.24297726412775 0 0)(0 0 0.0)))
(3.774774774774775 ((-20.26184554672559 0 0)(0 0 0.0)))
(3.7777777777777777 ((-20.280714093783835 0 0)(0 0 0.0)))
(3.780780780780781 ((-20.299582376381675 0 0)(0 0 0.0)))
(3.7837837837837838 ((-20.31845092343992 0 0)(0 0 0.0)))
(3.7867867867867866 ((-20.337319206037762 0 0)(0 0 0.0)))
(3.78978978978979 ((-20.356187753096005 0 0)(0 0 0.0)))
(3.7927927927927927 ((-20.375056035693845 0 0)(0 0 0.0)))
(3.795795795795796 ((-20.393924582752096 0 0)(0 0 0.0)))
(3.798798798798799 ((-20.41279286534994 0 0)(0 0 0.0)))
(3.8018018018018016 ((-20.43166141240818 0 0)(0 0 0.0)))
(3.804804804804805 ((-20.450529695006022 0 0)(0 0 0.0)))
(3.8078078078078077 ((-20.469398242064266 0 0)(0 0 0.0)))
(3.810810810810811 ((-20.488266524662112 0 0)(0 0 0.0)))
(3.813813813813814 ((-20.507135071720356 0 0)(0 0 0.0)))
(3.8168168168168166 ((-20.5260033543182 0 0)(0 0 0.0)))
(3.81981981981982 ((-20.544871901376442 0 0)(0 0 0.0)))
(3.8228228228228227 ((-20.563740183974282 0 0)(0 0 0.0)))
(3.825825825825826 ((-20.58260873103253 0 0)(0 0 0.0)))
(3.828828828828829 ((-20.60147701363037 0 0)(0 0 0.0)))
(3.8318318318318316 ((-20.620345560688616 0 0)(0 0 0.0)))
(3.834834834834835 ((-20.63921384328646 0 0)(0 0 0.0)))
(3.8378378378378377 ((-20.6580823903447 0 0)(0 0 0.0)))
(3.840840840840841 ((-20.676950672942546 0 0)(0 0 0.0)))
(3.843843843843844 ((-20.695819220000793 0 0)(0 0 0.0)))
(3.8468468468468466 ((-20.714687502598636 0 0)(0 0 0.0)))
(3.84984984984985 ((-20.73355604965688 0 0)(0 0 0.0)))
(3.8528528528528527 ((-20.752424332254723 0 0)(0 0 0.0)))
(3.855855855855856 ((-20.771292879312966 0 0)(0 0 0.0)))
(3.858858858858859 ((-20.79016116191081 0 0)(0 0 0.0)))
(3.8618618618618616 ((-20.809029708969053 0 0)(0 0 0.0)))
(3.864864864864865 ((-20.827897991566893 0 0)(0 0 0.0)))
(3.8678678678678677 ((-20.84676653862514 0 0)(0 0 0.0)))
(3.870870870870871 ((-20.86563482122298 0 0)(0 0 0.0)))
(3.873873873873874 ((-20.88450336828123 0 0)(0 0 0.0)))
(3.8768768768768767 ((-20.90337165087907 0 0)(0 0 0.0)))
(3.87987987987988 ((-20.92224019793732 0 0)(0 0 0.0)))
(3.8828828828828827 ((-20.94110848053516 0 0)(0 0 0.0)))
(3.885885885885886 ((-20.959977027593407 0 0)(0 0 0.0)))
(3.888888888888889 ((-20.978845310191247 0 0)(0 0 0.0)))
(3.8918918918918917 ((-20.99771385724949 0 0)(0 0 0.0)))
(3.894894894894895 ((-21.016582139847333 0 0)(0 0 0.0)))
(3.8978978978978978 ((-21.035450686905577 0 0)(0 0 0.0)))
(3.900900900900901 ((-21.054318969503417 0 0)(0 0 0.0)))
(3.903903903903904 ((-21.073187516561664 0 0)(0 0 0.0)))
(3.9069069069069067 ((-21.092055799159503 0 0)(0 0 0.0)))
(3.90990990990991 ((-21.110924346217754 0 0)(0 0 0.0)))
(3.9129129129129128 ((-21.12979262881559 0 0)(0 0 0.0)))
(3.915915915915916 ((-21.14866117587384 0 0)(0 0 0.0)))
(3.918918918918919 ((-21.16752945847168 0 0)(0 0 0.0)))
(3.9219219219219217 ((-21.186398005529927 0 0)(0 0 0.0)))
(3.924924924924925 ((-21.205266288127767 0 0)(0 0 0.0)))
(3.9279279279279278 ((-21.224134835186014 0 0)(0 0 0.0)))
(3.930930930930931 ((-21.243003117783854 0 0)(0 0 0.0)))
(3.933933933933934 ((-21.2618716648421 0 0)(0 0 0.0)))
(3.9369369369369367 ((-21.28073994743994 0 0)(0 0 0.0)))
(3.93993993993994 ((-21.299608494498184 0 0)(0 0 0.0)))
(3.942942942942943 ((-21.318476777096027 0 0)(0 0 0.0)))
(3.945945945945946 ((-21.337345324154278 0 0)(0 0 0.0)))
(3.948948948948949 ((-21.356213606752114 0 0)(0 0 0.0)))
(3.951951951951952 ((-21.375082153810364 0 0)(0 0 0.0)))
(3.954954954954955 ((-21.3939504364082 0 0)(0 0 0.0)))
(3.957957957957958 ((-21.412818983466448 0 0)(0 0 0.0)))
(3.960960960960961 ((-21.431687266064287 0 0)(0 0 0.0)))
(3.963963963963964 ((-21.45055581312254 0 0)(0 0 0.0)))
(3.966966966966967 ((-21.46942409572038 0 0)(0 0 0.0)))
(3.96996996996997 ((-21.48829264277862 0 0)(0 0 0.0)))
(3.972972972972973 ((-21.507160925376464 0 0)(0 0 0.0)))
(3.975975975975976 ((-21.52602947243471 0 0)(0 0 0.0)))
(3.978978978978979 ((-21.54489775503255 0 0)(0 0 0.0)))
(3.981981981981982 ((-21.563766302090798 0 0)(0 0 0.0)))
(3.984984984984985 ((-21.582634584688638 0 0)(0 0 0.0)))
(3.987987987987988 ((-21.601503131746885 0 0)(0 0 0.0)))
(3.990990990990991 ((-21.620371414344724 0 0)(0 0 0.0)))
(3.993993993993994 ((-21.639239961402968 0 0)(0 0 0.0)))
(3.996996996996997 ((-21.658108244000807 0 0)(0 0 0.0)))
(4.0 ((-21.676976791059055 0 0)(0 0 0.0)))
)
