1000
(
(0.0 ((0 0 0)(0.0 0.0 -59.999999999999986)))
(0.1001001001001001 ((0 0 0)(-2.447031492076684 -1.4188363557484416 -59.911671158014926)))
(0.2002002002002002 ((0 0 0)(-4.869768276666835 -2.8597184483210185 -59.64756281453487)))
(0.3003003003003003 ((0 0 0)(-7.243905779191016 -4.343793268277824 -59.210203147642716)))
(0.4004004004004004 ((0 0 0)(-9.545127005796761 -5.890449023546496 -58.60345888088421)))
(0.5005005005005005 ((0 0 0)(-11.749110583081293 -7.516529030467659 -57.832040972180344)))
(0.6006006006006006 ((0 0 0)(-13.831545863566632 -9.235648012976386 -56.90086202757317)))
(0.7007007007007008 ((0 0 0)(-15.768144194434662 -11.05762984816311 -55.814288990276765)))
(0.8008008008008008 ((0 0 0)(-17.534630027357977 -12.988074519234482 -54.57533950986247)))
(0.9009009009009009 ((0 0 0)(-19.10669435297113 -15.02805011101719 -53.184871237252864)))
(1.001001001001001 ((0 0 0)(-20.459897587736098 -17.17389450673048 -51.640811278413636)))
(1.1011011011011012 ((0 0 0)(-21.569520439038797 -19.417102467028176 -49.937470493026886)))
(1.2012012012012012 ((0 0 0)(-22.410379958866173 -21.74426835238979 -48.06498761079411)))
(1.3013013013013013 ((0 0 0)(-22.956654625479995 -24.137054125547923 -46.008955359482755)))
(1.4014014014014016 ((0 0 0)(-23.181798023595 -26.572157692194477 -43.750299269258164)))
(1.5015015015015016 ((0 0 0)(-23.05866692287917 -29.021269644580965 -41.26551312944661)))
(1.6016016016016017 ((0 0 0)(-22.56004628658299 -31.451029161458493 -38.527404184433124)))
(1.7017017017017018 ((0 0 0)(-21.659815557318858 -33.82302477023628 -35.50656045631671)))
(1.8018018018018018 ((0 0 0)(-20.335049116415018 -36.09393489851296 -32.17380274217702)))
(1.9019019019019021 ((0 0 0)(-18.5693371076309 -38.215965029977426 -28.503881516465807)))
(2.002002002002002 ((0 0 0)(-16.357476670909254 -40.13780165440348 -24.480548643803715)))
(2.1021021021021022 ((0 0 0)(-13.711321912785627 -41.80633902926952 -20.102778233432883)))
(2.2022022022022023 ((0 0 0)(-10.66593456429783 -43.169391263768105 -15.391270295048042)))
(2.3023023023023024 ((0 0 0)(-7.284352429590612 -44.179417398460636 -10.393550841821536)))
(2.4024024024024024 ((0 0 0)(-3.658699531365395 -44.79793545615056 -5.185392693368025)))
(2.5025025025025025 ((0 0 0)(0.09434177177379052 -44.999866701615964 0.13341960296451816)))
(2.6026026026026026 ((0 0 0)(3.8440562979373123 -44.77675846249203 5.4493352829313135)))
(2.702702702702703 ((0 0 0)(7.460106222254546 -44.13794214468171 10.649174130401104)))
(2.802802802802803 ((0 0 0)(10.82683266042262 -43.109256926943296 15.634154474581283)))
(2.902902902902903 ((0 0 0)(13.853510454002365 -41.72974551672768 20.32986747405706)))
(3.0030030030030033 ((0 0 0)(16.47856693036023 -40.04728259349931 24.69020228747021)))
(3.1031031031031033 ((0 0 0)(18.668234194084924 -38.11418069565589 28.69568671282173)))
(3.2032032032032034 ((0 0 0)(20.41165999636249 -35.983511615927384 32.34826531608943)))
(3.3033033033033035 ((0 0 0)(21.714739026459398 -33.706446473469185 35.66477671227924)))
(3.4034034034034035 ((0 0 0)(22.594306983027366 -31.330573477414067 38.67077603167049)))
(3.5035035035035036 ((0 0 0)(23.073516973477435 -28.898975816903206 41.39553067749749)))
(3.6036036036036037 ((0 0 0)(23.178585155483972 -26.449814083056303 43.86839058621156)))
(3.7037037037037037 ((0 0 0)(22.936744212985612 -24.01619588073325 46.11639202968609)))
(3.8038038038038042 ((0 0 0)(22.37511581647882 -21.62617909573786 48.16283233334244)))
(3.9039039039039043 ((0 0 0)(21.5202107584326 -19.302816691767806 50.02655470781382)))
(4.004004004004004 ((0 0 0)(20.397815421444808 -17.064199408506827 51.72173379376767)))
(4.104104104104104 ((0 0 0)(19.03308508644371 -14.92348701103048 53.258011618003295)))
(4.2042042042042045 ((0 0 0)(17.450720854748074 -12.888940886151941 54.640882035349996)))
(4.3043043043043046 ((0 0 0)(15.675152639148603 -10.96398336395823 55.872254244261555)))
(4.404404404404405 ((0 0 0)(13.730685920393185 -9.14731422919037 56.95114377522854)))
(4.504504504504505 ((0 0 0)(11.64159617445326 -7.43311399431138 57.87444612234666)))
(4.604604604604605 ((0 0 0)(9.432173183637635 -5.811357878139791 58.63774824007602)))
(4.704704704704705 ((0 0 0)(7.126728491124641 -4.268255312866594 59.236130535097736)))
(4.804804804804805 ((0 0 0)(4.749583583986596 -2.7868185537030876 59.66491006751404)))
(4.904904904904905 ((0 0 0)(2.3250549396377505 -1.3475520399156633 59.920276699175034)))
(5.005005005005005 ((0 0 0)(-0.12255350501863577 0.07075705530988319 59.99977899241756)))
(5.105105105105105 ((0 0 0)(-2.5689473100190736 1.4901759737815863 59.902625819466515)))
(5.205205205205205 ((0 0 0)(-4.989831474048152 2.932726692331908 59.62978214996107)))
(5.305305305305305 ((0 0 0)(-7.3609007777082605 4.419488207766112 59.1838521190992)))
(5.405405405405406 ((0 0 0)(-9.657837731523385 5.969739403938303 58.568757792761055)))
(5.505505505505506 ((0 0 0)(-11.856321115844919 7.600177455480338 57.78923653125741)))
(5.605605605605606 ((0 0 0)(-13.93204121057949 9.32423983518544 56.850192074901116)))
(5.705705705705706 ((0 0 0)(-15.860710473979326 11.151548434321619 55.755943245184994)))
(5.805805805805806 ((0 0 0)(-17.61805317181146 13.087482965003234 54.509418798749856)))
(5.9059059059059065 ((0 0 0)(-19.179756523816877 15.132878891019677 53.11134763235428)))
(6.0060060060060065 ((0 0 0)(-20.521370899514416 17.283834032907077 51.559491432975065)))
(6.106106106106107 ((0 0 0)(-21.61815834626823 19.531599162068286 49.847964374563894)))
(6.206206206206207 ((0 0 0)(-22.444907795443715 21.86252268993438 47.966684994379236)))
(6.306306306306307 ((0 0 0)(-22.975762344532423 24.258019205251774 45.90101306449097)))
(6.406406406406407 ((0 0 0)(-23.18414023789136 26.69453737306677 43.631643413031604)))
(6.506506506506507 ((0 0 0)(-23.042877946834228 29.143516144346528 41.13486276278146)))
(6.606606606606607 ((0 0 0)(-22.52478093527309 31.57134146402227 38.383325486832334)))
(6.706706706706707 ((0 0 0)(-21.60382943433271 33.93935129694476 35.34756363833737)))
(6.806806806806807 ((0 0 0)(-20.2573335786131 36.203986733934975 31.998495423612045)))
(6.906906906906907 ((0 0 0)(-18.469321117775237 38.3172492810534 28.311189639422086)))
(7.007007007007007 ((0 0 0)(-16.235295817778574 40.22768730570029 24.270004355729707)))
(7.107107107107107 ((0 0 0)(-13.56812937417076 41.88216788489131 19.874848971471494)))
(7.207207207207207 ((0 0 0)(-10.504189773062015 43.228641152391525 15.147664552519851)))
(7.307307307307307 ((0 0 0)(-7.107983178070661 44.219911065230356 10.137396287789171)))
(7.407407407407407 ((0 0 0)(-3.473021260328298 44.818067467706804 4.921170490201484)))
(7.507507507507508 ((0 0 0)(0.2830169166658835 44.99880033588992 -0.4002514870497891)))
(7.6076076076076085 ((0 0 0)(4.029075730447395 44.754538709270406 -5.712984565931889)))
(7.7077077077077085 ((0 0 0)(7.635231345278961 44.09548944495925 -10.90425502799195)))
(7.807807807807809 ((0 0 0)(10.98687441534213 43.04824369023237 -15.876309443222956)))
(7.907907907907909 ((0 0 0)(13.994689065124719 41.652393725095735 -20.55611263415636)))
(8.008008008008009 ((0 0 0)(16.598563922530754 39.956136807166814 -24.89896432179723)))
(8.108108108108109 ((0 0 0)(18.766012210676035 38.01190286618655 -28.886606562957567)))
(8.208208208208209 ((0 0 0)(20.48716777130249 35.872723108920496 -32.52188594590876)))
(8.308308308308309 ((0 0 0)(21.768602444475253 33.58962210702722 -35.82221595610638)))
(8.408408408408409 ((0 0 0)(22.62756618194634 31.209979512333707 -38.81344478468778)))
(8.508508508508509 ((0 0 0)(23.087431483708585 28.7766391325367 -41.524918996332744)))
(8.608608608608609 ((0 0 0)(23.17450505476 26.327510383075744 -43.98592055340533)))
(8.70870870870871 ((0 0 0)(22.91603446921496 23.89544767933867 -46.223325736250054)))
(8.80880880880881 ((0 0 0)(22.33911863845349 21.50825750583729 -48.26022124073999)))
(8.90890890890891 ((0 0 0)(21.470232485392607 19.1887438040103 -50.115218513050806)))
(9.00900900900901 ((0 0 0)(20.335127512055283 16.954750091160413 -51.80225992289194)))
(9.10910910910911 ((0 0 0)(18.95893179041192 14.819190333930301 -53.33076922867611)))
(9.20920920920921 ((0 0 0)(17.36632869650687 12.790082208408606 -54.70604641894833)))
(9.30930930930931 ((0 0 0)(15.581738842403494 10.870608542990373 -55.92983873318427)))
(9.40940940940941 ((0 0 0)(13.629464415639603 9.059237495093928 -57.00103682660224)))
(9.50950950950951 ((0 0 0)(11.533780927664933 7.349930854658531 -57.91645137557478)))
(9.60960960960961 ((0 0 0)(9.318979305097622 5.732464034418229 -58.67162524754458)))
(9.70970970970971 ((0 0 0)(7.009371953803468 4.192872045970365 -59.26163373006516)))
(9.80980980980981 ((0 0 0)(4.629280434893928 2.714024443599765 -59.681823500726644)))
(9.90990990990991 ((0 0 0)(2.2030206898839615 1.2763202962221818 -59.928442228690265)))
(10.01001001001001 ((0 0 0)(-0.2451039735669078 -0.14151689463973435 -59.99911597527093)))
(10.11011011011011 ((0 0 0)(-2.6907993562129793 -1.5615736184182898 -59.89314090831463)))
(10.21021021021021 ((0 0 0)(-5.109770137154265 -3.005845839543793 -59.6115684905228)))
(10.31031031031031 ((0 0 0)(-7.477710446346013 -4.4953424108798075 -59.15707800629842)))
(10.41041041041041 ((0 0 0)(-9.770302320835604 -6.049230932308146 -58.5336455998684)))
(10.51051051051051 ((0 0 0)(-11.963224735198185 -7.684060737873092 -57.74603340240778)))
(10.61061061061061 ((0 0 0)(-14.032168926973187 -9.413090658019849 -56.799134400051024)))
(10.710710710710712 ((0 0 0)(-15.952848443345903 -11.245739532710273 -55.69721726939897)))
(10.810810810810812 ((0 0 0)(-17.70098724482442 -13.187166051151674 -54.44311983987199)))
(10.910910910910912 ((0 0 0)(-19.252268531096842 -15.237972577839805 -53.03744032650156)))
(11.011011011011012 ((0 0 0)(-20.582232242464332 -17.39401660345953 -51.47777328733523)))
(11.111111111111112 ((0 0 0)(-21.66612129510299 -19.646304778339427 -49.75803482962939)))
(11.211211211211213 ((0 0 0)(-22.47869605129681 -21.980939491503715 -47.8679223758507)))
(11.311311311311313 ((0 0 0)(-22.994064003846216 -24.37908788002535 -45.792562455345106)))
(11.411411411411413 ((0 0 0)(-23.185608376066416 -26.816949256640747 -43.51241980423751)))
(11.511511511511513 ((0 0 0)(-23.026146666134377 -29.265710813276222 -41.00357597321241)))
(11.611611611611613 ((0 0 0)(-22.48850779043659 -31.69150525367693 -38.238536182865815)))
(11.711711711711713 ((0 0 0)(-21.546778094016908 -34.055420324726285 -35.18778273152998)))
(11.811811811811813 ((0 0 0)(-20.178511898829544 -36.31366087664898 -31.82234061478076)))
(11.911911911911913 ((0 0 0)(-18.368186497109228 -38.41802684852879 -28.1176098419049)))
(12.012012012012013 ((0 0 0)(-16.112027190919758 -40.3169328678408 -24.0585705252927)))
(12.112112112112113 ((0 0 0)(-13.423938949538854 -41.95722573399088 -19.64608391887989)))
(12.212212212212213 ((0 0 0)(-10.341608120765116 -43.28700110112582 -14.903345077621346)))
(12.312312312312313 ((0 0 0)(-6.931011838706142 -44.25941908887685 -9.88072175066487)))
(12.412412412412413 ((0 0 0)(-3.2870374065622268 -44.83715238079447 -4.656682456871515)))
(12.512512512512513 ((0 0 0)(0.4716668680744822 -44.99666771827586 0.6670614080443177)))
(12.612612612612613 ((0 0 0)(4.2137420956597165 -44.73127852441579 5.976326944025586)))
(12.712712712712714 ((0 0 0)(7.809714750490387 -44.05206352400127 11.158782568176463)))
(12.812812812812814 ((0 0 0)(11.146050371243577 -42.98635715710721 16.117727736036798)))
(12.912912912912914 ((0 0 0)(14.134851990937745 -41.57429005910974 20.781509824758203)))
(13.013013013013014 ((0 0 0)(16.71746511823476 -39.86437098320728 25.106833916922554)))
(13.113113113113114 ((0 0 0)(18.862671095071715 -37.90913811674148 29.07664249390857)))
(13.213213213213214 ((0 0 0)(20.561574061118108 -35.7615755770472 32.69466748533774)))
(13.313313313313314 ((0 0 0)(21.82140845208815 -33.47255734262229 35.978881759394)))
(13.413413413413414 ((0 0 0)(22.659827058549602 -31.089252335609935 38.95541419884411)))
(13.513513513513514 ((0 0 0)(23.10041384405244 -28.654264030996327 41.65368165988442)))
(13.613613613613614 ((0 0 0)(23.169561141289226 -26.205250398081223 44.10289233625744)))
(13.713713713713714 ((0 0 0)(22.894528752126114 -23.774812698622668 46.329759111976294)))
(13.813813813813814 ((0 0 0)(22.302391690229754 -21.39050613754872 48.357156382168625)))
(13.913913913913914 ((0 0 0)(21.419588796838884 -19.07488574066105 50.203463374283054)))
(14.014014014014014 ((0 0 0)(20.27183696814359 -16.845547876973804 51.88239058353241)))
(14.114114114114114 ((0 0 0)(18.88423752940023 -14.71516079228365 53.403144500806526)))
(14.214214214214214 ((0 0 0)(17.281456594439565 -12.691498599050345 54.77083268622196)))
(14.314314314314315 ((0 0 0)(15.487905838348047 -10.777504918180865 55.98704216979967)))
(14.414414414414415 ((0 0 0)(13.527884384014806 -8.971416795537845 57.05054068226059)))
(14.514514514514515 ((0 0 0)(11.425667880576276 -7.266978095483753 57.958056122578434)))
(14.614614614614615 ((0 0 0)(9.20554841029269 -5.6537655389719434 58.705089282089205)))
(14.714714714714715 ((0 0 0)(6.891839207481015 -4.117641156246208 59.28671218675876)))
(14.814814814814815 ((0 0 0)(4.508861868184485 -2.641333542323368 59.698302714686214)))
(14.914914914914915 ((0 0 0)(2.080931779929909 -1.2051383892279743 59.9361675428975)))
(15.015015015015017 ((0 0 0)(-0.36764836917053395 0.21228230172449294 59.99801096536007)))
(15.115115115115117 ((0 0 0)(-2.8125845933337654 1.6330320081250496 59.883216659803914)))
(15.215215215215217 ((0 0 0)(-5.229581226919832 3.079078432434148 59.5929222613782)))
(15.315315315315317 ((0 0 0)(-7.594331744742336 4.5713581409221815 59.1298813713208)))
(15.415415415415417 ((0 0 0)(-9.882517733827601 6.128925501146947 58.49812292751527)))
(15.515515515515517 ((0 0 0)(-12.069818403755392 7.7681803221857155 57.70243218486144)))
(15.615615615615617 ((0 0 0)(-14.131925978403798 9.502201417036666 56.747689477178085)))
(15.715715715715717 ((0 0 0)(-16.044555067921117 11.340203525089422 55.63811130953767)))
(15.815815815815817 ((0 0 0)(-17.783429202314736 13.287123575674785 54.37644255245319)))
(15.915915915915917 ((0 0 0)(-19.324227305163806 15.343330367928752 52.96314881995574)))
(16.016016016016017 ((0 0 0)(-20.642478499307458 17.50444080414705 51.39565584496601)))
(16.116116116116117 ((0 0 0)(-21.71340609640002 19.7612172864595 49.66768030667499)))
(16.216216216216218 ((0 0 0)(-22.511741446760315 22.099516109209173 47.768697617437304)))
(16.316316316316318 ((0 0 0)(-23.01155623307704 24.500256878744203 45.683600814601114)))
(16.416416416416418 ((0 0 0)(-23.186199014948905 26.939389442261476 43.39262520612678)))
(16.516516516516518 ((0 0 0)(-23.008469707927677 29.387849116756303 40.87164914214915)))
(16.616616616616618 ((0 0 0)(-22.451223732920866 31.811515368082606 38.09303251761823)))
(16.716716716716718 ((0 0 0)(-21.488659013382556 34.17122609642315 35.02721423353244)))
(16.816816816816818 ((0 0 0)(-20.09858266336179 36.42295105870578 31.645335626838644)))
(16.916916916916918 ((0 0 0)(-18.26593362636369 38.51829112047532 27.923140980934658)))
(17.017017017017018 ((0 0 0)(-15.987673758552122 40.40553166693162 23.84624839367437)))
(17.117117117117118 ((0 0 0)(-13.278756930102078 42.0315062565279 19.416487479130655)))
(17.217217217217218 ((0 0 0)(-10.178199628991996 43.34446567638126 14.658319883378605)))
(17.31731731731732 ((0 0 0)(-6.753451940249589 44.297937499529475 9.623538667236819)))
(17.41741741741742 ((0 0 0)(-3.100763979653232 44.85518818596712 4.391942463094233)))
(17.51751751751752 ((0 0 0)(0.6602748386189384 44.993469076408225 -0.9338347320213138)))
(17.61761761761762 ((0 0 0)(4.398039760847622 44.706980340433304 -6.239348917546501)))
(17.71771771771772 ((0 0 0)(7.983543554602049 44.00766868883166 -11.412745945842707)))
(17.81781781781782 ((0 0 0)(11.30435125882775 42.92360298472741 -16.358402071184113)))
(17.91791791791792 ((0 0 0)(14.273993652448164 41.49544094910342 -21.006055325745226)))
(18.01801801801802 ((0 0 0)(16.835268130748087 39.77199181205337 -25.313810375992865)))
(18.11811811811812 ((0 0 0)(18.958210887076408 37.8058930089148 -29.26579602317144)))
(18.21821821821822 ((0 0 0)(20.634880551065166 35.65007519630115 -32.866612839440776)))
(18.31831831831832 ((0 0 0)(21.87315972680739 33.35525782311466 -36.13477771411915)))
(18.41841841841842 ((0 0 0)(22.69109280512582 30.96839698551894 -39.09668802780812)))
(18.51851851851852 ((0 0 0)(23.11246744993294 28.53185492008181 -41.78182222605828)))
(18.61861861861862 ((0 0 0)(23.163756833380898 26.083037902320367 -44.21930907578627)))
(18.71871871871872 ((0 0 0)(22.87223041539837 23.65429408458732 -46.43569476119654)))
(18.81881881881882 ((0 0 0)(22.264938232528824 21.27292751474542 -48.453639777279804)))
(18.91891891891892 ((0 0 0)(21.368282865721408 18.961244407815375 -50.29129072856603)))
(19.01901901901902 ((0 0 0)(20.207946895509405 16.73659405759928 -51.96212666748139)))
(19.11911911911912 ((0 0 0)(18.809005366334695 14.611399068378457 -53.47513784359604)))
(19.21921921921922 ((0 0 0)(17.196107589669165 12.593190141563612 -54.8352408447981)))
(19.31931931931932 ((0 0 0)(15.393656661017847 10.684671994168337 -56.04386425382517)))
(19.41941941941942 ((0 0 0)(13.425948860362215 8.883851089075117 -57.09965483485791)))
(19.51951951951952 ((0 0 0)(11.317260071200012 7.18425417724777 -57.99925975121282)))
(19.61961961961962 ((0 0 0)(9.091883539397555 5.575260418480179 -58.73813972432009)))
(19.71971971971972 ((0 0 0)(6.774133292366655 4.042560316805382 -59.31136536518343)))
(19.81981981981982 ((0 0 0)(4.388330922562854 2.5687432636393677 -59.71434731871668)))
(19.91991991991992 ((0 0 0)(1.9587912468254025 1.1340035783935452 -59.94345244878917)))
(20.02002002002002 ((0 0 0)(-0.49018365534719155 -0.28305605972919384 -59.996463990679544)))
(20.12012012012012 ((0 0 0)(-2.9342999839820916 -1.7045538551542454 -59.87285331956699)))
(20.22022022022022 ((0 0 0)(-5.349261704191322 -3.152427001891042 -59.57384389597983)))
(20.32032032032032 ((0 0 0)(-7.710761632508116 -4.647537644721662 -59.10226278131076)))
(20.42042042042042 ((0 0 0)(-9.994480930673957 -6.208824982250144 -58.46219040193324)))
(20.52052052052052 ((0 0 0)(-12.176099084292714 -7.85253762882131 -57.65843347400011)))
(20.62062062062062 ((0 0 0)(-14.231309330634273 -9.59157302103629 -56.69585777149648)))
(20.72072072072072 ((0 0 0)(-16.13582731289231 -11.434940764628951 -55.578625598175556)))
(20.82082082082082 ((0 0 0)(-17.865375999361948 -13.387355306825292 -54.309386836852376)))
(20.92092092092092 ((0 0 0)(-19.395629774552702 -15.448951427365616 -52.88847258984909)))
(21.02102102102102 ((0 0 0)(-20.702106549740066 -17.61510519005512 -51.313138082780355)))
(21.12112112112112 ((0 0 0)(-21.760009556841368 -19.876334626205207 -49.57689922531899)))
(21.22122122122122 ((0 0 0)(-22.54404069741383 -22.21824986412942 -47.66900855185724)))
(21.32132132132132 ((0 0 0)(-23.028235657921613 -24.621522898962798 -45.57412539688256)))
(21.421421421421424 ((0 0 0)(-23.185908730753745 -27.06185399763891 -43.27225635883269)))
(21.521521521521525 ((0 0 0)(-22.989843706218767 -29.509926488495374 -40.73907863730711)))
(21.621621621621625 ((0 0 0)(-22.412925663930682 -31.931366614065652 -37.9468107382264)))
(21.721721721721725 ((0 0 0)(-21.429469711218033 -34.2867628267917 -34.86585466783304)))
(21.821821821821825 ((0 0 0)(-20.017544530657112 -36.53185099016123 -31.46747782955362)))
(21.921921921921925 ((0 0 0)(-18.162562996425333 -38.618035474092316 -27.72778201246654)))
(22.022022022022025 ((0 0 0)(-15.862238639060022 -40.493477035777225 -23.633039343196746)))
(22.122122122122125 ((0 0 0)(-13.13258978798968 -42.105003163370505 -19.186064229647382)))
(22.222222222222225 ((0 0 0)(-10.013974506346115 -43.401029504136744 -14.412597164795564)))
(22.322322322322325 ((0 0 0)(-6.57531716660354 -44.3354624148336 -9.365858626217692)))
(22.422422422422425 ((0 0 0)(-2.9142170726801324 -44.87217298140978 -4.126964460590376)))
(22.522522522522525 ((0 0 0)(0.8488240533246244 -44.98920475163513 1.2005568372482849)))
(22.622622622622625 ((0 0 0)(4.58195319786697 -44.68164669355391 6.5020370894941335)))
(22.722722722722725 ((0 0 0)(8.15670504138497 -43.96230932744809 11.66613451926618)))
(22.822822822822825 ((0 0 0)(11.461767997450384 -42.859986882472406 16.598325349971194)))
(22.922922922922925 ((0 0 0)(14.412108645571314 -41.41585284971335 21.229745584441158)))
(23.023023023023026 ((0 0 0)(16.951970713840378 -39.67900598579604 25.519893133087944)))
(23.123123123123126 ((0 0 0)(19.052631726649658 -37.702174090086224 29.45406875660801)))
(23.223223223223226 ((0 0 0)(20.70708899013074 -35.53822811875389 33.03772496288289)))
(23.323323323323326 ((0 0 0)(21.923858981739038 -33.2377291623409 36.289907431329624)))
(23.423423423423426 ((0 0 0)(22.721366630271252 -30.847418469160807 39.237270022671495)))
(23.523523523523526 ((0 0 0)(23.123595701275697 -28.40941617587309 41.90934423618803)))
(23.623623623623626 ((0 0 0)(23.157095547575743 -25.96087663847497 44.33517388831728)))
(23.723723723723726 ((0 0 0)(22.84914280836682 -23.533894951993922 46.541135259656706)))
(23.823823823823826 ((0 0 0)(22.226761521370246 -21.15552413032439 48.54967341620218)))
(23.923923923923926 ((0 0 0)(21.316317861074026 -18.84782168076639 50.37870198456116)))
(24.024024024024026 ((0 0 0)(20.143460397238087 -16.627889894070773 52.04146904073543)))
(24.124124124124126 ((0 0 0)(18.733238362596044 -14.507905814249172 53.54674964411608)))
(24.224224224224226 ((0 0 0)(17.110284722673175 -12.495156889924713 54.89927088460173)))
(24.324324324324326 ((0 0 0)(15.298994344354641 -10.592109247390281 56.100304672194)))
(24.424424424424426 ((0 0 0)(13.323660879664995 -8.796539308080503 57.148378769393794)))
(24.524524524524526 ((0 0 0)(11.20856053769887 -7.101757537058456 58.040061646719806)))
(24.624624624624627 ((0 0 0)(8.97798773263976 -5.4969466799123134 58.77077595687592)))
(24.724724724724727 ((0 0 0)(6.656257248620577 -3.967627185449048 59.33559273131084)))
(24.824824824824827 ((0 0 0)(4.267690636642053 -2.496251011029739 59.72995693107377)))
(24.924924924924927 ((0 0 0)(1.8366021275587017 -1.062913118360477 59.95029676407176)))
(25.025025025025027 ((0 0 0)(-0.6127067956028536 0.35384095096411694 59.99447509040963)))
(25.125125125125127 ((0 0 0)(-3.055942490681318 1.7761418652668979 59.86205114354936)))
(25.225225225225227 ((0 0 0)(-5.468808529729153 3.2258940669560205 59.55433383593864)))
(25.325325325325327 ((0 0 0)(-7.82699706923175 4.7238831524038565 59.07422280828886)))
(25.425425425425427 ((0 0 0)(-10.106188871636581 6.288931226526903 58.42584865005036)))
(25.525525525525527 ((0 0 0)(-12.28206373975019 7.937134053896133 57.61403786110723)))
(25.625625625625627 ((0 0 0)(-14.330315949525872 9.681206351952413 56.643639739021985)))
(25.725725725725727 ((0 0 0)(-16.226662143224438 11.529951575835893 55.51876035359207)))
(25.825825825825827 ((0 0 0)(-17.946824590165217 13.487860983071373 54.241952574333844)))
(25.925925925925927 ((0 0 0)(-19.46647286592327 15.554834891835858 52.81341108999133)))
(26.026026026026027 ((0 0 0)(-20.76111327037135 17.726008285585372 51.23021895098846)))
(26.126126126126128 ((0 0 0)(-21.805928478886802 19.9916547065042 49.48568997626994)))
(26.226226226226228 ((0 0 0)(-22.575590514081284 22.337138046298996 47.56885298233633)))
(26.326326326326328 ((0 0 0)(-23.04409890021276 24.742882606897755 45.464133429034696)))
(26.426426426426428 ((0 0 0)(-23.18473409934274 27.184338958835323 43.15130997971931)))
(26.526526526526528 ((0 0 0)(-22.970265302383783 29.631938330538656 40.60586081332949)))
(26.626626626626628 ((0 0 0)(-22.373610505897407 32.051053767699806 37.79986709486587)))
(26.726726726726728 ((0 0 0)(-21.369207749392764 34.402024702713746 34.703700585195044)))
(26.826826826826828 ((0 0 0)(-19.935396233057354 36.64035435949902 31.288764653168975)))
(26.926926926926928 ((0 0 0)(-18.05807521036025 38.71725327642309 27.53153199352726)))
(27.027027027027028 ((0 0 0)(-15.735725102867285 40.58076231493937 23.41894489930343)))
(27.127127127127128 ((0 0 0)(-12.985444177272472 42.177710197653255 18.95481892292853)))
(27.227227227227228 ((0 0 0)(-9.848943147835506 43.456687271408335 14.166185298334032)))
(27.32732732732733 ((0 0 0)(-6.396621354126629 44.371990041203595 9.107693365639319)))
(27.42742742742743 ((0 0 0)(-2.7274128577941004 44.88810497361477 3.8617624787506877)))
(27.52752752752753 ((0 0 0)(1.037297754570757 44.98387519889378 -1.4672131190496456)))
(27.62762762762763 ((0 0 0)(4.765466987151422 44.65528022285231 -6.764378169442163)))
(27.72772772772773 ((0 0 0)(8.32918666373286 43.9159899074646 -11.918937812084911)))
(27.82782782782783 ((0 0 0)(11.618291695171319 42.79551461047699 -16.83749065680306)))
(27.92792792792793 ((0 0 0)(14.54919173976602 41.335532238597644 -21.452577214144075)))
(28.02802802802803 ((0 0 0)(17.067570759793004 39.58542019722832 -25.72508175113022)))
(28.12812812812813 ((0 0 0)(19.14593385193524 37.597987892800106 -29.641462386359706)))
(28.22822822822823 ((0 0 0)(20.778201189412453 35.426040472204356 -33.20800685819024)))
(28.32832832832833 ((0 0 0)(21.973508964417828 33.11997694494914 -36.44427453985575)))
(28.42842842842843 ((0 0 0)(22.750651758137206 30.726321762403288 -39.377163931081704)))
(28.52852852852853 ((0 0 0)(23.13380200207925 28.286952142727447 -42.03625121450454)))
(28.62862862862863 ((0 0 0)(23.149580698443554 25.838770317676083 -44.450489865200396)))
(28.72872872872873 ((0 0 0)(22.82526927596202 23.41361838437856 -46.64608315440889)))
(28.82882882882883 ((0 0 0)(22.18786480809164 21.038298446216864 -48.64525925955551)))
(28.92892892892893 ((0 0 0)(21.26369694806934 18.734619404012605 -50.46569852263435)))
(29.02902902902903 ((0 0 0)(20.078380573762605 16.51943661681611 -52.1204185436564)))
(29.12912912912913 ((0 0 0)(18.656939578072446 14.404681651703369 -53.61798026751368)))
(29.22922922922923 ((0 0 0)(17.023991033319838 12.397398868650484 -54.962922778092114)))
(29.32932932932933 ((0 0 0)(15.203921922225344 10.499816126166287 -56.156363099309246)))
(29.42942942942943 ((0 0 0)(13.221023477051235 8.709480358872517 -57.19671196346955)))
(29.52952952952953 ((0 0 0)(11.099572318382794 7.019486588834128 -58.080461191971935)))
(29.62962962962963 ((0 0 0)(8.86386403029427 5.418822310730465 -58.80299736464021)))
(29.72972972972973 ((0 0 0)(6.538214116351063 3.89283940490651 -59.35939375725306)))
(29.82982982982983 ((0 0 0)(4.146944048943621 2.4238541779578098 -59.74513117906373)))
(29.929929929929934 ((0 0 0)(1.7143674590590865 0.9918642592316752 -59.95670031722149)))
(30.030030030030034 ((0 0 0)(-0.7352147534274122 -0.42463975659978404 -59.99204431490481)))
(30.130130130130134 ((0 0 0)(-3.1775090758754176 -1.8477987374562652 -59.850810397931475)))
(30.230230230230234 ((0 0 0)(-5.588218664208145 -3.299482134567295 -59.53439253088516)))
(30.330330330330334 ((0 0 0)(-7.943035014484328 -4.800396877165196 -59.04576202896221)))
(30.430430430430434 ((0 0 0)(-10.217638517068982 -6.369246063810381 -58.38909829926348)))
(30.530530530530534 ((0 0 0)(-12.387709333232126 -8.0219709690907 -57.56924593311777)))
(30.630630630630634 ((0 0 0)(-14.428942801029066 -9.771102264744266 -56.59103582631468)))
(30.730730730730734 ((0 0 0)(-16.31705652363458 -11.625236254482878 -55.45851577952275)))
(30.830830830830834 ((0 0 0)(-18.02777192800221 -13.588640313055597 -54.174139626840756)))
(30.930930930930934 ((0 0 0)(-19.536753504002977 -15.660979866610768 -52.73796375067801)))
(31.031031031031034 ((0 0 0)(-20.81949553466141 -17.83714858444563 -51.14689737295644)))
(31.131131131131134 ((0 0 0)(-21.851159660726946 -20.107175405426677 -49.39405092125483)))
(31.231231231231234 ((0 0 0)(-22.606387602832722 -22.45617791469521 -47.46822868263285)))
(31.331331331331334 ((0 0 0)(-23.0591425780216 -24.86433263741154 -45.35362211028698)))
(31.431431431431434 ((0 0 0)(-23.182671696495508 -27.306840330254374 -43.02978276374158)))
(31.531531531531535 ((0 0 0)(-22.94973114570129 -29.75388001328503 -40.47199201242479)))
(31.631631631631635 ((0 0 0)(-22.333275203367347 -32.170571574393826 -37.65219784175612)))
(31.731731731731735 ((0 0 0)(-21.307870734184966 -34.517005883417006 -34.54074856510403)))
(31.831831831831835 ((0 0 0)(-19.852136578564 -36.74845483406568 -31.10919359028636)))
(31.931931931931935 ((0 0 0)(-17.952470985441384 -38.81593788508892 -27.33439008435529)))
(32.032032032032035 ((0 0 0)(-15.608136574288134 -40.66738085381419 -23.203966732515905)))
(32.132132132132135 ((0 0 0)(-12.837326934922295 -42.24962113614708 -18.72275648760561)))
(32.232232232232235 ((0 0 0)(-9.683116134159526 -43.51143372771662 -13.919092841292535)))
(32.332332332332335 ((0 0 0)(-6.217378488835309 -44.40751667505536 -8.849054770142446)))
(32.432432432432435 ((0 0 0)(-2.5403675817383062 -44.90298247802064 -3.5963506202406554)))
(32.532532532532535 ((0 0 0)(1.2256792070260323 -44.977480986545096 1.7337889946579295)))
(32.632632632632635 ((0 0 0)(4.948565821629508 -44.627883669332974 7.026358977369921)))
(32.732732732732735 ((0 0 0)(8.500976045621517 -43.86871497474039 12.17114551516928)))
(32.832832832832835 ((0 0 0)(11.77391364871767 -42.73019197816955 17.07589125905192)))
(32.932932932932935 ((0 0 0)(14.68523787662135 -41.2544856151688 21.674546992611816)))
(33.033033033033036 ((0 0 0)(17.182066297405985 -39.49124113890674 25.929375919783094)))
(33.133133133133136 ((0 0 0)(19.23811759730179 -37.49334093415991 29.827978688773108)))
(33.233233233233236 ((0 0 0)(20.848219020520563 -35.313518359840025 33.37746157403294)))
(33.333333333333336 ((0 0 0)(22.022112455661667 -33.00200672624076 36.59788268504607)))
(33.433433433433436 ((0 0 0)(22.778951427695734 -30.60511180982933 39.51637349639336)))
(33.533533533533536 ((0 0 0)(23.143089760000628 -28.16446713327721 42.16254666762078)))
(33.633633633633636 ((0 0 0)(23.141215698388848 -25.716722619519402 44.56526007253676)))
(33.733733733733736 ((0 0 0)(22.800613158655775 -23.293467434067875 46.7505409637104)))
(33.833833833833836 ((0 0 0)(22.148251339370148 -20.9212528933979 48.74039923846852)))
(33.933933933933936 ((0 0 0)(21.21042328807459 -18.621639391265685 50.55228169495898)))
(34.034034034034036 ((0 0 0)(20.012710522925307 -16.411235425669684 52.198975991134986)))
(34.134134134134136 ((0 0 0)(18.58011207121104 -14.301727172348926 53.68883005721871)))
(34.234234234234236 ((0 0 0)(16.93722956090275 -12.299916072849737 55.02619648050101)))
(34.334334334334336 ((0 0 0)(15.10844242843911 -10.407792050782756 56.212039197297855)))
(34.434434434434436 ((0 0 0)(13.118039687798262 -8.622673121837288 57.244653887544985)))
(34.53453453453454 ((0 0 0)(10.99029845170394 -6.937439723467493 58.12045776771613)))
(34.63463463463464 ((0 0 0)(8.749515472677377 -5.340885279094373 58.83480333495509)))
(34.73473473473474 ((0 0 0)(6.420006935609604 -3.8181946030741845 59.3827679214333)))
(34.83483483483484 ((0 0 0)(4.026094197897042 -2.351550148133447 59.759869699158706)))
(34.93493493493494 ((0 0 0)(1.5920902782006727 -0.920854246853191 59.96266294753607)))
(35.03503503503504 ((0 0 0)(-0.8577044922913706 0.49545525638256627 59.989171725678446)))
(35.13513513513514 ((0 0 0)(-3.298996701926941 1.9195271636720004 59.83913135904696)))
(35.23523523523524 ((0 0 0)(-5.707489068219764 3.3731936993047142 59.514020438327485)))
(35.33533533533534 ((0 0 0)(-8.058872427824019 4.8770810150480814 59.01688102453225)))
(35.43543543543544 ((0 0 0)(-10.328826827422173 6.449771302670683 58.351939977209334)))
(35.53553553553554 ((0 0 0)(-12.493032828008575 8.107049721503806 57.524058272367334)))
(35.63563563563564 ((0 0 0)(-14.527186851173967 9.861261587291098 56.5380464702212)))
(35.73573573573574 ((0 0 0)(-16.407007418567353 11.720795067539102 55.397892064910614)))
(35.83583583583584 ((0 0 0)(-18.108214965185123 13.689692975554761 54.105947836769)))
(35.93593593593594 ((0 0 0)(-19.606468611529756 15.767385426527804 52.662129978501696)))
(36.03603603603604 ((0 0 0)(-20.8772502128592 17.94852454964063 51.06317224506775)))
(36.13613613613614 ((0 0 0)(-21.895699896238252 20.222894570177385 49.301980392951045)))
(36.23623623623624 ((0 0 0)(-22.636428664991023 22.575366697226354 47.36713339706741)))
(36.33633633633634 ((0 0 0)(-23.073363305765326 24.985869593995126 45.242588612423475)))
(36.43643643643644 ((0 0 0)(-23.179718098191852 27.429354084629257 42.90767138381845)))
(36.53653653653654 ((0 0 0)(-22.92823789389777 29.875746875505303 40.33746856502162)))
(36.63663663663664 ((0 0 0)(-22.29191672391219 32.28991474898189 37.50379923818919)))
(36.73673673673674 ((0 0 0)(-21.24545631763136 34.63170050070342 34.37699521723799)))
(36.83683683683684 ((0 0 0)(-19.767764452620977 36.85614606051964 30.928762197765973)))
(36.93693693693694 ((0 0 0)(-17.845751155181222 38.914082649038725 27.13635555054583)))
(37.03703703703704 ((0 0 0)(-15.479476633352574 40.75332601172488 22.988106660364867)))
(37.13713713713714 ((0 0 0)(-12.688245081707516 42.32072979063907 18.48988202943831)))
(37.23723723723724 ((0 0 0)(-9.516504230897315 43.565263686550246 13.67132853108767)))
(37.33733733733734 ((0 0 0)(-6.037602703507261 44.44203870401667 8.589954868168476)))
(37.43743743743744 ((0 0 0)(-2.353097561309698 44.91680391961404 3.3307430565483873)))
(37.53753753753754 ((0 0 0)(1.4139517025662989 44.97002279616672 -2.0002699080467816)))
(37.63763763763764 ((0 0 0)(5.131234510555009 44.59945987498524 -7.287966447405297)))
(37.73773773773774 ((0 0 0)(8.672060983960924 43.820489151995424 -12.422747488383548)))
(37.83783783783784 ((0 0 0)(11.928625343356657 42.66402484281516 -17.313520606834)))
(37.93793793793794 ((0 0 0)(14.820242168394147 41.17271949934161 -21.89565186049715)))
(38.03803803803804 ((0 0 0)(17.295455489992015 39.39647550223067 -26.13277545333523)))
(38.13813813813814 ((0 0 0)(19.329183391396917 37.388239715237845 -30.013619522339088)))
(38.23823823823824 ((0 0 0)(20.917144414001175 35.200667859909565 -33.54609220352895)))
(38.33833833833834 ((0 0 0)(22.06967226844719 32.88382403202068 -36.75073552752177)))
(38.43843843843844 ((0 0 0)(22.806268892024608 30.48379352468898 -39.654902456839224)))
(38.53853853853854 ((0 0 0)(23.151462385952794 28.041965428431066 -42.288234084027614)))
(38.63863863863864 ((0 0 0)(23.13200395746695 25.594737192081116 -44.67948755091744)))
(38.73873873873874 ((0 0 0)(22.775177792411046 23.173445122193442 -46.85451117692997)))
(38.83883883883884 ((0 0 0)(22.10792435724777 20.804389871896706 -48.83509525460257)))
(38.93893893893894 ((0 0 0)(21.156500038708657 18.508883425458478 -50.63845282562191)))
(39.03903903903904 ((0 0 0)(19.946453340039668 16.303287489886586 -52.277142172755596)))
(39.13913913913914 ((0 0 0)(18.502758899069665 14.19904293762295 -53.75929933515376)))
(39.23923923923924 ((0 0 0)(16.850003344175615 12.202708468277773 -55.089091930070474)))
(39.33933933933934 ((0 0 0)(15.012558896765352 10.316036413580216 -56.2673326162659)))
(39.43943943943944 ((0 0 0)(13.014712547336018 8.536116451553921 -57.29220400519429)))
(39.53953953953954 ((0 0 0)(10.880741976254862 6.855615308993859 -58.16005075281489)))
(39.63963963963964 ((0 0 0)(8.634945100141731 5.263133534068234 -58.866193257834375)))
(39.73973973973974 ((0 0 0)(6.301638746388531 3.743690393256917 -59.40571470875439)))
(39.83983983983984 ((0 0 0)(3.905144121840888 2.2793362957803707 -59.77417213710972)))
(39.93993993993994 ((0 0 0)(1.4697736218052118 0.8498803230954839 -59.968184505183686)))
(40.04004004004004 ((0 0 0)(-0.9801729756416199 -0.5662902283501391 -59.98585739538413)))
(40.14014014014014 ((0 0 0)(-3.4204023311156937 -1.991329828545656 -59.827014313298264)))
(40.24024024024024 ((0 0 0)(-5.826616702274155 -3.4470312431365406 -59.49321802350696)))
(40.34034034034034 ((0 0 0)(-8.174506268801863 -4.953937744718347 -58.98758038050067)))
(40.44044044044044 ((0 0 0)(-10.439750763249808 -6.530508730229783 -58.31437431153363)))
(40.54054054054054 ((0 0 0)(-12.598031187514772 -8.192371633507753 -57.47847545633994)))
(40.64064064064064 ((0 0 0)(-14.625045066059695 -9.951685120288108 -56.48467209761766)))
(40.74074074074074 ((0 0 0)(-16.496511792168757 -11.816628253103227 -55.336889383657876)))
(40.84084084084084 ((0 0 0)(-18.18815065301739 -13.791018619441763 -54.03737702674295)))
(40.94094094094094 ((0 0 0)(-19.67561510919357 -15.874050615972239 -52.58590915616383)))
(41.04104104104104 ((0 0 0)(-20.934374171941766 -18.06013461346314 -50.97904243658793)))
(41.14114114114114 ((0 0 0)(-21.939545974940025 -20.338810017087706 -49.20947669492166)))
(41.24124124124124 ((0 0 0)(-22.665710397140696 -22.69470159071824 -47.265564840558646)))
(41.34134134134134 ((0 0 0)(-23.08675769432299 -25.107490048752293 -45.13103007996181)))
(41.44144144144144 ((0 0 0)(-23.175869880904298 -27.55187616301366 -42.784972491215555)))
(41.54154154154154 ((0 0 0)(-22.90578221370988 -29.997534224364507 -40.20228679043898)))
(41.64164164164164 ((0 0 0)(-22.249532059058343 -32.40907797582169 -37.35466754957598)))
(41.74174174174174 ((0 0 0)(-21.18196219890057 -34.74610265918757 -34.21243718296034)))
(41.84184184184184 ((0 0 0)(-19.68227881991941 -36.96342166529169 -30.747468098649392)))
(41.94194194194194 ((0 0 0)(-17.73791667136677 -39.01168090931597 -26.937427765197395)))
(42.04204204204204 ((0 0 0)(-15.349749017603289 -40.838591159032724 -22.771366649292162)))
(42.14214214214214 ((0 0 0)(-12.538205823017565 -42.39103000932387 -18.256200832236072)))
(42.24224224224224 ((0 0 0)(-9.349118387593744 -43.618172026825974 -13.422901284432527)))
(42.34234234234234 ((0 0 0)(-5.857308274680319 -44.4755526081157 -8.330405829045917)))
(42.44244244244244 ((0 0 0)(-2.1656191787674497 -44.92956783349407 -3.064954023477312)))
(42.54254254254254 ((0 0 0)(1.6020985651701682 -44.96150142230564 2.266641334741408)))
(42.64264264264264 ((0 0 0)(5.3134579832571625 -44.570011781807736 7.549187631489469)))
(42.74274274274275 ((0 0 0)(8.842429450343054 -43.771317137413895 12.673733762244053)))
(42.84284284284285 ((0 0 0)(12.08241845268675 -42.597019108062696 17.550372332705685)))
(42.94294294294295 ((0 0 0)(14.954199896502999 -41.090240430295104 22.11588891973995)))
(43.04304304304305 ((0 0 0)(17.407736633364937 -39.301129976537545 26.335280288581092)))
(43.14314314314315 ((0 0 0)(19.4191317552142 -37.28269072049978 30.198386825644093)))
(43.24324324324325 ((0 0 0)(20.984979357781754 -35.08749502540548 33.713901882570255)))
(43.34334334334335 ((0 0 0)(22.116191246809493 -32.76543435845168 36.90283674195915)))
(43.44344344344345 ((0 0 0)(22.832607417609026 -30.362371788853494 39.792754544719116)))
(43.54354354354355 ((0 0 0)(23.158923293716846 -27.91945127737415 42.41331693360785)))
(43.64364364364365 ((0 0 0)(23.121948883206887 -25.472817651933624 44.79317531517045)))
(43.74374374374375 ((0 0 0)(22.7489665086374 -23.05355443870785 46.95799625445953)))
(43.84384384384385 ((0 0 0)(22.066887099158354 -20.687711750806184 48.929349180180004)))
(43.94394394394395 ((0 0 0)(21.101930353898826 -18.39635325875248 50.72421321073291)))
(44.04404404404405 ((0 0 0)(19.87961211795128 -16.19559394815512 52.35491785296607)))
(44.14414414414415 ((0 0 0)(18.424883117366534 -14.09662947882082 53.82938840194474)))
(44.24424424424425 ((0 0 0)(16.762315421384866 -12.105775991390212 55.151609048294056)))
(44.34434434434435 ((0 0 0)(14.916274360949155 -10.224548579041295 56.32224299455372)))
(44.44444444444445 ((0 0 0)(12.911045091250491 -8.44980917692267 57.33936177336224)))
(44.54454454454455 ((0 0 0)(10.770905930762797 -6.774011690759322 58.199239524488135)))
(44.64464464464465 ((0 0 0)(8.520155953069679 -5.18556500582856 58.897166526173606)))
(44.74474474474475 ((0 0 0)(6.18311258861654 -3.6693243744099093 59.42823361076464)))
(44.84484484484485 ((0 0 0)(3.784096859022306 -2.207209985903274 59.78803814805602)))
(44.94494494494495 ((0 0 0)(1.3474205266450676 -0.7789397261356006 59.97326485124835)))
(45.04504504504505 ((0 0 0)(-1.1026171668976728 0.6371474485468607 59.98210140779369)))
(45.14514514514515 ((0 0 0)(-3.541722925636853 2.063209409116342 59.81445955706865)))
(45.24524524524525 ((0 0 0)(-5.945598526802177 3.5209972351666847 59.471985759250515)))
(45.34534534534535 ((0 0 0)(-8.289933496966512 5.030969227244049 58.957860686472586)))
(45.44544544544545 ((0 0 0)(-10.55040728521348 6.611460111978087 58.276401929659066)))
(45.54554554554555 ((0 0 0)(-12.702701375352262 8.277938002606664 57.43249805741588)))
(45.64564564564565 ((0 0 0)(-14.722514411843225 10.042373637144165 56.43091312515297)))
(45.74574574574575 ((0 0 0)(-16.585566608258702 11.912736020337027 55.27550789437945)))
(45.84584584584585 ((0 0 0)(-18.267575941749048 13.89261686364824 53.968426999392655)))
(45.94594594594595 ((0 0 0)(-19.74418991557772 15.98097444885856 52.509300642289986)))
(46.04604604604605 ((0 0 0)(-20.99086427555234 18.171977177484766 50.89450678953219)))
(46.14614614614615 ((0 0 0)(-21.982694681952726 20.454919531606954 49.11653810155638)))
(46.24624624624625 ((0 0 0)(-22.6942294911428 22.814179760901773 47.163520698665465)))
(46.34634634634635 ((0 0 0)(-23.099322351157056 25.229190542382266 45.018943630340615)))
(46.44644644644645 ((0 0 0)(-23.17112362190187 27.674402474772297 42.66168271594212)))
(46.54654654654655 ((0 0 0)(-22.882360781462253 30.11923733544554 40.06644299757373)))
(46.64664664664665 ((0 0 0)(-22.206118225238296 32.528055908895695 37.20479904851607)))
(46.74674674674675 ((0 0 0)(-21.117386125688604 34.86020643654329 34.04707113683572)))
(46.84684684684685 ((0 0 0)(-19.59567872621586 37.07027525506138 30.565308984094614)))
(46.94694694694695 ((0 0 0)(-17.628968606096233 39.10872599984218 26.737606211060402)))
(47.04704704704705 ((0 0 0)(-15.218957623864013 40.92316967826355 22.55374881652353)))
(47.14714714714715 ((0 0 0)(-12.387216549619469 42.46051567820378 18.021718358713056)))
(47.24724724724725 ((0 0 0)(-9.180969736744682 43.670153694343945 13.173820196413434)))
(47.34734734734735 ((0 0 0)(-5.676509619555529 44.5080549609452 8.070419959981079)))
(47.44744744744745 ((0 0 0)(-1.9779488771902711 44.94127286539816 2.798997816589407)))
(47.54754754754755 ((0 0 0)(1.7901031557888258 44.951917772189546 -2.532888786603069)))
(47.64764764764765 ((0 0 0)(5.495221292800665 44.53954243080323 -7.8100097029494355)))
(47.74774774774775 ((0 0 0)(9.012069592680627 43.72120370323695 -12.92409453946644)))
(47.84784784784785 ((0 0 0)(12.235284838343025 42.529180722498076 -17.78644025127217)))
(47.94794794794795 ((0 0 0)(15.087106509976559 41.00705496525053 -22.335255431911516)))
(48.04804804804805 ((0 0 0)(17.518908153817843 39.205211248217125 -26.536890482688126)))
(48.14814814814815 ((0 0 0)(19.50796330017296 37.17670041724532 -30.382282615333576)))
(48.24824824824825 ((0 0 0)(21.051725895638768 34.97400588375915 -33.88089378817018)))
(48.34834834834835 ((0 0 0)(22.16167226476173 32.64684317191861 -37.05419001588767)))
(48.44844844844845 ((0 0 0)(22.857970283661757 30.24085145277459 -39.92993348560599)))
(48.54854854854855 ((0 0 0)(23.165475899565877 27.79692889757153 -42.53779866716091)))
(48.64864864864865 ((0 0 0)(23.11105388044334 25.35096758416264 -44.90632635411711)))
(48.74874874874875 ((0 0 0)(22.721982634151853 22.933798342398443 -47.060998627635854)))
(48.84884884884885 ((0 0 0)(22.02514279795718 20.571220868293242 -49.0231628580157)))
(48.94894894894895 ((0 0 0)(21.046717383939853 18.284050612546707 -50.80956411853706)))
(49.04904904904905 ((0 0 0)(19.812189947099537 16.08815590861226 -52.43230377124824)))
(49.14914914914915 ((0 0 0)(18.34648778053039 13.99448729712747 -53.89909753713334)))
(49.24924924924925 ((0 0 0)(16.67416883030301 12.009118549400531 -55.21374774015722)))
(49.34934934934935 ((0 0 0)(14.819591854727411 10.133327883882183 -56.37676995899083)))
(49.44944944944945 ((0 0 0)(12.807040355287084 8.363750101295356 -57.386126642618954)))
(49.54954954954955 ((0 0 0)(10.660793354087136 6.692627191592769 -58.238023458552156)))
(49.64964964964965 ((0 0 0)(8.405151071869263 5.108177605875596 -58.92772253595857)))
(49.74974974974975 ((0 0 0)(6.064431502156526 3.5950941313831626 -59.45032412582122)))
(49.84984984984985 ((0 0 0)(3.662955447598525 2.1351685745571243 -59.80146739663157)))
(49.94994994994995 ((0 0 0)(1.22503402944744 0.7080296907398376 -59.97790385777213)))
(50.050050050050054 ((0 0 0)(-1.2250340294475928 -0.7080296907399394 -59.9779038577721)))
(50.150150150150154 ((0 0 0)(-3.6629554475984234 -2.1351685745570737 -59.80146739663157)))
(50.250250250250254 ((0 0 0)(-6.064431502156679 -3.5950941313832896 -59.45032412582117)))
(50.350350350350354 ((0 0 0)(-8.405151071869465 -5.1081776058756985 -58.92772253595857)))
(50.450450450450454 ((0 0 0)(-10.66079335408729 -6.69262719159287 -58.238023458552156)))
(50.550550550550554 ((0 0 0)(-12.807040355287263 -8.363750101295484 -57.386126642618954)))
(50.650650650650654 ((0 0 0)(-14.819591854727335 -10.133327883882131 -56.37676995899077)))
(50.750750750750754 ((0 0 0)(-16.674168830302907 -12.009118549400482 -55.213747740157196)))
(50.850850850850854 ((0 0 0)(-18.346487780530516 -13.994487297127598 -53.89909753713337)))
(50.950950950950954 ((0 0 0)(-19.812189947099636 -16.088155908612386 -52.43230377124824)))
(51.051051051051054 ((0 0 0)(-21.046717383939956 -18.28405061254681 -50.80956411853706)))
(51.151151151151154 ((0 0 0)(-22.02514279795708 -20.571220868293242 -49.02316285801563)))
(51.251251251251254 ((0 0 0)(-22.72198263415198 -22.93379834239857 -47.060998627635854)))
(51.351351351351354 ((0 0 0)(-23.11105388044339 -25.350967584162767 -44.90632635411711)))
(51.451451451451454 ((0 0 0)(-23.165475899566083 -27.796928897571505 -42.53779866716126)))
(51.551551551551555 ((0 0 0)(-22.857970283661782 -30.240851452774688 -39.92993348560597)))
(51.651651651651655 ((0 0 0)(-22.161672264761627 -32.64684317191861 -37.05419001588757)))
(51.751751751751755 ((0 0 0)(-21.051725895638793 -34.974005883759254 -33.88089378817015)))
(51.851851851851855 ((0 0 0)(-19.507963300172985 -37.17670041724543 -30.382282615333526)))
(51.951951951951955 ((0 0 0)(-17.51890815381782 -39.2052112482172 -26.536890482688072)))
(52.052052052052055 ((0 0 0)(-15.087106509976483 -41.00705496525053 -22.33525543191144)))
(52.152152152152155 ((0 0 0)(-12.235284838342949 -42.52918072249805 -17.786440251272072)))
(52.252252252252255 ((0 0 0)(-9.01206959268055 -43.72120370323695 -12.924094539466363)))
(52.352352352352355 ((0 0 0)(-5.495221292800615 -44.53954243080328 -7.810009702949333)))
(52.452452452452455 ((0 0 0)(-1.790103155788775 -44.95191777218957 -2.5328887866029675)))
(52.552552552552555 ((0 0 0)(1.977948877190322 -44.94127286539816 2.79899781658956)))
(52.652652652652655 ((0 0 0)(5.6765096195551985 -44.50805496094531 8.070419959980569)))
(52.752752752752755 ((0 0 0)(9.180969736744734 -43.67015369434389 13.173820196413537)))
(52.852852852852855 ((0 0 0)(12.387216549619493 -42.46051567820373 18.02171835871316)))
(52.952952952952955 ((0 0 0)(15.218957623864013 -40.92316967826348 22.553748816523584)))
(53.053053053053056 ((0 0 0)(17.62896860609631 -39.10872599984218 26.737606211060506)))
(53.153153153153156 ((0 0 0)(19.59567872621586 -37.070275255061304 30.565308984094614)))
(53.253253253253256 ((0 0 0)(21.117386125688554 -34.86020643654319 34.04707113683572)))
(53.353353353353356 ((0 0 0)(22.20611822523804 -32.528055908895716 37.20479904851572)))
(53.453453453453456 ((0 0 0)(22.88236078146223 -30.119237335445437 40.06644299757378)))
(53.553553553553556 ((0 0 0)(23.17112362190197 -27.674402474772325 42.66168271594223)))
(53.653653653653656 ((0 0 0)(23.099322351157006 -25.22919054238214 45.018943630340615)))
(53.753753753753756 ((0 0 0)(22.69422949114272 -22.814179760901645 47.163520698665465)))
(53.853853853853856 ((0 0 0)(21.982694681952626 -20.45491953160685 49.11653810155643)))
(53.953953953953956 ((0 0 0)(20.990864275552443 -18.171977177484845 50.89450678953224)))
(54.054054054054056 ((0 0 0)(19.744189915577845 -15.98097444885861 52.509300642290086)))
(54.154154154154156 ((0 0 0)(18.267575941748845 -13.892616863648087 53.968426999392655)))
(54.254254254254256 ((0 0 0)(16.585566608258574 -11.912736020336926 55.27550789437945)))
(54.354354354354356 ((0 0 0)(14.722514411843198 -10.042373637144113 56.43091312515297)))
(54.454454454454456 ((0 0 0)(12.702701375352364 -8.277938002606716 57.43249805741588)))
(54.55455455455456 ((0 0 0)(10.550407285213684 -6.611460111978239 58.276401929659016)))
(54.65465465465466 ((0 0 0)(8.289933496966334 -5.030969227243947 58.957860686472586)))
(54.75475475475476 ((0 0 0)(5.945598526802025 -3.520997235166583 59.471985759250515)))
(54.85485485485486 ((0 0 0)(3.541722925636802 -2.063209409116342 59.8144595570687)))
(54.95495495495496 ((0 0 0)(1.1026171668978 -0.6371474485469625 59.98210140779369)))
(55.05505505505506 ((0 0 0)(-1.3474205266453476 0.7789397261357532 59.97326485124835)))
(55.15515515515516 ((0 0 0)(-3.784096859022459 2.2072099859033756 59.78803814805602)))
(55.25525525525526 ((0 0 0)(-6.183112588616566 3.6693243744099093 59.42823361076474)))
(55.35535535535536 ((0 0 0)(-8.520155953069706 5.185565005828586 58.897166526173606)))
(55.45545545545546 ((0 0 0)(-10.770905930762694 6.774011690759272 58.199239524488036)))
(55.55555555555556 ((0 0 0)(-12.911045091250772 8.44980917692285 57.33936177336224)))
(55.65565565565566 ((0 0 0)(-14.916274360949256 10.224548579041398 56.32224299455372)))
(55.75575575575576 ((0 0 0)(-16.762315421384915 12.105775991390239 55.151609048294056)))
(55.85585585585586 ((0 0 0)(-18.424883117366406 14.09662947882077 53.82938840194469)))
(55.95595595595596 ((0 0 0)(-19.879612117951126 16.195593948154915 52.354917852966274)))
(56.05605605605606 ((0 0 0)(-21.101930353899004 18.396353258752686 50.72421321073291)))
(56.15615615615616 ((0 0 0)(-22.066887099158432 20.687711750806287 48.929349180180004)))
(56.25625625625626 ((0 0 0)(-22.7489665086374 23.0535544387079 46.95799625445948)))
(56.35635635635636 ((0 0 0)(-23.12194888320681 25.472817651933596 44.793175315170394)))
(56.45645645645646 ((0 0 0)(-23.15892329371687 27.919451277373895 42.4133169336081)))
(56.55655655655656 ((0 0 0)(-22.832607417609076 30.362371788853594 39.79275454471907)))
(56.65665665665666 ((0 0 0)(-22.116191246809493 32.765434358451756 36.90283674195904)))
(56.75675675675676 ((0 0 0)(-20.984979357781754 35.08749502540551 33.713901882570255)))
(56.85685685685686 ((0 0 0)(-19.41913175521407 37.28269072049975 30.19838682564399)))
(56.95695695695696 ((0 0 0)(-17.407736633364962 39.30112997653767 26.335280288581043)))
(57.05705705705706 ((0 0 0)(-14.954199896502972 41.090240430295175 22.11588891973985)))
(57.15715715715716 ((0 0 0)(-12.082418452687081 42.597019108062646 17.550372332706093)))
(57.25725725725726 ((0 0 0)(-8.842429450343003 43.771317137413924 12.673733762243952)))
(57.35735735735736 ((0 0 0)(-5.313457983257519 44.570011781807665 7.549187631489926)))
(57.45745745745746 ((0 0 0)(-1.6020985651701174 44.961501422305666 2.266641334741306)))
(57.55755755755756 ((0 0 0)(2.165619178767068 44.92956783349407 -3.064954023476828)))
(57.65765765765766 ((0 0 0)(5.85730827468042 44.47555260811564 -8.330405829046018)))
(57.75775775775776 ((0 0 0)(9.349118387593439 43.61817202682605 -13.422901284432044)))
(57.85785785785786 ((0 0 0)(12.53820582301731 42.39103000932403 -18.25620083223564)))
(57.95795795795796 ((0 0 0)(15.349749017603033 40.83859115903278 -22.771366649291732)))
(58.05805805805806 ((0 0 0)(17.737916671366513 39.01168090931605 -26.93742776519696)))
(58.15815815815816 ((0 0 0)(19.682278819919464 36.96342166529169 -30.747468098649467)))
(58.25825825825826 ((0 0 0)(21.18196219890042 34.746102659187805 -34.21243718296004)))
(58.35835835835836 ((0 0 0)(22.249532059058343 32.40907797582197 -37.35466754957572)))
(58.45845845845846 ((0 0 0)(22.905782213709728 29.997534224364607 -40.20228679043868)))
(58.55855855855856 ((0 0 0)(23.17586988090422 27.551876163013812 -42.7849724912153)))
(58.65865865865866 ((0 0 0)(23.086757694323015 25.107490048752524 -45.131030079961604)))
(58.75875875875876 ((0 0 0)(22.665710397140774 22.69470159071847 -47.26556484055847)))
(58.85885885885886 ((0 0 0)(21.93954597493992 20.338810017087603 -49.20947669492166)))
(58.95895895895896 ((0 0 0)(20.934374171941666 18.06013461346319 -50.97904243658773)))
(59.05905905905906 ((0 0 0)(19.67561510919357 15.87405061597234 -52.58590915616367)))
(59.15915915915916 ((0 0 0)(18.188150653017544 13.79101861944194 -54.037377026742824)))
(59.25925925925926 ((0 0 0)(16.496511792169038 11.816628253103481 -55.3368893836578)))
(59.35935935935936 ((0 0 0)(14.625045066059542 9.95168512028798 -56.48467209761766)))
(59.45945945945946 ((0 0 0)(12.59803118751472 8.192371633507753 -57.478475456339844)))
(59.55955955955956 ((0 0 0)(10.439750763249885 6.530508730229833 -58.314374311533655)))
(59.65965965965966 ((0 0 0)(8.17450626880209 4.9539377447185 -58.98758038050062)))
(59.75975975975976 ((0 0 0)(5.826616702274537 3.447031243136744 -59.493218023506934)))
(59.85985985985987 ((0 0 0)(3.420402331115668 1.9913298285456305 -59.827014313298214)))
(59.95995995995997 ((0 0 0)(0.9801729756416199 0.5662902283501391 -59.98585739538413)))
(60.06006006006007 ((0 0 0)(-1.46977362180511 -0.8498803230954329 -59.968184505183686)))
(60.16016016016017 ((0 0 0)(-3.9051441218411935 -2.279336295780574 -59.77417213710972)))
(60.26026026026027 ((0 0 0)(-6.301638746388684 -3.743690393257019 -59.40571470875439)))
(60.36036036036037 ((0 0 0)(-8.634945100141783 -5.263133534068259 -58.866193257834375)))
(60.46046046046047 ((0 0 0)(-10.88074197625476 -6.8556153089938086 -58.16005075281487)))
(60.56056056056057 ((0 0 0)(-13.014712547335813 -8.536116451553768 -57.29220400519439)))
(60.66066066066067 ((0 0 0)(-15.012558896765606 -10.31603641358042 -56.267332616265925)))
(60.76076076076077 ((0 0 0)(-16.850003344175768 -12.202708468277875 -55.089091930070474)))
(60.86086086086087 ((0 0 0)(-18.502758899069665 -14.199042937623002 -53.75929933515374)))
(60.96096096096097 ((0 0 0)(-19.94645334003959 -16.303287489886536 -52.27714217275552)))
(61.06106106106107 ((0 0 0)(-21.15650003870853 -18.508883425458276 -50.63845282562207)))
(61.16116116116117 ((0 0 0)(-22.107924357247875 -20.80438987189681 -48.83509525460257)))
(61.26126126126127 ((0 0 0)(-22.775177792411124 -23.17344512219357 -46.85451117692995)))
(61.36136136136137 ((0 0 0)(-23.13200395746695 -25.594737192081165 -44.679487550917386)))
(61.46146146146147 ((0 0 0)(-23.151462385952694 -28.04196542843104 -42.288234084027515)))
(61.56156156156157 ((0 0 0)(-22.806268892024736 -30.483793524689183 -39.654902456839224)))
(61.66166166166167 ((0 0 0)(-22.06967226844719 -32.883824032020776 -36.75073552752175)))
(61.76176176176177 ((0 0 0)(-20.91714441400138 -35.20066785990946 -33.54609220352931)))
(61.86186186186187 ((0 0 0)(-19.32918339139684 -37.388239715237894 -30.01361952233901)))
(61.96196196196197 ((0 0 0)(-17.29545548999194 -39.39647550223067 -26.132775453335128)))
(62.06206206206207 ((0 0 0)(-14.82024216839412 -41.17271949934174 -21.8956518604971)))
(62.16216216216217 ((0 0 0)(-11.928625343356607 -42.66402484281524 -17.313520606833922)))
(62.26226226226227 ((0 0 0)(-8.672060983960847 -43.820489151995474 -12.422747488383447)))
(62.36236236236237 ((0 0 0)(-5.131234510554933 -44.59945987498524 -7.287966447405195)))
(62.46246246246247 ((0 0 0)(-1.4139517025666553 -44.97002279616672 -2.0002699080472905)))
(62.56256256256257 ((0 0 0)(2.3530975613097485 -44.91680391961404 3.3307430565484895)))
(62.66266266266267 ((0 0 0)(6.037602703507337 -44.442038704016646 8.58995486816858)))
(62.76276276276277 ((0 0 0)(9.516504230897366 -43.56526368655022 13.671328531087772)))
(62.86286286286287 ((0 0 0)(12.688245081707592 -42.32072979063907 18.489882029438412)))
(62.96296296296297 ((0 0 0)(15.47947663335232 -40.75332601172506 22.988106660364508)))
(63.06306306306307 ((0 0 0)(17.845751155181222 -38.91408264903865 27.13635555054588)))
(63.16316316316317 ((0 0 0)(19.767764452621 -36.85614606051957 30.928762197765973)))
(63.26326326326327 ((0 0 0)(21.245456317631408 -34.63170050070339 34.37699521723804)))
(63.36336336336337 ((0 0 0)(22.29191672391229 -32.28991474898194 37.50379923818929)))
(63.46346346346347 ((0 0 0)(22.928237893897666 -29.875746875505154 40.33746856502162)))
(63.56356356356357 ((0 0 0)(23.179718098191827 -27.42935408462913 42.90767138381845)))
(63.66366366366367 ((0 0 0)(23.0733633057652 -24.985869593995226 45.24258861242317)))
(63.76376376376377 ((0 0 0)(22.636428664990973 -22.575366697226304 47.36713339706746)))
(63.86386386386387 ((0 0 0)(21.895699896238327 -20.222894570177434 49.30198039295115)))
(63.96396396396397 ((0 0 0)(20.877250212858993 -17.948524549640428 51.06317224506775)))
(64.06406406406407 ((0 0 0)(19.606468611529632 -15.767385426527703 52.662129978501746)))
(64.16416416416416 ((0 0 0)(18.10821496518502 -13.689692975554786 54.10594783676885)))
(64.26426426426427 ((0 0 0)(16.407007418567478 -11.720795067539152 55.39789206491067)))
(64.36436436436436 ((0 0 0)(14.527186851174172 -9.861261587291276 56.5380464702211)))
(64.46446446446447 ((0 0 0)(12.493032828008243 -8.107049721503628 57.524058272367334)))
(64.56456456456456 ((0 0 0)(10.32882682742197 -6.449771302670582 58.351939977209334)))
(64.66466466466467 ((0 0 0)(8.058872427823992 -4.877081015048056 59.01688102453225)))
(64.76476476476476 ((0 0 0)(5.707489068219866 -3.373193699304816 59.514020438327485)))
(64.86486486486487 ((0 0 0)(3.298996701926661 -1.9195271636718223 59.83913135904696)))
(64.96496496496496 ((0 0 0)(0.8577044922917268 -0.49545525638282073 59.989171725678446)))
(65.06506506506507 ((0 0 0)(-1.5920902782008508 0.9208542468532673 59.96266294753607)))
(65.16516516516516 ((0 0 0)(-4.026094197897042 2.351550148133472 59.759869699158756)))
(65.26526526526527 ((0 0 0)(-6.420006935609503 3.818194603074108 59.3827679214333)))
(65.36536536536536 ((0 0 0)(-8.749515472677148 5.34088527909422 58.8348033349552)))
(65.46546546546547 ((0 0 0)(-10.990298451704092 6.937439723467595 58.12045776771618)))
(65.56556556556556 ((0 0 0)(-13.118039687798314 8.622673121837261 57.244653887545084)))
(65.66566566566567 ((0 0 0)(-15.108442428439162 10.407792050782783 56.212039197297806)))
(65.76576576576576 ((0 0 0)(-16.93722956090265 12.299916072849685 55.02619648050091)))
(65.86586586586587 ((0 0 0)(-18.580112071211296 14.301727172349104 53.68883005721876)))
(65.96596596596596 ((0 0 0)(-20.01271052292543 16.411235425669783 52.198975991134986)))
(66.06606606606607 ((0 0 0)(-21.210423288074615 18.62163939126571 50.55228169495893)))
(66.16616616616616 ((0 0 0)(-22.148251339370148 20.921252893397746 48.740399238468726)))
(66.26626626626627 ((0 0 0)(-22.8006131586557 23.293467434067622 46.750540963710606)))
(66.36636636636636 ((0 0 0)(-23.141215698388823 25.71672261951917 44.565260072536965)))
(66.46646646646647 ((0 0 0)(-23.143089760000677 28.16446713327731 42.16254666762078)))
(66.56656656656656 ((0 0 0)(-22.77895142769591 30.605111809829232 39.51637349639367)))
(66.66666666666667 ((0 0 0)(-22.022112455661592 33.00200672624071 36.59788268504597)))
(66.76676676676676 ((0 0 0)(-20.848219020520716 35.3135183598398 33.3774615740333)))
(66.86686686686687 ((0 0 0)(-19.23811759730179 37.49334093416001 29.827978688773054)))
(66.96696696696696 ((0 0 0)(-17.18206629740596 39.491241138906815 25.92937591978299)))
(67.06706706706707 ((0 0 0)(-14.685237876621299 41.25448561516882 21.674546992611766)))
(67.16716716716716 ((0 0 0)(-11.773913648717594 42.73019197816952 17.075891259051822)))
(67.26726726726727 ((0 0 0)(-8.50097604562144 43.86871497474044 12.17114551516918)))
(67.36736736736736 ((0 0 0)(-4.948565821629838 44.627883669332874 7.02635897737043)))
(67.46746746746747 ((0 0 0)(-1.2256792070263887 44.977480986545075 1.7337889946584384)))
(67.56756756756756 ((0 0 0)(2.5403675817379248 44.90298247802064 -3.596350620240172)))
(67.66766766766767 ((0 0 0)(6.217378488835386 44.40751667505536 -8.849054770142548)))
(67.76776776776777 ((0 0 0)(9.68311613415922 43.51143372771672 -13.919092841292052)))
(67.86786786786787 ((0 0 0)(12.837326934922347 42.249621136147 -18.722756487605686)))
(67.96796796796797 ((0 0 0)(15.608136574287853 40.667380853814265 -23.20396673251547)))
(68.06806806806807 ((0 0 0)(17.952470985441458 38.81593788508895 -27.334390084355395)))
(68.16816816816817 ((0 0 0)(19.852136578563798 36.74845483406588 -31.109193590286026)))
(68.26826826826827 ((0 0 0)(21.30787073418489 34.5170058834168 -34.54074856510403)))
(68.36836836836838 ((0 0 0)(22.3332752033675 32.1705715743936 -37.65219784175655)))
(68.46846846846847 ((0 0 0)(22.94973114570134 29.753880013284952 -40.47199201242484)))
(68.56856856856858 ((0 0 0)(23.18267169649543 27.306840330253994 -43.02978276374186)))
(68.66866866866867 ((0 0 0)(23.059142578021394 24.864332637411337 -45.353622110286956)))
(68.76876876876878 ((0 0 0)(22.606387602832775 22.45617791469496 -47.46822868263315)))
(68.86886886886887 ((0 0 0)(21.851159660726818 20.10717540542655 -49.39405092125483)))
(68.96896896896898 ((0 0 0)(20.819495534661385 17.83714858444558 -51.146897372956495)))
(69.06906906906907 ((0 0 0)(19.5367535040031 15.660979866610793 -52.73796375067809)))
(69.16916916916918 ((0 0 0)(18.027771928001954 13.588640313055418 -54.174139626840734)))
(69.26926926926927 ((0 0 0)(16.317056523634452 11.62523625448275 -55.45851577952275)))
(69.36936936936938 ((0 0 0)(14.428942801029066 9.771102264744242 -56.59103582631468)))
(69.46946946946947 ((0 0 0)(12.387709333232202 8.02197096909075 -57.5692459331178)))
(69.56956956956958 ((0 0 0)(10.2176385170686 6.369246063810101 -58.38909829926356)))
(69.66966966966967 ((0 0 0)(7.943035014484023 4.800396877165018 -59.04576202896218)))
(69.76976976976978 ((0 0 0)(5.588218664207967 3.299482134567168 -59.534392530885235)))
(69.86986986986987 ((0 0 0)(3.1775090758753923 1.8477987374562652 -59.850810397931475)))
(69.96996996996998 ((0 0 0)(0.7352147534269542 0.42463975659952957 -59.99204431490484)))
(70.07007007007007 ((0 0 0)(-1.7143674590588573 -0.9918642592315225 -59.95670031722149)))
(70.17017017017018 ((0 0 0)(-4.1469440489438245 -2.423854177957912 -59.74513117906373)))
(70.27027027027027 ((0 0 0)(-6.5382141163511145 -3.8928394049065353 -59.359393757253116)))
(70.37037037037038 ((0 0 0)(-8.863864030294167 -5.418822310730414 -58.802997364640184)))
(70.47047047047047 ((0 0 0)(-11.09957231838254 -7.019486588833975 -58.08046119197201)))
(70.57057057057058 ((0 0 0)(-13.22102347705154 -8.70948035887272 -57.19671196346955)))
(70.67067067067067 ((0 0 0)(-15.203921922225472 -10.499816126166388 -56.15636309930922)))
(70.77077077077078 ((0 0 0)(-17.023991033319888 -12.397398868650509 -54.962922778092086)))
(70.87087087087087 ((0 0 0)(-18.65693957807237 -14.404681651703319 -53.61798026751363)))
(70.97097097097098 ((0 0 0)(-20.078380573762832 -16.519436616816318 -52.1204185436564)))
(71.07107107107107 ((0 0 0)(-21.26369694806947 -18.734619404012733 -50.46569852263435)))
(71.17117117117118 ((0 0 0)(-22.187864808091614 -21.03829844621709 -48.64525925955523)))
(71.27127127127127 ((0 0 0)(-22.825269275962125 -23.413618384378506 -46.64608315440914)))
(71.37137137137138 ((0 0 0)(-23.149580698443653 -25.83877031767649 -44.45048986520012)))
(71.47147147147147 ((0 0 0)(-23.133802002079275 -28.28695214272722 -42.036251214504766)))
(71.57157157157158 ((0 0 0)(-22.75065175813723 -30.726321762403362 -39.37716393108168)))
(71.67167167167167 ((0 0 0)(-21.973508964418006 -33.119976944949066 -36.44427453985611)))
(71.77177177177178 ((0 0 0)(-20.77820118941238 -35.426040472204356 -33.20800685819014)))
(71.87187187187187 ((0 0 0)(-19.14593385193519 -37.59798789280008 -29.641462386359603)))
(71.97197197197198 ((0 0 0)(-17.067570759793004 -39.585420197228444 -25.725081751130165)))
(72.07207207207207 ((0 0 0)(-14.549191739766123 -41.33553223859767 -21.452577214144128)))
(72.17217217217218 ((0 0 0)(-11.618291695171166 -42.79551461047705 -16.83749065680283)))
(72.27227227227228 ((0 0 0)(-8.329186663732887 -43.9159899074646 -11.918937812084963)))
(72.37237237237238 ((0 0 0)(-4.765466987151244 -44.65528022285234 -6.764378169441908)))
(72.47247247247248 ((0 0 0)(-1.0372977545705788 -44.983875198893806 -1.4672131190493911)))
(72.57257257257258 ((0 0 0)(2.7274128577945076 -44.88810497361475 3.8617624787511966)))
(72.67267267267268 ((0 0 0)(6.3966213541264 -44.371990041203645 9.107693365639015)))
(72.77277277277278 ((0 0 0)(9.848943147835481 -43.456687271408335 14.166185298334032)))
(72.87287287287288 ((0 0 0)(12.985444177272319 -42.177710197653354 18.954818922928226)))
(72.97297297297298 ((0 0 0)(15.735725102867208 -40.58076231493934 23.41894489930338)))
(73.07307307307308 ((0 0 0)(18.0580752103602 -38.71725327642304 27.531531993527157)))
(73.17317317317318 ((0 0 0)(19.93539623305748 -36.64035435949895 31.288764653169178)))
(73.27327327327328 ((0 0 0)(21.369207749392793 -34.402024702713796 34.703700585195044)))
(73.37337337337338 ((0 0 0)(22.373610505897357 -32.0510537676996 37.79986709486597)))
(73.47347347347348 ((0 0 0)(22.970265302383705 -29.631938330538578 40.60586081332939)))
(73.57357357357358 ((0 0 0)(23.18473409934277 -27.184338958835248 43.151309979719414)))
(73.67367367367368 ((0 0 0)(23.044098900212784 -24.74288260689783 45.464133429034696)))
(73.77377377377378 ((0 0 0)(22.57559051408113 -22.337138046298662 47.56885298233648)))
(73.87387387387388 ((0 0 0)(21.805928478886955 -19.991654706504402 49.48568997626984)))
(73.97397397397398 ((0 0 0)(20.761113270371222 -17.72600828558527 51.23021895098841)))
(74.07407407407408 ((0 0 0)(19.46647286592319 -15.554834891835883 52.81341108999117)))
(74.17417417417418 ((0 0 0)(17.946824590165296 -13.48786098307145 54.241952574333844)))
(74.27427427427428 ((0 0 0)(16.226662143224615 -11.529951575836098 55.51876035359197)))
(74.37437437437438 ((0 0 0)(14.330315949525643 -9.681206351952211 56.643639739021985)))
(74.47447447447448 ((0 0 0)(12.282063739750038 -7.937134053896057 57.61403786110713)))
(74.57457457457458 ((0 0 0)(10.106188871636554 -6.288931226526878 58.42584865005036)))
(74.67467467467468 ((0 0 0)(7.826997069231851 -4.723883152403933 59.07422280828886)))
(74.77477477477478 ((0 0 0)(5.468808529728822 -3.225894066955868 59.55433383593869)))
(74.87487487487488 ((0 0 0)(3.05594249068114 -1.7761418652668215 59.86205114354941)))
(74.97497497497498 ((0 0 0)(0.6127067956026755 -0.3538409509640406 59.99447509040963)))
(75.07507507507508 ((0 0 0)(-1.8366021275586 1.0629131183604006 59.95029676407176)))
(75.17517517517518 ((0 0 0)(-4.267690636642485 2.4962510110299934 59.72995693107377)))
(75.27527527527528 ((0 0 0)(-6.656257248620373 3.967627185448895 59.33559273131089)))
(75.37537537537538 ((0 0 0)(-8.977987732639962 5.49694667991239 58.77077595687603)))
(75.47547547547548 ((0 0 0)(-11.208560537699048 7.101757537058558 58.040061646719806)))
(75.57557557557558 ((0 0 0)(-13.323660879664892 8.796539308080426 57.148378769393794)))
(75.67567567567568 ((0 0 0)(-15.29899434435454 10.59210924739018 56.10030467219405)))
(75.77577577577578 ((0 0 0)(-17.11028472267343 12.495156889924917 54.89927088460168)))
(75.87587587587588 ((0 0 0)(-18.733238362596193 14.507905814249273 53.54674964411613)))
(75.97597597597598 ((0 0 0)(-20.14346039723806 16.627889894070798 52.04146904073532)))
(76.07607607607608 ((0 0 0)(-21.316317861073923 18.847821680766337 50.378701984561104)))
(76.17617617617618 ((0 0 0)(-22.226761521370502 21.15552413032472 48.54967341620208)))
(76.27627627627628 ((0 0 0)(-22.8491428083669 23.53389495199405 46.541135259656706)))
(76.37637637637638 ((0 0 0)(-23.157095547575718 25.96087663847515 44.33517388831713)))
(76.47647647647648 ((0 0 0)(-23.123595701275796 28.409416175873016 41.90934423618823)))
(76.57657657657658 ((0 0 0)(-22.721366630271202 30.847418469160754 39.23727002267155)))
(76.67667667667668 ((0 0 0)(-21.923858981739063 33.2377291623407 36.28990743132982)))
(76.77677677677679 ((0 0 0)(-20.707088990130764 35.53822811875397 33.03772496288289)))
(76.87687687687688 ((0 0 0)(-19.05263172664981 37.702174090086224 29.454068756608162)))
(76.97697697697699 ((0 0 0)(-16.9519707138403 39.67900598579604 25.51989313308784)))
(77.07707707707708 ((0 0 0)(-14.41210864557134 41.4158528497133 21.229745584441208)))
(77.17717717717719 ((0 0 0)(-11.461767997450231 42.859986882472505 16.598325349970988)))
(77.27727727727728 ((0 0 0)(-8.156705041384996 43.96230932744809 11.66613451926623)))
(77.37737737737739 ((0 0 0)(-4.581953197866716 44.68164669355393 6.502037089493727)))
(77.47747747747748 ((0 0 0)(-0.8488240533245481 44.98920475163513 1.200556837248183)))
(77.57757757757759 ((0 0 0)(2.914217072680412 44.87217298140976 -4.1269644605907825)))
(77.67767767767768 ((0 0 0)(6.5753171666033365 44.33546241483368 -9.365858626217362)))
(77.77777777777779 ((0 0 0)(10.013974506346063 43.401029504136716 -14.412597164795514)))
(77.87787787787788 ((0 0 0)(13.132589787989502 42.105003163370554 -19.186064229647076)))
(77.97797797797799 ((0 0 0)(15.862238639059973 40.49347703577725 -23.63303934319672)))
(78.07807807807808 ((0 0 0)(18.162562996425283 38.618035474092395 -27.72778201246639)))
(78.17817817817819 ((0 0 0)(20.017544530657087 36.531850990161125 -31.467477829553648)))
(78.27827827827828 ((0 0 0)(21.429469711217905 34.28676282679168 -34.865854667832856)))
(78.37837837837839 ((0 0 0)(22.412925663930785 31.931366614065578 -37.94681073822655)))
(78.47847847847848 ((0 0 0)(22.989843706218767 29.50992648849545 -40.73907863730711)))
(78.57857857857859 ((0 0 0)(23.185908730753646 27.06185399763868 -43.27225635883277)))
(78.67867867867868 ((0 0 0)(23.02823565792146 24.621522898962745 -45.57412539688243)))
(78.77877877877879 ((0 0 0)(22.54404069741388 22.218249864129344 -47.66900855185737)))
(78.87887887887888 ((0 0 0)(21.760009556841315 19.87633462620536 -49.57689922531871)))
(78.97897897897899 ((0 0 0)(20.702106549739835 17.615105190054866 -51.31313808278038)))
(79.07907907907908 ((0 0 0)(19.39562977455296 15.448951427365897 -52.88847258984899)))
(79.17917917917919 ((0 0 0)(17.86537599936177 13.38735530682519 -54.309386836852276)))
(79.27927927927928 ((0 0 0)(16.13582731289236 11.434940764629053 -55.57862559817541)))
(79.37937937937939 ((0 0 0)(14.231309330634375 9.591573021036341 -56.69585777149648)))
(79.47947947947948 ((0 0 0)(12.176099084292918 7.852537628821462 -57.65843347400006)))
(79.57957957957959 ((0 0 0)(9.994480930673777 6.208824982250043 -58.46219040193324)))
(79.67967967967968 ((0 0 0)(7.710761632508015 4.647537644721611 -59.10226278131071)))
(79.77977977977979 ((0 0 0)(5.349261704191373 3.1524270018910676 -59.57384389597985)))
(79.87987987987988 ((0 0 0)(2.9342999839822697 1.7045538551543218 -59.87285331956699)))
(79.97997997997999 ((0 0 0)(0.49018365534688624 0.2830560597290412 -59.996463990679544)))
(80.08008008008008 ((0 0 0)(-1.958791246825555 -1.134003578393647 -59.94345244878917)))
(80.18018018018019 ((0 0 0)(-4.388330922562931 -2.5687432636393677 -59.714347318716655)))
(80.28028028028028 ((0 0 0)(-6.774133292366527 -4.04256031680533 -59.311365365183505)))
(80.38038038038039 ((0 0 0)(-9.091883539397378 -5.575260418480102 -58.73813972432011)))
(80.48048048048048 ((0 0 0)(-11.317260071199707 -7.184254177247567 -57.9992597512129)))
(80.58058058058059 ((0 0 0)(-13.425948860362318 -8.883851089075167 -57.099654834857965)))
(80.68068068068068 ((0 0 0)(-15.393656661017898 -10.684671994168337 -56.04386425382527)))
(80.78078078078079 ((0 0 0)(-17.196107589669086 -12.593190141563536 -54.8352408447981)))
(80.88088088088088 ((0 0 0)(-18.809005366334567 -14.61139906837828 -53.475137843596116)))
(80.98098098098099 ((0 0 0)(-20.207946895509583 -16.736594057599433 -51.96212666748139)))
(81.08108108108108 ((0 0 0)(-21.368282865721508 -18.96124440781543 -50.29129072856616)))
(81.18118118118119 ((0 0 0)(-22.26493823252875 -21.27292751474542 -48.453639777279754)))
(81.28128128128128 ((0 0 0)(-22.87223041539832 -23.65429408458727 -46.43569476119651)))
(81.38138138138139 ((0 0 0)(-23.163756833381026 -26.083037902320594 -44.21930907578619)))
(81.48148148148148 ((0 0 0)(-23.112467449932915 -28.53185492008148 -41.78182222605859)))
(81.58158158158159 ((0 0 0)(-22.691092805125923 -30.968396985518964 -39.09668802780827)))
(81.68168168168168 ((0 0 0)(-21.873159726807543 -33.355257823114506 -36.13477771411949)))
(81.78178178178179 ((0 0 0)(-20.63488055106519 -35.650075196301046 -32.866612839440876)))
(81.88188188188188 ((0 0 0)(-18.958210887076483 -37.805893008914644 -29.265796023171667)))
(81.98198198198199 ((0 0 0)(-16.83526813074816 -39.77199181205342 -25.31381037599294)))
(82.08208208208208 ((0 0 0)(-14.273993652448368 -41.49544094910337 -21.006055325745532)))
(82.18218218218219 ((0 0 0)(-11.304351258827777 -42.92360298472738 -16.358402071184138)))
(82.28228228228228 ((0 0 0)(-7.983543554602176 -44.00766868883161 -11.41274594584291)))
(82.38238238238239 ((0 0 0)(-4.398039760847546 -44.706980340433354 -6.239348917546399)))
(82.48248248248248 ((0 0 0)(-0.6602748386191165 -44.993469076408246 -0.9338347320215175)))
(82.58258258258259 ((0 0 0)(3.10076397965341 -44.85518818596712 4.391942463094539)))
(82.68268268268268 ((0 0 0)(6.753451940249182 -44.29793749952955 9.623538667236208)))
(82.78278278278279 ((0 0 0)(10.178199628992173 -43.34446567638118 14.658319883378859)))
(82.88288288288288 ((0 0 0)(13.278756930101824 -42.031506256528075 19.416487479130247)))
(82.98298298298299 ((0 0 0)(15.987673758551994 -40.40553166693162 23.846248393674216)))
(83.08308308308308 ((0 0 0)(18.265933626363434 -38.518291120475446 27.923140980934303)))
(83.18318318318319 ((0 0 0)(20.098582663361814 -36.422951058705856 31.645335626838644)))
(83.28328328328328 ((0 0 0)(21.48865901338253 -34.171226096423325 35.02721423353224)))
(83.38338338338339 ((0 0 0)(22.451223732920766 -31.81151536808253 38.09303251761813)))
(83.48348348348348 ((0 0 0)(23.008469707927578 -29.38784911675633 40.87164914214895)))
(83.58358358358359 ((0 0 0)(23.18619901494893 -26.939389442261476 43.39262520612689)))
(83.68368368368368 ((0 0 0)(23.011556233077116 -24.500256878744356 45.683600814601014)))
(83.78378378378379 ((0 0 0)(22.511741446760137 -22.099516109208945 47.76869761743736)))
(83.88388388388388 ((0 0 0)(21.71340609639987 -19.761217286459427 49.66768030667494)))
(83.98398398398399 ((0 0 0)(20.642478499307458 -17.504440804147 51.39565584496606)))
(84.08408408408408 ((0 0 0)(19.32422730516383 -15.34333036792888 52.96314881995554)))
(84.18418418418419 ((0 0 0)(17.78342920231489 -13.287123575674887 54.37644255245319)))
(84.28428428428428 ((0 0 0)(16.044555067921348 -11.34020352508965 55.63811130953757)))
(84.38438438438439 ((0 0 0)(14.131925978403697 -9.502201417036641 56.747689477178035)))
(84.48448448448448 ((0 0 0)(12.069818403755367 -7.7681803221857155 57.702432184861394)))
(84.58458458458459 ((0 0 0)(9.882517733827678 -6.128925501146998 58.49812292751527)))
(84.68468468468468 ((0 0 0)(7.5943317447426155 -4.571358140922334 59.1298813713208)))
(84.78478478478479 ((0 0 0)(5.229581226919603 -3.0790784324339953 59.5929222613782)))
(84.88488488488488 ((0 0 0)(2.812584593333689 -1.6330320081249987 59.883216659803914)))
(84.98498498498499 ((0 0 0)(0.3676483691705594 -0.2122823017245184 59.99801096536007)))
(85.08508508508508 ((0 0 0)(-2.080931779929731 1.2051383892278724 59.9361675428975)))
(85.18518518518519 ((0 0 0)(-4.508861868184688 2.6413335423234954 59.698302714686214)))
(85.28528528528528 ((0 0 0)(-6.8918392074806585 4.117641156245954 59.28671218675887)))
(85.38538538538539 ((0 0 0)(-9.205548410292767 5.653765538971968 58.705089282089304)))
(85.4854854854855 ((0 0 0)(-11.425667880576707 7.266978095484033 57.95805612257838)))
(85.58558558558559 ((0 0 0)(-13.527884384014678 8.971416795537719 57.05054068226059)))
(85.6856856856857 ((0 0 0)(-15.48790583834825 10.777504918180993 55.98704216979967)))
(85.78578578578579 ((0 0 0)(-17.281456594439664 12.691498599050345 54.770832686222064)))
(85.8858858858859 ((0 0 0)(-18.884237529400203 14.715160792283623 53.40314450080648)))
(85.98598598598599 ((0 0 0)(-20.271836968143486 16.845547876973725 51.88239058353241)))
(86.0860860860861 ((0 0 0)(-21.41958879683906 19.07488574066125 50.203463374283004)))
(86.18618618618619 ((0 0 0)(-22.302391690229882 21.39050613754877 48.35715638216873)))
(86.2862862862863 ((0 0 0)(-22.894528752126114 23.77481269862282 46.32975911197609)))
(86.38638638638639 ((0 0 0)(-23.1695611412892 26.205250398081194 44.10289233625734)))
(86.4864864864865 ((0 0 0)(-23.100413844052515 28.654264030996607 41.65368165988426)))
(86.58658658658659 ((0 0 0)(-22.659827058549652 31.089252335610112 38.955414198844004)))
(86.6866866866867 ((0 0 0)(-21.82140845208805 33.472557342622494 35.978881759393644)))
(86.78678678678679 ((0 0 0)(-20.56157406111826 35.761575577047104 32.694667485337995)))
(86.8868868868869 ((0 0 0)(-18.862671095071665 37.90913811674148 29.076642493908466)))
(86.98698698698699 ((0 0 0)(-16.71746511823481 39.86437098320715 25.106833916922657)))
(87.0870870870871 ((0 0 0)(-14.134851990937745 41.57429005910982 20.7815098247581)))
(87.18718718718719 ((0 0 0)(-11.146050371243629 42.986357157107236 16.117727736036848)))
(87.2872872872873 ((0 0 0)(-7.809714750490208 44.05206352400127 11.158782568176157)))
(87.38738738738739 ((0 0 0)(-4.213742095659767 44.731278524415764 5.976326944025586)))
(87.4874874874875 ((0 0 0)(-0.47166686807427866 44.99666771827584 0.6670614080439615)))
(87.58758758758759 ((0 0 0)(3.287037406562252 44.83715238079445 -4.656682456871617)))
(87.6876876876877 ((0 0 0)(6.931011838706447 44.259419088876825 -9.880721750665252)))
(87.78778778778779 ((0 0 0)(10.341608120765192 43.28700110112579 -14.903345077621523)))
(87.8878878878879 ((0 0 0)(13.423938949539133 41.957225733990654 -19.646083918880347)))
(87.98798798798799 ((0 0 0)(16.112027190919605 40.316932867840954 -24.058570525292446)))
(88.0880880880881 ((0 0 0)(18.36818649710915 38.41802684852874 -28.1176098419049)))
(88.18818818818819 ((0 0 0)(20.17851189882939 36.31366087664901 -31.822340614780554)))
(88.2882882882883 ((0 0 0)(21.546778094016933 34.05542032472626 -35.18778273153005)))
(88.38838838838839 ((0 0 0)(22.48850779043659 31.691505253677008 -38.23853618286574)))
(88.4884884884885 ((0 0 0)(23.0261466661343 29.26571081327602 -41.00357597321244)))
(88.58858858858859 ((0 0 0)(23.185608376066263 26.81694925664067 -43.51241980423744)))
(88.6886886886887 ((0 0 0)(22.99406400384624 24.37908788002527 -45.79256245534526)))
(88.78878878878879 ((0 0 0)(22.478696051296886 21.980939491503765 -47.867922375850725)))
(88.8888888888889 ((0 0 0)(21.666121295102784 19.64630477833915 -49.758034829629466)))
(88.988988988989 ((0 0 0)(20.582232242464205 17.394016603459352 -51.47777328733523)))
(89.0890890890891 ((0 0 0)(19.25226853109669 15.237972577839653 -53.03744032650169)))
(89.1891891891892 ((0 0 0)(17.70098724482437 13.187166051151623 -54.44311983987207)))
(89.2892892892893 ((0 0 0)(15.952848443345546 11.245739532709942 -55.69721726939905)))
(89.3893893893894 ((0 0 0)(14.03216892697339 9.413090658020002 -56.799134400050974)))
(89.4894894894895 ((0 0 0)(11.963224735198033 7.684060737872991 -57.746033402407754)))
(89.5895895895896 ((0 0 0)(9.77030232083558 6.049230932308094 -58.53364559986834)))
(89.6896896896897 ((0 0 0)(7.477710446346063 4.4953424108798075 -59.15707800629842)))
(89.7897897897898 ((0 0 0)(5.109770137154443 3.0058458395438947 -59.6115684905228)))
(89.8898898898899 ((0 0 0)(2.6907993562126484 1.5615736184180864 -59.89314090831463)))
(89.98998998999 ((0 0 0)(0.24510397356675512 0.14151689463963257 -59.99911597527093)))
(90.0900900900901 ((0 0 0)(-2.2030206898839872 -1.2763202962222326 -59.928442228690265)))
(90.1901901901902 ((0 0 0)(-4.629280434893851 -2.714024443599714 -59.681823500726644)))
(90.2902902902903 ((0 0 0)(-7.0093719538037735 -4.192872045970543 -59.26163373006513)))
(90.3903903903904 ((0 0 0)(-9.318979305097827 -5.732464034418357 -58.67162524754458)))
(90.4904904904905 ((0 0 0)(-11.533780927665036 -7.349930854658633 -57.9164513755747)))
(90.5905905905906 ((0 0 0)(-13.629464415639653 -9.059237495093928 -57.00103682660236)))
(90.6906906906907 ((0 0 0)(-15.581738842403393 -10.870608542990324 -55.92983873318427)))
(90.7907907907908 ((0 0 0)(-17.36632869650669 -12.790082208408453 -54.706046418948354)))
(90.8908908908909 ((0 0 0)(-18.958931790412024 -14.819190333930402 -53.33076922867611)))
(90.990990990991 ((0 0 0)(-20.33512751205541 -16.954750091160413 -51.80225992289205)))
(91.0910910910911 ((0 0 0)(-21.470232485392582 -19.1887438040103 -50.115218513050756)))
(91.1911911911912 ((0 0 0)(-22.33911863845341 -21.50825750583721 -48.26022124074001)))
(91.2912912912913 ((0 0 0)(-22.916034469215113 -23.8954476793389 -46.22332573624998)))
(91.3913913913914 ((0 0 0)(-23.174505054760104 -26.327510383075847 -43.98592055340538)))
(91.4914914914915 ((0 0 0)(-23.08743148370851 -28.7766391325368 -41.524918996332566)))
(91.5915915915916 ((0 0 0)(-22.627566181946314 -31.209979512333735 -38.813444784687704)))
(91.6916916916917 ((0 0 0)(-21.768602444475277 -33.5896221070275 -35.82221595610618)))
(91.7917917917918 ((0 0 0)(-20.487167771302644 -35.87272310892032 -32.521885945909005)))
(91.8918918918919 ((0 0 0)(-18.76601221067578 -38.01190286618673 -28.88660656295716)))
(91.991991991992 ((0 0 0)(-16.598563922530957 -39.956136807166786 -24.898964321797507)))
(92.0920920920921 ((0 0 0)(-13.994689065124719 -41.652393725095706 -20.556112634156335)))
(92.1921921921922 ((0 0 0)(-10.986874415342259 -43.04824369023229 -15.87630944322321)))
(92.2922922922923 ((0 0 0)(-7.6352313452789105 -44.0954894449593 -10.904255027991848)))
(92.3923923923924 ((0 0 0)(-4.029075730447496 -44.754538709270435 -5.712984565932016)))
(92.4924924924925 ((0 0 0)(-0.2830169166657817 -44.99880033588992 -0.40025148704961094)))
(92.5925925925926 ((0 0 0)(3.473021260328222 -44.818067467706825 4.921170490201331)))
(92.6926926926927 ((0 0 0)(7.107983178070865 -44.21991106523028 10.137396287789375)))
(92.7927927927928 ((0 0 0)(10.504189773062015 -43.228641152391496 15.147664552519851)))
(92.8928928928929 ((0 0 0)(13.568129374170988 -41.88216788489124 19.874848971471746)))
(92.992992992993 ((0 0 0)(16.235295817778677 -40.22768730570029 24.270004355729807)))
(93.0930930930931 ((0 0 0)(18.469321117775312 -38.31724928105317 28.311189639422288)))
(93.1931931931932 ((0 0 0)(20.257333578612997 -36.2039867339352 31.99849542361174)))
(93.2932932932933 ((0 0 0)(21.60382943433266 -33.93935129694471 35.34756363833727)))
(93.3933933933934 ((0 0 0)(22.52478093527296 -31.571341464022325 38.383325486832135)))
(93.4934934934935 ((0 0 0)(23.042877946834277 -29.143516144346577 41.134862762781566)))
(93.5935935935936 ((0 0 0)(23.184140237891413 -26.69453737306692 43.631643413031505)))
(93.6936936936937 ((0 0 0)(22.97576234453227 -24.25801920525162 45.90101306449097)))
(93.7937937937938 ((0 0 0)(22.444907795443612 -21.86252268993433 47.966684994379186)))
(93.8938938938939 ((0 0 0)(21.61815834626823 -19.531599162068236 49.84796437456399)))
(93.993993993994 ((0 0 0)(20.521370899514494 -17.283834032907176 51.559491432975065)))
(94.0940940940941 ((0 0 0)(19.17975652381665 -15.132878891019475 53.11134763235428)))
(94.1941941941942 ((0 0 0)(17.618053171811233 -13.087482965003106 54.509418798749856)))
(94.2942942942943 ((0 0 0)(15.86071047397925 -11.151548434321517 55.7559432451851)))
(94.3943943943944 ((0 0 0)(13.93204121057949 -9.324239835185491 56.85019207490097)))
(94.4944944944945 ((0 0 0)(11.856321115845072 -7.600177455480415 57.78923653125741)))
(94.5945945945946 ((0 0 0)(9.657837731523614 -5.969739403938456 58.568757792761005)))
(94.6946946946947 ((0 0 0)(7.360900777708057 -4.41948820776601 59.18385211909915)))
(94.7947947947948 ((0 0 0)(4.9898314740481275 -2.932726692331908 59.629782149961024)))
(94.8948948948949 ((0 0 0)(2.56894731001915 -1.4901759737816371 59.902625819466515)))
(94.994994994995 ((0 0 0)(0.12255350501881387 -0.0707570553100104 59.99977899241756)))
(95.0950950950951 ((0 0 0)(-2.3250549396379796 1.3475520399158158 59.920276699175034)))
(95.1951951951952 ((0 0 0)(-4.749583583986749 2.786818553703164 59.66491006751404)))
(95.2952952952953 ((0 0 0)(-7.126728491124667 4.26825531286662 59.236130535097686)))
(95.3953953953954 ((0 0 0)(-9.432173183637534 5.81135787813974 58.63774824007597)))
(95.4954954954955 ((0 0 0)(-11.641596174453566 7.433113994311584 57.87444612234666)))
(95.5955955955956 ((0 0 0)(-13.730685920392931 9.147314229190165 56.95114377522864)))
(95.6956956956957 ((0 0 0)(-15.675152639148704 10.96398336395833 55.87225424426145)))
(95.7957957957958 ((0 0 0)(-17.4507208547481 12.888940886151891 54.640882035350096)))
(95.8958958958959 ((0 0 0)(-19.033085086443656 14.923487011030378 53.258011618003295)))
(95.995995995996 ((0 0 0)(-20.397815421444655 17.06419940850662 51.72173379376772)))
(96.0960960960961 ((0 0 0)(-21.52021075843273 19.302816691767905 50.02655470781382)))
(96.1961961961962 ((0 0 0)(-22.37511581647895 21.62617909573786 48.1628323333426)))
(96.2962962962963 ((0 0 0)(-22.936744212985563 24.016195880733225 46.11639202968609)))
(96.3963963963964 ((0 0 0)(-23.178585155483894 26.44981408305615 43.86839058621161)))
(96.4964964964965 ((0 0 0)(-23.07351697347751 28.89897581690336 41.39553067749749)))
(96.5965965965966 ((0 0 0)(-22.59430698302747 31.330573477414145 38.67077603167054)))
(96.6966966966967 ((0 0 0)(-21.714739026459323 33.70644647346926 35.664776712279036)))
(96.7967967967968 ((0 0 0)(-20.411659996362413 35.983511615927355 32.34826531608943)))
(96.8968968968969 ((0 0 0)(-18.668234194084874 38.114180695656096 28.695686712821526)))
(96.996996996997 ((0 0 0)(-16.478566930360458 40.047282593499105 24.69020228747057)))
(97.0970970970971 ((0 0 0)(-13.853510454002441 41.729745516727704 20.329867474057263)))
(97.1971971971972 ((0 0 0)(-10.826832660422873 43.109256926943274 15.634154474581589)))
(97.2972972972973 ((0 0 0)(-7.460106222254572 44.13794214468168 10.649174130401155)))
(97.3973973973974 ((0 0 0)(-3.8440562979375414 44.776758462492005 5.449335282931619)))
(97.4974974974975 ((0 0 0)(-0.09434177177379052 44.99986670161594 0.13341960296451816)))
(97.5975975975976 ((0 0 0)(3.6586995313652677 44.79793545615056 -5.185392693367796)))
(97.6976976976977 ((0 0 0)(7.284352429590714 44.179417398460615 -10.393550841821662)))
(97.7977977977978 ((0 0 0)(10.665934564297753 43.16939126376813 -15.391270295047914)))
(97.8978978978979 ((0 0 0)(13.711321912785728 41.806339029269424 -20.102778233433035)))
(97.997997997998 ((0 0 0)(16.357476670909175 40.13780165440343 -24.48054864380366)))
(98.0980980980981 ((0 0 0)(18.569337107631004 38.215965029977326 -28.503881516466063)))
(98.1981981981982 ((0 0 0)(20.33504911641481 36.09393489851308 -32.17380274217664)))
(98.2982982982983 ((0 0 0)(21.659815557318858 33.82302477023641 -35.506560456316585)))
(98.3983983983984 ((0 0 0)(22.560046286583013 31.45102916145875 -38.527404184432896)))
(98.4984984984985 ((0 0 0)(23.058666922879016 29.02126964458091 -41.26551312944651)))
(98.5985985985986 ((0 0 0)(23.1817980235949 26.57215769219453 -43.75029926925794)))
(98.6986986986987 ((0 0 0)(22.956654625480095 24.137054125547973 -46.00895535948278)))
(98.7987987987988 ((0 0 0)(22.410379958866248 21.74426835238994 -48.06498761079404)))
(98.8988988988989 ((0 0 0)(21.569520439038644 19.417102467028023 -49.93747049302686)))
(98.998998998999 ((0 0 0)(20.45989758773597 17.173894506730427 -51.64081127841354)))
(99.0990990990991 ((0 0 0)(19.10669435297113 15.02805011101719 -53.18487123725291)))
(99.1991991991992 ((0 0 0)(17.53463002735813 12.988074519234583 -54.57533950986249)))
(99.2992992992993 ((0 0 0)(15.768144194434383 11.057629848162906 -55.814288990276765)))
(99.3993993993994 ((0 0 0)(13.831545863566937 9.235648012976641 -56.90086202757306)))
(99.4994994994995 ((0 0 0)(11.749110583081217 7.516529030467608 -57.832040972180394)))
(99.5995995995996 ((0 0 0)(9.545127005796813 5.890449023546546 -58.60345888088411)))
(99.6996996996997 ((0 0 0)(7.243905779191143 4.343793268277925 -59.210203147642694)))
(99.7997997997998 ((0 0 0)(4.869768276667115 2.8597184483211966 -59.647562814534844)))
(99.8998998998999 ((0 0 0)(2.447031492076557 1.4188363557483399 -59.9116711580149)))
(100.0 ((0 0 0)(0.0 -2.5444437451708134e-14 -59.999999999999986)))
)
