1000
(
(0.0 ((0 0 0)(-0.0 0.0 -45.0))
(0.1001001001001001 ((0 0 0)(-1.9968712499256165 2.0030828120143833 -44.9110249767185))
(0.2002002002002002 ((0 0 0)(-3.9672007543919077 4.016745670466384 -44.644451753752584))
(0.3003003003003003 ((0 0 0)(-5.884562568331702 6.050946498943579 -44.20133448037866))
(0.4004004004004004 ((0 0 0)(-7.722777971325299 8.114414787779987 -43.58342543969519))
(0.5005005005005005 ((0 0 0)(-9.456077020872582 10.214077035513226 -42.79316811931464))
(0.6006006006006006 ((0 0 0)(-11.05930254468794 12.354530072030753 -41.83368754872497))
(0.7007007007007008 ((0 0 0)(-12.508165696625973 14.537578526456032 -40.70877794153091))
(0.8008008008008008 ((0 0 0)(-13.779558157973737 16.76185261356519 -39.422887691443115))
(0.9009009009009009 ((0 0 0)(-14.851921347410716 19.02252190865416 -37.98110178134777))
(1.001001001001001 ((0 0 0)(-15.70566784089965 21.31111966537645 -36.38912167501897))
(1.1011011011011012 ((0 0 0)(-16.32364487676672 23.61549032715512 -34.65324277099115))
(1.2012012012012012 ((0 0 0)(-16.69162465143149 25.91987005868551 -32.78032950774874))
(1.3013013013013013 ((0 0 0)(-16.798801445401278 28.205106317193025 -30.777788218678456))
(1.4014014014014016 ((0 0 0)(-16.638271813437292 30.449017719416148 -28.653537844127722))
(1.5015015015015016 ((0 0 0)(-16.207471467132144 32.62688986680604 -26.415978616386834))
(1.6016016016016017 ((0 0 0)(-15.508541367371318 34.71209659985619 -24.07395884142832))
(1.7017017017017018 ((0 0 0)(-14.548596147862703 36.67682969187658 -21.636739908763413))
(1.8018018018018018 ((0 0 0)(-13.339870424939798 38.49291367075522 -19.113959667782144))
(1.9019019019019021 ((0 0 0)(-11.899722802276875 40.13267673153618 -16.51559431540343))
(2.002002002002002 ((0 0 0)(-10.250483300446593 41.569844041416445 -13.851918945748247))
(2.1021021021021022 ((0 0 0)(-8.41913723634297 42.78041657797389 -11.133466917840101))
(2.2022022022022023 ((0 0 0)(-6.436846821866505 43.74349733976032 -8.370988202011137))
(2.3023023023023024 ((0 0 0)(-4.338320416211645 44.44202756629409 -5.575406869730472))
(2.4024024024024024 ((0 0 0)(-2.1610478577089394 44.863398592157125 -2.757777894959234))
(2.5025025025025025 ((0 0 0)(0.05557199113234807 44.999910058384735 0.07075656214131137))
(2.6026026026026026 ((0 0 0)(2.271179001921031 44.84905216288464 2.899011216274565))
(2.702702702702703 ((0 0 0)(4.445437851507931 44.4135980424751 5.7158018886095565))
(2.802802802802803 ((0 0 0)(6.5390231011879445 43.70150170885709 8.50998973400624))
(2.902902902902903 ((0 0 0)(8.514564039322522 42.72560659523667 11.270525288971443))
(3.0030030030030033 ((0 0 0)(10.337512472413739 41.5031790682189 13.986492166159708))
(3.1031031031031033 ((0 0 0)(11.976901258447711 40.055289609619834 16.647150222631954))
(3.2032032032032034 ((0 0 0)(13.405967806489816 38.406071246868215 19.24197803116512))
(3.3033033033033035 ((0 0 0)(14.602624527559504 36.58188980816976 21.760714486662494))
(3.4034034034034035 ((0 0 0)(15.549766736665552 34.61046345721826 24.193399383134423))
(3.5035035035035036 ((0 0 0)(16.235417163545325 32.51996965166708 26.53041280078978))
(3.6036036036036037 ((0 0 0)(16.652714438391286 30.338176268098014 28.76251314748433))
(3.7037037037037037 ((0 0 0)(16.799760154331338 28.091630391075533 30.880873704093005))
(3.8038038038038042 ((0 0 0)(16.67934495215317 25.80493353861559 32.8771175292895))
(3.9039039039039043 ((0 0 0)(16.298578237625463 23.500126329678995 34.74335058570388))
(4.004004004004004 ((0 0 0)(15.66844848340607 21.196199259994003 36.47219295646315))
(4.104104104104104 ((0 0 0)(14.803341581796087 18.908739796232414 38.05680802867003))
(4.2042042042042045 ((0 0 0)(13.720543523124613 16.6497198298267 39.490929528416004))
(4.3043043043043046 ((0 0 0)(12.439751001379566 14.427421975083396 40.768886300419794))
(4.404404404404405 ((0 0 0)(10.982609691665948 12.24649847824966 41.88562473430179))
(4.504504504504505 ((0 0 0)(9.372295244548553 10.108152746660885 42.83672874881069))
(4.604604604604605 ((0 0 0)(7.633146856630503 8.010430731167018 43.6184372549761))
(4.704704704704705 ((0 0 0)(5.790357951603257 5.948607534149607 44.22765902912977))
(4.804804804804805 ((0 0 0)(3.8697233598808642 3.9156535350906463 44.66198493698108))
(4.904904904904905 ((0 0 0)(1.8974376951790923 1.9027638472487522 44.919697460407235))
(5.005005005005005 ((0 0 0)(-0.10006437750304184 -0.1000651547150053 44.999777489285066))
(5.105105105105105 ((0 0 0)(-2.0962384266813654 -2.103428356618251 44.901908351506385))
(5.205205205205205 ((0 0 0)(-4.064545679144397 -4.117889406929263 44.626477065240636))
(5.305305305305305 ((0 0 0)(-5.97856923527308 -6.1533590083978495 44.17457280849262))
(5.405405405405406 ((0 0 0)(-7.812146669241156 -8.21848981520095 43.547982612007445))
(5.505505505505506 ((0 0 0)(-9.539533434522998 -10.32010388381793 42.749184292554915))
(5.605605605605606 ((0 0 0)(-11.135609248053703 -12.46266881670244 41.78133665453815))
(5.705705705705706 ((0 0 0)(-12.576136394560805 -14.647838864143939 40.64826699867385))
(5.805805805805806 ((0 0 0)(-13.838074811200624 -16.874077144420585 39.35445598714023))
(5.9059059059059065 ((0 0 0)(-14.899954066095104 -19.136374612511275 37.90501992504278))
(6.0060060060060065 ((0 0 0)(-15.74229716711267 -21.42608025673841 36.305690528264584))
(6.106106106106107 ((0 0 0)(-16.348085811145996 -23.7308550554314 34.56279225770847))
(6.206206206206207 ((0 0 0)(-16.703251531122596 -26.034759353296426 32.68321730956111))
(6.306306306306307 ((0 0 0)(-16.797172566712504 -28.318479461064378 30.674398360478975))
(6.406406406406407 ((0 0 0)(-16.623152531172444 -30.55969447291632 28.544279175473726))
(6.506506506506507 ((0 0 0)(-16.178854409343455 -32.73357866644062 26.301283194726665))
(6.606606606606607 ((0 0 0)(-15.466662392314182 -34.81342863628402 23.95428022355365))
(6.706706706706707 ((0 0 0)(-14.49394474771022 -36.77139784876663 21.51255135724361))
(6.806806806806807 ((0 0 0)(-13.273193450951894 -38.579315001644076 18.98575227947337))
(6.906906906906907 ((0 0 0)(-11.82202064444663 -40.20955688967262 16.383875079432784))
(7.007007007007007 ((0 0 0)(-10.16299798980587 -41.63594188053666 13.717208738652884))
(7.107107107107107 ((0 0 0)(-8.32333233181063 -42.834607030173025 10.996298443789522))
(7.207207207207207 ((0 0 0)(-6.334379371527615 -43.78483066525421 8.231903886257385))
(7.307307307307307 ((0 0 0)(-4.231005716708612 -44.46976316719357 5.434956713617251))
(7.407407407407407 ((0 0 0)(-2.050818144436584 -44.877031788568274 2.6165173009714278))
(7.507507507507508 ((0 0 0)(0.1667134361193305 -44.99919053169188 -0.21226898668645178))
(7.6076076076076085 ((0 0 0)(2.3812065647383784 -44.83399316111307 -3.0402158682095597))
(7.7077077077077085 ((0 0 0)(4.55235319443329 -44.38447589215572 -5.8561403818368625))
(7.807807807807809 ((0 0 0)(6.640903680121499 -43.65884565761393 -8.64890710760578))
(7.907907907907909 ((0 0 0)(8.609608613077983 -42.67017948750172 -11.407472201763238))
(8.008008008008009 ((0 0 0)(10.424081867228521 -41.43594980130262 -14.120927069043548))
(8.108108108108109 ((0 0 0)(12.05355293295959 -39.977398700031706 -16.778541500113917))
(8.208208208208209 ((0 0 0)(13.471483123401248 -38.31879113391732 -19.36980610360193))
(8.308308308308309 ((0 0 0)(14.656028051082508 -36.48658171741922 -21.884473864911005))
(8.408408408408409 ((0 0 0)(15.590337309413782 -34.50853273267804 -24.312600667480837))
(8.508508508508509 ((0 0 0)(16.262690942344033 -32.41282144369846 -26.644584616254058))
(8.608608608608609 ((0 0 0)(16.66648045732636 -30.227173342918448 -28.871204007846966))
(8.70870870870871 ((0 0 0)(16.80004931154839 -27.97805462322737 -30.98365379727266))
(8.80880880880881 ((0 0 0)(16.666413566819255 -25.68995238031073 -32.97358041701129))
(8.90890890890891 ((0 0 0)(16.27288748443679 -23.384765243654588 -34.83311481073757))
(9.00900900900901 ((0 0 0)(15.630641080604336 -21.08132077885392 -36.55490355107487))
(9.10910910910911 ((0 0 0)(14.754217088101912 -18.795029552920848 -38.132137918322826))
(9.20920920920921 ((0 0 0)(13.661033498301391 -16.537679609211008 -39.558580825168306))
(9.30930930930931 ((0 0 0)(12.37089511769505 -14.317369579367488 -40.828591480906994))
(9.40940940940941 ((0 0 0)(10.905533665605608 -12.13857398768217 -41.93714769764282))
(9.50950950950951 ((0 0 0)(9.28819120743901 -10.002330595119618 -42.87986575025611))
(9.60960960960961 ((0 0 0)(7.543256517098764 -7.906536902304362 -43.653017711605536))
(9.70970970970971 ((0 0 0)(5.695958638752193 -5.84634111257574 -44.253546194412834))
(9.80980980980981 ((0 0 0)(3.772116788626733 -3.8146118104619218 -44.67907644153407))
(9.90990990990991 ((0 0 0)(1.7979410770180335 -1.8024701574844673 -44.92792571680724))
(10.01001001001001 ((0 0 0)(-0.2001254337936079 0.20013165144319875 -44.99910995934074))
(10.11011011011011 ((0 0 0)(-2.195535911577453 2.203801781992614 -44.892347674928516))
(10.21021021021021 ((0 0 0)(-4.161754842636307 4.219085927108747 -44.6080610492035))
(10.31031031031031 ((0 0 0)(-6.0723747012731275 6.255846052634203 -44.147374278127565))
(10.41041041041041 ((0 0 0)(-7.901249762211541 8.322656541860452 -43.51210912241993))
(10.51051051051051 ((0 0 0)(-9.622661388979001 10.42623369618147 -42.70477770350365))
(10.61061061061061 ((0 0 0)(-11.21152683246346 12.570914740001665 -41.72857256945846))
(10.710710710710712 ((0 0 0)(-12.643660295941215 14.758202597061434 -40.58735407026342))
(10.810810810810812 ((0 0 0)(-13.896090903432189 16.986392583531494 -39.28563509225345))
(10.910910910910912 ((0 0 0)(-14.94743743418652 19.25029660693503 -37.828563212156304))
(11.011011011011012 ((0 0 0)(-15.778334494345893 21.541079273119937 -36.221900341281064))
(11.111111111111112 ((0 0 0)(-16.371899471453823 23.846218312530073 -34.47199994035399))
(11.211211211211213 ((0 0 0)(-16.71422448212886 26.14959881615161 -32.585781895104596))
(11.311311311311313 ((0 0 0)(-16.794872927412733 28.431746866211277 -30.57070515195461))
(11.411411411411413 ((0 0 0)(-16.60735656981452 30.670203292579654 -28.434738222021224))
(11.511511511511513 ((0 0 0)(-16.149566577631298 32.84003262041866 -26.18632767007417))
(11.611611611611613 ((0 0 0)(-15.424131034426061 34.914456039839585 -23.83436471305589))
(11.711711711711713 ((0 0 0)(-14.43867219500914 36.86559076219096 -21.388150060249032))
(11.811811811811813 ((0 0 0)(-13.20593938796958 38.66527184434643 -18.857357134128442))
(11.911911911911913 ((0 0 0)(-11.743797894222265 40.28592692219975 -16.251993817339528))
(12.012012012012013 ((0 0 0)(-10.07506020523582 41.701469764702644 -13.582362877072043))
(12.112112112112113 ((0 0 0)(-8.227153475700696 42.888175570412905 -10.859021223328732))
(12.212212212212213 ((0 0 0)(-6.231625297039127 43.82549982824343 -8.092738162200574))
(12.312312312312313 ((0 0 0)(-4.123498593173428 44.496803579615744 -5.294452809232732))
(12.412412412412413 ((0 0 0)(-1.9404948804865476 44.8899511243958 -2.475230831288661))
(12.512512512512513 ((0 0 0)(0.2778472694292596 44.99775151152836 0.3537793120260817))
(12.612612612612613 ((0 0 0)(2.49112554018044 44.818222279783654 3.181390454339756))
(12.712712712712714 ((0 0 0)(4.659061629121542 44.35466244249736 5.996420961553807))
(12.812812812812814 ((0 0 0)(6.7424840470522325 43.6155310989031 8.787738949005195))
(12.912912912912914 ((0 0 0)(8.704266852461362 42.61413768421361 11.544306301897416))
(13.013013013013014 ((0 0 0)(10.510187872851187 41.36815910025925 14.255222324923935))
(13.113113113113114 ((0 0 0)(12.129674775202224 39.89900719288774 16.909766848472984))
(13.213213213213214 ((0 0 0)(13.53641393478783 38.23107674430169 19.497442620954068))
(13.313313313313314 ((0 0 0)(14.708804914923375 36.39090894224283 22.008016819607263))
(13.413413413413414 ((0 0 0)(15.630251926955282 34.40630794792268 24.431561515642493))
(13.513513513513514 ((0 0 0)(16.28929227843432 32.30544865785412 26.758492933692875))
(13.613613613613614 ((0 0 0)(16.67956995094158 30.116012155559254 28.979609350332073))
(13.713713713713714 ((0 0 0)(16.79966956216261 27.864381938026238 31.08612748178751))
(13.813813813813814 ((0 0 0)(16.652831653248906 25.574929151788936 33.069717216957386))
(13.913913913913914 ((0 0 0)(16.246574229164974 23.26940922831764 34.92253455838105))
(14.014014014014014 ((0 0 0)(15.592247636583531 20.96648593747658 36.637252640898886))
(14.114114114114114 ((0 0 0)(14.70455020021616 18.68139243319778 38.20709070534138))
(14.214214214214214 ((0 0 0)(13.601030687288022 16.425732744906306 39.62584091267165))
(14.314314314314315 ((0 0 0)(12.301600863952626 14.20742168698005 40.88789289254619))
(14.414414414414415 ((0 0 0)(10.828077450336629 12.030756532817996 41.98825592921869))
(14.514514514514515 ((0 0 0)(9.203768016711416 9.89661014134766 42.92257869705331))
(14.614614614614615 ((0 0 0)(7.4531101483769095 7.802732543663969 43.68716646760474))
(14.714714714714715 ((0 0 0)(5.601367885897458 5.744146221637433 44.27899572022027))
(14.814814814814815 ((0 0 0)(3.6743843351143486 3.7136192987158827 44.69572609838743))
(14.914914914914915 ((0 0 0)(1.69838471068904 1.7022004341736319 44.935709664546266))
(15.015015015015017 ((0 0 0)(-0.30017984769375494 -0.300200832001716 44.99799741676849))
(15.115115115115117 ((0 0 0)(-2.29476039148946 -2.3042043849715874 44.88234304153393))
(15.215215215215217 ((0 0 0)(-4.258824954923732 -4.320336405737788 44.58920388776386))
(15.315315315315317 ((0 0 0)(-6.165975717744069 -6.35840861028261 44.119739158259705))
(15.415415415415417 ((0 0 0)(-7.990084065916991 -8.426915681406351 43.47580532569865))
(15.515515515515517 ((0 0 0)(-9.70545779317609 -10.532466859542629 42.659948791313774))
(15.615615615615617 ((0 0 0)(-11.287052336042722 -12.679267849620128 41.675395815289164))
(15.715715715715717 ((0 0 0)(-12.71073461127973 -14.868669312305917 40.52603975868982))
(15.815815815815817 ((0 0 0)(-13.95360386771032 -17.098798069145072 39.216425687377736))
(15.915915915915917 ((0 0 0)(-14.994369163361235 -19.364286567867214 37.75173239879673))
(16.016016016016017 ((0 0 0)(-15.813777873329927 -21.656114930911606 36.13775194270015))
(16.116116116116117 ((0 0 0)(-16.39508430994111 -23.96157787523888 34.380866716806096))
(16.216216216216218 ((0 0 0)(-16.724542419932487 -26.264385822017264 32.48802422795356))
(16.316316316316318 ((0 0 0)(-16.79190196397084 -28.544905560369347 30.466709618565428))
(16.416416416416418 ((0 0 0)(-16.590883937192142 -30.780540930539 28.324916067060688))
(16.516516516516518 ((0 0 0)(-16.119608590727058 -32.94624829135537 26.071113179266465))
(16.616616616616618 ((0 0 0)(-15.380948548811975 -35.01517528177325 23.714213495823433))
(16.716716716716718 ((0 0 0)(-14.38278038983217 -36.959404918904205 21.263537248029515))
(16.816816816816818 ((0 0 0)(-13.138110770604934 -38.75078081270054 18.7287755014938))
(16.916916916916918 ((0 0 0)(-11.665057690009002 -40.36178368183664 16.119951833345745))
(17.017017017017018 ((0 0 0)(-9.986673637570139 -41.76642489276638 13.447382694545675))
(17.117117117117118 ((0 0 0)(-8.130604840071056 -42.94111984160448 10.721636614042387))
(17.217217217217218 ((0 0 0)(-6.128589162506571 -43.86550299977529 7.9534924061013905))
(17.31731731731732 ((0 0 0)(-4.015803897502529 -44.52314756898031 5.1538965460713335))
(17.41741741741742 ((0 0 0)(-1.8300830899832052 -44.90215600461542 2.333919883144515))
(17.51751751751752 ((0 0 0)(0.38896841713096747 -44.995593064335466 -0.49528613871288724))
(17.61761761761762 ((0 0 0)(2.6009309289261227 -44.80174024435258 -3.322533578538237))
(17.71771771771772 ((0 0 0)(4.7655583522907055 -44.32415905128192 -6.13664224047452))
(17.81781781781782 ((0 0 0)(6.843759708376795 -43.57155997322623 -8.926483885245549))
(17.91791791791792 ((0 0 0)(8.798534675065248 -42.55748363850409 -11.681026236171693))
(18.01801801801802 ((0 0 0)(10.59582690385219 -41.29980984366347 -14.389376605706051))
(18.11811811811812 ((0 0 0)(12.205263764075465 -39.820118292040064 -17.04082496997379))
(18.21821821821822 ((0 0 0)(13.600757831146828 -38.142931498604156 -19.62488632097748))
(18.31831831831832 ((0 0 0)(14.760953347801944 -36.294875007824615 -22.131342128989886))
(18.41841841841842 ((0 0 0)(15.669509462723092 -34.30379262175332 -24.55028075117216))
(18.51851851851852 ((0 0 0)(16.31522067779719 -32.19785470112503 -26.87213662662536))
(18.61861861861862 ((0 0 0)(16.691983029238955 -30.00469590521701 -29.087728102879616))
(18.71871871871872 ((0 0 0)(16.798621578218704 -27.75061524353896 -31.188293744237885))
(18.81881881881882 ((0 0 0)(16.638600393401678 -25.459866401730885 -33.16552697839594))
(18.91891891891892 ((0 0 0)(16.219640104868205 -23.15406042140079 -35.01160894432977))
(19.01901901901902 ((0 0 0)(15.553270173393013 -20.851696428596686 -36.719239411554966))
(19.11911911911912 ((0 0 0)(14.654343266913838 -18.567829668344633 -38.28166564849025))
(19.21921921921922 ((0 0 0)(13.540537705865619 -16.31388000732272 -39.692709125766505))
(19.31931931931932 ((0 0 0)(12.23187106791619 -14.097578623999313 -40.94678994888405))
(19.41941941941942 ((0 0 0)(10.75024403679542 -11.923046026422083 -42.038948923601374))
(19.51951951951952 ((0 0 0)(9.11902878472547 -9.790990928538179 -42.964867166798406))
(19.61961961961962 ((0 0 0)(7.362710949746843 -7.69901688340525 -43.72088318526421))
(19.71971971971972 ((0 0 0)(5.506588951557733 -5.642021837780897 -44.304007354872375))
(19.81981981981982 ((0 0 0)(3.5765292952541374 -3.6126747946507756 -44.71193374288663))
(19.91991991991992 ((0 0 0)(1.5987719120724846 -1.601953365251376 -44.943049226646025))
(20.02002002002002 ((0 0 0)(-0.40022429809461724 0.4002740378156004 -44.99643987257065))
(20.12012012012012 ((0 0 0)(-2.3939085540747267 2.4046374580978136 -44.87189455026209))
(20.22022022022022 ((0 0 0)(-4.355752727665637 4.421642009467065 -44.56990576740711))
(20.32032032032032 ((0 0 0)(-6.2593690387216325 6.461047648308626 -44.09166772218282))
(20.42042042042042 ((0 0 0)(-8.078646399957073 8.531267932548666 -43.43907158086516))
(20.52052052052052 ((0 0 0)(-9.787919561595446 10.638803743040272 -42.614697999314856))
(20.62062062062062 ((0 0 0)(-11.362182804450311 12.787728133100408 -41.621806917914626))
(20.72072072072072 ((0 0 0)(-12.777356560969748 14.97923857508678 -40.46432467031268))
(20.82082082082082 ((0 0 0)(-14.010611149632506 17.211292716583127 -39.1468284569502))
(20.92092092092092 ((0 0 0)(-15.040746980786151 19.478343148067037 -37.674528244771984))
(21.02102102102102 ((0 0 0)(-15.848625373381942 21.77118542390419 -36.05324616469612))
(21.12112112112112 ((0 0 0)(-16.417638800574075 24.07693149920513 -34.28939348831455))
(21.22122122122122 ((0 0 0)(-16.734204284740542 26.379117726859988 -32.38994527486937))
(21.32132132132132 ((0 0 0)(-16.78825914030353 28.657952555667414 -30.362412788761215))
(21.421421421421424 ((0 0 0)(-16.57373467084429 30.89070412729468 -28.2148137966635))
(21.521521521521525 ((0 0 0)(-16.088981098705723 33.05222223487925 -25.955640861701788))
(21.621621621621625 ((0 0 0)(-15.337116222771815 35.11558283151636 -23.593827760075357))
(21.721721721721725 ((0 0 0)(-14.326271264391867 37.052836809344534 -21.138714152926664))
(21.821821821821825 ((0 0 0)(-13.069710164561874 38.83583852985168 -18.60000865316023))
(21.921921921921925 ((0 0 0)(-11.585803199223127 40.43712403612034 -15.987750433262644))
(22.022022022022025 ((0 0 0)(-9.897842003553585 41.83080448355451 -13.312269525942092))
(22.122122122122125 ((0 0 0)(-8.0336906188385 42.993437511202 -10.584145974577007))
(22.222222222222225 ((0 0 0)(-6.025275549011568 43.90483837920619 -7.8141679950118))
(22.322322322322325 ((0 0 0)(-3.907926493024247 44.54879393179793 -5.013289314145181))
(22.422422422422425 ((0 0 0)(-1.7195878024854039 44.91364586695583 -2.1925858540145122))
(22.522522522522525 ((0 0 0)(0.5000718060737372 44.99271528976742 0.6367880673343539))
(22.622622622622625 ((0 0 0)(2.710617738618139 44.78454781272395 3.463643844989155))
(22.722722722722725 ((0 0 0)(4.871838573528019 44.2929671067873 6.2768028318995785))
(22.822822822822825 ((0 0 0)(6.944726188758463 43.526934248538225 9.065140544227784))
(22.922922922922925 ((0 0 0)(8.892408021437697 42.500219826973385 11.81763065251276))
(23.023023023023026 ((0 0 0)(10.680995401580896 41.230904928821616 14.523388584689235))
(23.123123123123126 ((0 0 0)(12.280316908107558 39.74073521480472 17.17171456853472))
(23.223223223223226 ((0 0 0)(13.664512434425399 38.05435882531001 19.752135943334938))
(23.323323323323326 ((0 0 0)(14.81247161068211 36.198483441636235 22.254448573449853))
(23.423423423423426 ((0 0 0)(15.708108822213038 34.20099026982071 24.66875720001197))
(23.523523523523526 ((0 0 0)(16.340475677416627 32.09004297229873 26.985514571187565))
(23.623623623623626 ((0 0 0)(16.70371983141781 29.893227778394174 29.19555919626378))
(23.723723723723726 ((0 0 0)(16.796906058564854 27.636757431350574 31.290151574264325))
(23.823823823823826 ((0 0 0)(16.62372099322978 25.344766659350928 33.26100875382924))
(23.923923923923926 ((0 0 0)(16.192086765542715 23.038720939048297 35.100337087694676))
(24.024024024024026 ((0 0 0)(15.513710730886197 20.73695392212224 36.800863052246015))
(24.124124124124126 ((0 0 0)(14.603598651707275 18.45434246644767 38.355862010270606))
(24.224224224224226 ((0 0 0)(13.479557181674663 16.202122144134105 39.759184803168715))
(24.324324324324326 ((0 0 0)(12.161708566611134 13.987840694987899 41.00528206746611))
(24.424424424424426 ((0 0 0)(10.672036422920277 11.815442361643816 42.08922617946944))
(24.524524524524526 ((0 0 0)(9.033976628947022 9.685472482756163 43.00673074128528))
(24.624624624624627 ((0 0 0)(7.272062124056497 7.595389135533752 43.754167531147004))
(24.724724724724727 ((0 0 0)(5.411625096596652 5.53996692665816 44.32858085102002))
(24.824824824824827 ((0 0 0)(3.4785549663390514 3.511777085914926 44.727699214748355))
(24.924924924924927 ((0 0 0)(1.4991059976460135 1.5017276353299698 44.949944330522904))
(25.025025025025027 ((0 0 0)(-0.5002554639909764 -0.5003526097217873 44.99443734215033))
(25.125125125125127 ((0 0 0)(-2.4929770878104773 -2.505102289429961 44.86100230444194))
(25.225225225225227 ((0 0 0)(-4.452534874170045 -4.523003896680698 44.550166878979375))
(25.325325325325327 ((0 0 0)(-6.35255142092273 -6.563764121841535 44.06316024750561))
(25.425425425425427 ((0 0 0)(-8.166933587924005 -8.635713978906466 43.40190825119281))
(25.525525525525527 ((0 0 0)(-9.87004361435525 -10.74524469788365 42.56902577500839))
(25.625625625625627 ((0 0 0)(-11.43691529098736 -12.896295557733843 41.56780640729498))
(25.725725725725727 ((0 0 0)(-12.843523375412104 -15.089909928656413 40.40220941545498))
(25.825825825825827 ((0 0 0)(-14.06711020749316 -17.323875618210312 39.07684408924318))
(25.925925925925927 ((0 0 0)(-15.08656862927063 -19.592464977119665 37.59695151358214))
(26.026026026026027 ((0 0 0)(-15.882875082562615 -21.88628892334097 35.968383842977346))
(26.126126126126128 ((0 0 0)(-16.439561439188928 -24.19227691903212 34.19758115949136))
(26.226226226226228 ((0 0 0)(-16.743209041629445 -26.493791867987103 32.2915460057904))
(26.326326326326328 ((0 0 0)(-16.783943947900852 -28.77088484880828 30.25781569397131))
(26.426426426426428 ((0 0 0)(-16.55590883811829 -31.00068961193182 28.104432499671283))
(26.526526526526528 ((0 0 0)(-16.057684783048167 -33.157950999879645 25.839911859328073))
(26.626626626626628 ((0 0 0)(-15.292635375820263 -35.21567515694951 23.473208696350394))
(26.726726726726728 ((0 0 0)(-14.269146783012335 -37.145882927913824 21.013682009361634))
(26.826826826826828 ((0 0 0)(-13.00074016655669 -38.92044162853251 18.471057862550072))
(26.926926926926928 ((0 0 0)(-11.506037618161242 -40.51194486767364 15.855390924478321))
(27.027027027027028 ((0 0 0)(-9.808569045661217 -41.89460577611258 13.177024707444822))
(27.127127127127128 ((0 0 0)(-7.936415027553277 -43.04512627141185 10.446550664627804))
(27.227227227227228 ((0 0 0)(-5.921689054349205 -43.94350419436518 7.674766306762046))
(27.32732732732733 ((0 0 0)(-3.7998712542081434 -44.57374149578079 4.872632503970768))
(27.42742742742743 ((0 0 0)(-1.6090140526789873 -44.92442018195074 2.0512301416024674))
(27.52752752752753 ((0 0 0)(0.6111523641988708 -44.9891183206822 -0.7782836985260463))
(27.62762762762763 ((0 0 0)(2.8201809841666656 -44.766645775179924 -3.6047198582012463))
(27.72772772772773 ((0 0 0)(4.977897515573602 -44.26108802766019 -6.41690134972964))
(27.82782782782783 ((0 0 0)(7.045379031379153 -43.48165592006928 -9.203707554725264))
(27.92792792792793 ((0 0 0)(8.985882855294928 -42.44234874946953 -11.954118199989432))
(28.02802802802803 ((0 0 0)(10.765689834331823 -41.161447271519 -14.65725693658002))
(28.12812812812813 ((0 0 0)(12.354831245570912 -39.66086119168842 -17.302434349740828))
(28.22822822822823 ((0 0 0)(13.727675398084395 -37.96536216052575 -19.879190229608234))
(28.32832832832833 ((0 0 0)(14.863357996785265 -36.10173777315917 -22.37733493554246))
(28.42842842842843 ((0 0 0)(15.746048942950718 -34.09790440436186 -24.786989690505063))
(28.52852852852853 ((0 0 0)(16.365056845205793 -31.982016861720297 -27.09862564614335))
(28.62862862862863 ((0 0 0)(16.71478052576773 -29.781610948691977 -29.303101564103574))
(28.72872872872873 ((0 0 0)(16.794523728720584 -27.522811376395367 -31.3916999645575))
(28.82882882882883 ((0 0 0)(16.608194682529785 -25.229632434270304 -33.3561615990031))
(28.92892892892893 ((0 0 0)(16.163915885966734 -22.923392875733544 -35.18871811101059))
(29.02902902902903 ((0 0 0)(15.473571366564478 -20.622260065095794 -36.88212275576594))
(29.12912912912913 ((0 0 0)(14.552318732696984 -18.34093201240196 -38.42967905692746))
(29.22922922922923 ((0 0 0)(13.418091754077935 -16.090459880321802 -39.825267287475896))
(29.32932932932933 ((0 0 0)(12.091116206202978 -13.87820818307243 -41.06336866984247))
(29.42942942942943 ((0 0 0)(10.593457613548422 -11.707945412129012 -42.13908719961264))
(29.52952952952953 ((0 0 0)(8.948614671862998 -9.580054313076648 -43.048169006509646))
(29.62962962962963 ((0 0 0)(7.181166877651685 -7.491848500060912 -43.78701917609207))
(29.72972972972973 ((0 0 0)(5.316479584169841 -5.437980443304141 -44.35271596564686))
(29.82982982982983 ((0 0 0)(3.380464647001989 -3.4109249531947383 -44.743022358062085))
(29.929929929929934 ((0 0 0)(1.3993902844483226 -1.401521925893216 -44.956394907988695))
(30.030030030030034 ((0 0 0)(-0.6002700245158703 0.6004378877731259 -44.99198984531129))
(30.130130130130134 ((0 0 0)(-2.591962682031125 2.6056001623493983 -44.849666411790885))
(30.230230230230234 ((0 0 0)(-4.549168109439622 4.624423217311367 -44.52998741768571))
(30.330330330330334 ((0 0 0)(-6.445519623803908 6.666558974003345 -44.03421701614888))
(30.430430430430434 ((0 0 0)(-8.254942457476021 8.740254488854529 -43.364315704203335))
(30.530530530530534 ((0 0 0)(-9.951826877301507 10.851790057222281 -42.52293257006375))
(30.630630630630634 ((0 0 0)(-11.511246856707002 13.004970070459523 -41.51339481746112))
(30.730730730730734 ((0 0 0)(-12.909232295142044 15.200682894242435 -40.339694608397124))
(30.830830830830834 ((0 0 0)(-14.12309851242544 17.436545843403813 -39.00647327635769))
(30.930930930930934 ((0 0 0)(-15.131831867418873 19.70665066144734 -37.519002972411734))
(31.031031031031034 ((0 0 0)(-15.916525107832866 22.001423577971323 -35.88316581677844))
(31.131131131131134 ((0 0 0)(-16.460850743646095 24.307611848377025 -34.1054306383022))
(31.231231231231234 ((0 0 0)(-16.75155568068852 26.608405564187784 -32.19282739382314))
(31.331331331331334 ((0 0 0)(-16.778955905950532 28.88369942125146 -30.152919368594624))
(31.431431431431434 ((0 0 0)(-16.537406536266076 31.110494102339818 -27.993773267684727))
(31.531531531531535 ((0 0 0)(-16.025720356701484 33.263431128755556 -25.723927316631553))
(31.631631631631635 ((0 0 0)(-15.247507359703778 35.31544872467294 -23.352357497494168))
(31.731731731731735 ((0 0 0)(-14.211408942098451 37.23853977325813 -20.888442053822946))
(31.831831831831835 ((0 0 0)(-12.931203404236173 39.0045867513428 -18.341924404904923))
(31.931931931931935 ((0 0 0)(-11.425764171866206 40.586243074472826 -15.722874615944214))
(32.032032032032035 ((0 0 0)(-9.71885853191506 41.95782602994799 -13.041649576539102))
(32.132132132132135 ((0 0 0)(-7.838782303171026 43.09618383939978 -10.308852044924723))
(32.232232232232235 ((0 0 0)(-5.817834292762596 43.981498701715594 -7.535288719946086))
(32.332332332332335 ((0 0 0)(-3.6916430663721918 44.59798911995047 -4.731927506554245))
(32.432432432432435 ((0 0 0)(-1.498366880068631 44.93447845298777 -1.9098541438266312))
(32.532532532532535 ((0 0 0)(0.7222050208519628 44.9848023231292 0.9197716329859262))
(32.632632632632635 ((0 0 0)(2.9296156880534507 44.74803495430756 3.7457602230228653))
(32.732732732732735 ((0 0 0)(5.083730414603129 44.22852326278591 6.55693640847947))
(32.832832832832835 ((0 0 0)(7.145713798191345 43.43572701014383 9.342183546398623))
(32.932932932932935 ((0 0 0)(9.078955163732486 42.38387292886551 12.090487528826756))
(33.033033033033036 ((0 0 0)(10.849906697508827 41.09143980576579 14.790980337505776))
(33.133133133133136 ((0 0 0)(12.428803844594945 39.58049946611491 17.432983020856234))
(33.233233233233236 ((0 0 0)(13.790244407159882 37.87594494769687 20.006047923311293))
(33.333333333333336 ((0 0 0)(14.913610831601682 36.00464153360692 22.500000000000085))
(33.433433433433436 ((0 0 0)(15.783328794456025 33.994538533937444 24.9049770534071))
(33.533533533533536 ((0 0 0)(16.388963779931654 31.873779751053803 27.21146873289651))
(33.633633633633636 ((0 0 0)(16.72516530955979 29.669848576605222 29.41035414287308))
(33.733733733733736 ((0 0 0)(16.791475340743794 27.40877993678997 31.492937910868353))
(33.833833833833836 ((0 0 0)(16.592022714793497 25.114466216392163 33.45098457291619))
(33.933933933933936 ((0 0 0)(16.135129161543848 22.808078304177407 35.27675114024541))
(34.034034034034036 ((0 0 0)(15.43285415542139 20.507616481657376 36.963017718508205))
(34.134134134134136 ((0 0 0)(14.500505902422445 18.227599467916587 38.50311605845708))
(34.234234234234236 ((0 0 0)(13.356144074023726 15.978893918219388 39.89095592517451))
(34.334334334334336 ((0 0 0)(12.020096841876825 13.768681350024828 41.121049181573404))
(34.434434434434436 ((0 0 0)(10.514510620313038 11.600555032131986 42.188531490937194))
(34.53453453453454 ((0 0 0)(8.862946040896366 9.474735911723018 43.08918155267361))
(34.63463463463464 ((0 0 0)(7.090028420308428 7.388394163164421 43.81943779521749))
(34.73473473473474 ((0 0 0)(5.221155679671069 5.33606133231273 44.37641246007203))
(34.83483483483484 ((0 0 0)(3.282261637172898 3.3101171704023824 44.75790302129167))
(34.93493493493494 ((0 0 0)(1.299628090043065 1.3013349154909686 44.96240089525131))
(35.03503503503504 ((0 0 0)(-0.7002646589751939 -0.7005312110423927 44.98909740625773))
(35.13513513513514 ((0 0 0)(-2.6908620269670753 -2.7061323553683763 44.8378869844137))
(35.23523523523524 ((0 0 0)(-4.645649150218306 -4.725901112656467 44.50936758308825))
(35.33533533533534 ((0 0 0)(-6.5382704096201785 -6.769433135738242 44.00483831434284))
(35.43543543543544 ((0 0 0)(-8.342669840412471 -8.844890115372031 43.32629431166326))
(35.53553553553554 ((0 0 0)(-10.033266282101344 -10.958440136018993 42.476418840313485))
(35.63563563563564 ((0 0 0)(-11.585174570525492 -13.113751597765715 41.45857268650899))
(35.73573573573574 ((0 0 0)(-12.974480570957247 -15.31155697098189 40.276780867371045))
(35.83583583583584 ((0 0 0)(-14.178573548543673 -17.549302438525263 38.93571671421642))
(35.93593593593594 ((0 0 0)(-15.176534469782554 -19.820898784321965 37.440683392122565))
(36.03603603603604 ((0 0 0)(-15.94957357521085 -22.116587514107472 35.79759292885158))
(36.13613613613614 ((0 0 0)(-16.481505253984395 -24.422933980051805 34.012942836057455))
(36.23623623623624 ((0 0 0)(-16.75924321716307 -26.72295611587802 32.09379041523196))
(36.33633633633634 ((0 0 0)(-16.773294561461057 -28.99639323939791 30.047724849989283))
(36.43643643643644 ((0 0 0)(-16.518227892539183 -31.22011430543238 27.882837195053753))
(36.53653653653654 ((0 0 0)(-15.993088564137308 -33.36865915766505 25.60768838062584))
(36.63663663663664 ((0 0 0)(-15.201733558416235 -35.41490000027615 23.231275358648716))
(36.73673673673674 ((0 0 0)(-14.153059770102551 -37.33080384854828 20.76299552485431))
(36.83683683683684 ((0 0 0)(-12.861102536092556 -39.08827055102936 18.212609557272177))
(36.93693693693694 ((0 0 0)(-11.344986113991153 -40.66001557011386 15.590202818162552))
(37.03703703703704 ((0 0 0)(-9.628714255698872 -42.02046252527093 12.906145471999187))
(37.13713713713714 ((0 0 0)(-7.740796703823869 -43.146607957495405 10.171051477220155))
(37.23723723723724 ((0 0 0)(-5.7137158946771995 -44.01882018651343 7.3957366139088565))
(37.33733733733734 ((0 0 0)(-3.583246825390765 -44.62153569474277 4.591175713379183))
(37.43743743743744 ((0 0 0)(-1.3876513286692849 -44.943820216354396 1.7684592588059433))
(37.53753753753754 ((0 0 0)(0.8332247070948128 -44.97976749633386 -1.0612504714883912))
(37.63763763763764 ((0 0 0)(3.0389168806326574 -44.728716204923174 -3.8867635446537916))
(37.73773773773774 ((0 0 0)(5.189332520508504 -44.19527429115597 -6.696906623291086))
(37.83783783783784 ((0 0 0)(7.245726070166062 -43.389149567998025 -9.480567149807746))
(37.93793793793794 ((0 0 0)(9.171620957433104 -42.32479491083521 -12.226737290418495))
(38.03803803803804 ((0 0 0)(10.933642513785452 -41.02088548354205 -14.924557465026362))
(38.13813813813814 ((0 0 0)(12.50223180327708 -39.49965329415022 -17.563359290837624))
(38.23823823823824 ((0 0 0)(13.852217178321803 -37.786110637327155 -20.13270776990207))
(38.33833833833834 ((0 0 0)(14.963228472898226 -35.90719825564885 -22.6224425537425))
(38.43843843843844 ((0 0 0)(15.819947378206061 -33.89089616317077 -25.02271812189805))
(38.53853853853854 ((0 0 0)(16.412196111136854 -31.765335013047167 -27.32404271549998))
(38.63863863863864 ((0 0 0)(16.734874408936967 -29.55794380931877 -29.517315871912494))
(38.73873873873874 ((0 0 0)(16.787761673096494 -27.294665953668165 -31.593864412018096))
(38.83883883883884 ((0 0 0)(16.575206367058648 -24.99927047577897 -33.54547673782962))
(38.93893893893894 ((0 0 0)(16.10572830814716 -22.69277927527095 -35.364435304808374))
(39.03903903903904 ((0 0 0)(15.391561189786934 -20.39302477301089 -37.043547140472555))
(39.13913913913914 ((0 0 0)(14.448162567714524 -18.114345971523324 -38.5761722886142))
(39.23923923923924 ((0 0 0)(13.293716803910543 -15.867424937561081 -39.95625006664532))
(39.33933933933934 ((0 0 0)(11.948653337718017 -13.659260436345487 -41.178323032235355))
(39.43943943943944 ((0 0 0)(10.43519846154165 -11.493271056629842 -42.237558564470454))
(39.53953953953954 ((0 0 0)(8.776973868323594 -9.369516754208696 -43.12976797418889))
(39.63963963963964 ((0 0 0)(6.998649965166937 -7.2850252973504075 -43.85142306792371))
(39.73973973973974 ((0 0 0)(5.125656650680703 -5.23420852801541 -44.39967009995215))
(39.83983983983984 ((0 0 0)(3.183949238037739 -3.2093525048653535 -44.77234105727678))
(39.93993993993994 ((0 0 0)(1.1998227324832864 -1.201165279934175 -44.967962232915305))
(40.04004004004004 ((0 0 0)(-0.8002360468827019 0.8006339174267071 -44.98576005359402))
(40.14014014014014 ((0 0 0)(-2.789671813783193 2.806700141937863 -44.82566413880144))
(40.24024024024024 ((0 0 0)(-4.741974715038879 4.827438715195317 -44.48830757910402))
(40.34034034034034 ((0 0 0)(-6.630800543485322 6.872387525643649 -43.97502443262418))
(40.44044044044044 ((0 0 0)(-8.430112572749639 8.949621495892249 -43.28784444957995))
(40.54054054054054 ((0 0 0)(-10.114358766335602 11.065195230922493 -42.42948504574881))
(40.64064064064064 ((0 0 0)(-11.658695509333679 13.22264004559192 -41.40334055659457))
(40.74074074074074 ((0 0 0)(-13.039265464046906 15.422531635857917 -40.213468814553565))
(40.84084084084084 ((0 0 0)(-14.233532813086885 17.66214442689514 -38.86457510255681))
(40.94094094094094 ((0 0 0)(-15.220674227014054 19.93520790588093 -37.36199354724543))
(41.04104104104104 ((0 0 0)(-15.982018629929142 22.231778835683226 -35.71166602545825))
(41.14114114114114 ((0 0 0)(-16.50152353257455 24.53824098612635 -33.92011866740259))
(41.24124124124124 ((0 0 0)(-16.766270691596127 26.83744080524602 -31.994436049429655))
(41.34134134134134 ((0 0 0)(-16.76695948938366 29.108963254777155 -29.94223317846223))
(41.44144144144144 ((0 0 0)(-16.498373064281573 31.329546917370795 -27.771625378865508))
(41.54154154154154 ((0 0 0)(-15.959790181408186 33.47363161677713 -25.491196200840164))
(41.64164164164164 ((0 0 0)(-15.155315388211072 35.51402544860994 -23.109963477239308))
(41.74174174174174 ((0 0 0)(-14.094101327488604 37.42267166176113 -20.637343663042195))
(41.84184184184184 ((0 0 0)(-12.790440251377447 39.171489690764446 -18.08311459849424))
(41.94194194194194 ((0 0 0)(-11.263706726660526 40.733259284077924 -15.457376843173112))
(42.04204204204204 ((0 0 0)(-9.538140035569928 42.0825125632344 -12.770513733874553))
(42.14214214214214 ((0 0 0)(-7.642462508587563 43.19639639339551 -10.033150324273995))
(42.24224224224224 ((0 0 0)(-5.609338506432444 44.05546696296401 -7.256111368732009))
(42.34234234234234 ((0 0 0)(-3.4746874373991927 44.644380142109966 -4.450378516391215))
(42.44244244244244 ((0 0 0)(-1.276872446696916 44.952445041280896 -1.6270468848459658))
(42.54254254254254 ((0 0 0)(0.9442063560167576 44.97401407267922 1.202718814897792))
(42.64264264264264 ((0 0 0)(3.1480796004339564 44.70869041399321 4.027728428660936))
(42.74274274274275 ((0 0 0)(5.2946990971782455 44.16134262173238 6.836810609948324))
(42.84284284284285 ((0 0 0)(7.345411447541337 43.34192566959406 9.61885699642689))
(42.94294294294295 ((0 0 0)(9.263876270873553 42.26511726362681 12.362866137341392))
(43.04304304304305 ((0 0 0)(11.016893833265119 40.949787274540704 15.057986998149095))
(43.14314314314315 ((0 0 0)(12.575112249790571 39.41832594422778 17.693561870346755))
(43.24324324324325 ((0 0 0)(13.913591459930132 37.69586268669605 20.259168516795373))
(43.34334334334335 ((0 0 0)(15.012209310725709 35.80941147313254 22.744661385891135))
(43.44344344344345 ((0 0 0)(15.855903727595232 33.78698079248679 25.14021173159375))
(43.54354354354355 ((0 0 0)(16.4347534990611 31.656686011296063 27.43634648066881))
(43.64364364364365 ((0 0 0)(16.743908078802367 29.44589978050548 29.62398569343848))
(43.74374374374375 ((0 0 0)(16.783383530509624 27.180472251018738 31.69447846990727))
(43.84384384384385 ((0 0 0)(16.55774693975869 24.88404766253209 33.639637159276056))
(43.94394394394395 ((0 0 0)(16.075715061962043 22.577497817997944 35.45176973755896))
(44.04404404404405 ((0 0 0)(15.34969457917205 20.278486517390665 37.12371022527433))
(44.14414414414415 ((0 0 0)(14.395291149547011 18.001172638585732 38.64884702491924))
(44.24424424424425 ((0 0 0)(13.230812617451662 15.75605359552988 40.02114906617087))
(44.34434434434435 ((0 0 0)(11.876788566592849 13.549945661347373 41.23518965542641))
(44.44444444444445 ((0 0 0)(10.35552416215532 11.386093301437873 42.286167935365896))
(44.54454454454455 ((0 0 0)(8.690701291191061 9.264396299477324 43.16992786968172))
(44.64464464464465 ((0 0 0)(6.907034728664858 7.181741061615002 43.88297467789677))
(44.74474474474475 ((0 0 0)(5.0299857669130805 5.132420954658657 44.42248865528395))
(44.84484484484485 ((0 0 0)(3.0855307519961177 3.108629717514702 44.78633632323447))
(44.94494494494495 ((0 0 0)(1.0999775302751298 1.1010116924891855 44.973078865982615))
(45.04504504504505 ((0 0 0)(-0.900180867994299 -0.9007473434512288 44.98197782032447))
(45.14514514514515 ((0 0 0)(-2.888388734617813 -2.9073047902559326 44.81299799583028))
(45.24524524524525 ((0 0 0)(-4.838141524270514 -4.929037148406293 44.466807614003045))
(45.34534534534535 ((0 0 0)(-6.723106793432154 -6.9754230498013134 43.9447756658332))
(45.44544544544545 ((0 0 0)(-8.51726749479706 -9.05444925215283 43.24896649819813))
(45.54554554554555 ((0 0 0)(-10.195101273593975 -11.172055620143016 42.38213165051507))
(45.64564564564565 ((0 0 0)(-11.731806758109467 -13.331635299232637 41.347698973928814))
(45.74574574574575 ((0 0 0)(-13.103584246121255 -15.53360634363737 40.149759076060576))
(45.84584584584585 ((0 0 0)(-14.287973816562417 -17.77507080876853 38.793049144924076))
(45.94594594594595 ((0 0 0)(-15.264248946019821 -20.04957656314411 37.28293421597275))
(46.04604604604605 ((0 0 0)(-16.0138584365915 -22.34699562431461 35.625385956360766))
(46.14614614614615 ((0 0 0)(-16.52090416427258 -24.6535305180332 33.8269590503097))
(46.24624624624625 ((0 0 0)(-16.772637169970164 -26.951856896401296 31.894765278967608))
(46.34634634634635 ((0 0 0)(-16.75995029273295 -29.221406404235815 29.836445397258878))
(46.44644644644645 ((0 0 0)(-16.477842239021165 -31.438788623787655 27.66013891893399))
(46.54654654654655 ((0 0 0)(-15.92582601620173 -33.578345030524005 25.374451929307938))
(46.64664664664665 ((0 0 0)(-15.10825429761214 -35.61282153405802 22.988423052963434))
(46.74674674674675 ((0 0 0)(-14.034535706693733 -37.51413972596053 20.511487711003443))
(46.84684684684685 ((0 0 0)(-12.719219270010772 -39.25424084442553 17.953440809193744))
(46.94694694694695 ((0 0 0)(-11.181929320328644 -40.80597116199562 15.324398004540152))
(47.04704704704705 ((0 0 0)(-9.447139715068792 -42.143973466172305 12.634755703476683))
(47.14714714714715 ((0 0 0)(-7.5437840172481545 -43.24554694036458 9.895149949840778))
(47.24724724724725 ((0 0 0)(-5.5047067900121895 -44.09143737437554 7.116414365220253))
(47.34734734734735 ((0 0 0)(-3.3659698184992455 -44.66652141561996 4.309537307985229))
(47.44744744744745 ((0 0 0)(-1.166035286258948 -44.960352529980156 1.4856184204249763))
(47.54754754754755 ((0 0 0)(1.0551449030453592 -44.96754231768443 -1.34417526418139))
(47.64764764764765 ((0 0 0)(3.2570988944627457 -44.68795850055256 -4.16865348099141))
(47.74774774774775 ((0 0 0)(5.3998254227746525 -44.126729793310034 -6.976646984888949))
(47.84784784784785 ((0 0 0)(7.444765550067195 -43.29405741743288 -9.757051718657587))
(47.94794794794795 ((0 0 0)(9.355717162527545 -42.20484257783534 -12.498872723366967))
(48.04804804804805 ((0 0 0)(11.099657233636723 -40.87814816591026 -15.191267617340612))
(48.14814814814815 ((0 0 0)(12.647442342489114 -39.336520696872824 -17.823589471762187))
(48.24824824824825 ((0 0 0)(13.974365032088045 -37.60520455957821 -20.385428913374138))
(48.34834834834835 ((0 0 0)(15.060551767421584 -35.711284720809424 -22.866655287778784))
(48.44844844844845 ((0 0 0)(15.891196907893175 -33.68279591785367 -25.257456720556476))
(48.54854854854855 ((0 0 0)(16.456635634559824 -31.54783610001157 -27.548378917790046))
(48.64864864864865 ((0 0 0)(16.752266602706396 -29.333719610127215 -29.730362552553743))
(48.74874874874875 ((0 0 0)(16.778341743847466 -27.066201635524017 -31.794779089526934))
(48.84884884884885 ((0 0 0)(16.539645756572405 -24.768800206674474 -33.73346490606831))
(48.94894894894895 ((0 0 0)(16.045091179330026 -22.4622359393623 -35.53875357481468))
(49.04904904904905 ((0 0 0)(15.307256450113764 -20.164003270032175 -37.2035061801517))
(49.14914914914915 ((0 0 0)(14.341894082889894 -17.888080561312098 -38.72113954866487))
(49.24924924924925 ((0 0 0)(13.167434199541438 -15.644780526809654 -40.08565228194124))
(49.34934934934935 ((0 0 0)(11.80450541003128 -13.440737223243229 -41.291648488771536))
(49.44944944944945 ((0 0 0)(10.275490753569478 -11.279021563327456 -42.334359122907486))
(49.54954954954955 ((0 0 0)(8.604131451234528 -9.15937399004704 -43.209660841996076))
(49.64964964964965 ((0 0 0)(6.815185930473484 -7.07854060160912 -43.91409231311113))
(49.74974974974975 ((0 0 0)(4.93414630016611 -5.030697526583759 -44.44486790040648))
(49.84984984984985 ((0 0 0)(2.987009482621104 -3.0079475630754846 -44.79988868076036))
(49.94994994994995 ((0 0 0)(1.0000958023431696 -1.0008728240736962 -44.977750743852965))
(50.050050050050054 ((0 0 0)(-1.000095802343205 1.0008728240737315 -44.977750743852965))
(50.150150150150154 ((0 0 0)(-2.9870094826211373 3.00794756307552 -44.799888680760354))
(50.250250250250254 ((0 0 0)(-4.93414630016625 5.030697526583912 -44.44486790040642))
(50.350350350350354 ((0 0 0)(-6.815185930473625 7.0785406016092685 -43.91409231311111))
(50.450450450450454 ((0 0 0)(-8.604131451234558 9.15937399004708 -43.209660841996055))
(50.550550550550554 ((0 0 0)(-10.275490753569507 11.279021563327492 -42.334359122907465))
(50.650650650650654 ((0 0 0)(-11.80450541003131 13.440737223243264 -41.291648488771514))
(50.750750750750754 ((0 0 0)(-13.167434199541459 15.644780526809692 -40.08565228194122))
(50.850850850850854 ((0 0 0)(-14.341894082889914 17.88808056131214 -38.72113954866485))
(50.950950950950954 ((0 0 0)(-15.307256450113778 20.16400327003222 -37.20350618015167))
(51.051051051051054 ((0 0 0)(-16.045091179330107 22.462235939362444 -35.53875357481465))
(51.151151151151154 ((0 0 0)(-16.53964575657241 24.76880020667452 -33.73346490606828))
(51.251251251251254 ((0 0 0)(-16.77834174384753 27.066201635524155 -31.794779089526894))
(51.351351351351354 ((0 0 0)(-16.752266602706392 29.333719610127254 -29.7303625525537))
(51.451451451451454 ((0 0 0)(-16.456635634559905 31.54783610001145 -27.548378917790256))
(51.551551551551555 ((0 0 0)(-15.891196907893201 33.68279591785379 -25.25745672055643))
(51.651651651651655 ((0 0 0)(-15.060551767421565 35.71128472080946 -22.866655287778734))
(51.751751751751755 ((0 0 0)(-13.974365032088043 37.60520455957831 -20.38542891337409))
(51.851851851851855 ((0 0 0)(-12.647442342489088 39.33652069687285 -17.823589471762137))
(51.951951951951955 ((0 0 0)(-11.099657233636705 40.87814816591034 -15.191267617340563))
(52.052052052052055 ((0 0 0)(-9.355717162527508 42.204842577835365 -12.498872723366913))
(52.152152152152155 ((0 0 0)(-7.444765550067156 43.2940574174329 -9.757051718657534))
(52.252252252252255 ((0 0 0)(-5.3998254227746125 44.12672979331007 -6.976646984888894))
(52.352352352352355 ((0 0 0)(-3.257098894462704 44.68795850055257 -4.168653480991355))
(52.452452452452455 ((0 0 0)(-1.0551449030453162 44.96754231768443 -1.344175264181335))
(52.552552552552555 ((0 0 0)(1.166035286258991 44.96035252998015 1.4856184204250311))
(52.652652652652655 ((0 0 0)(3.3659698184990408 44.66652141561998 4.309537307984965))
(52.752752752752755 ((0 0 0)(5.504706790012229 44.091437374375516 7.116414365220308))
(52.852852852852855 ((0 0 0)(7.543784017248194 43.245546940364555 9.895149949840834))
(52.952952952952955 ((0 0 0)(9.447139715068817 42.14397346617224 12.634755703476737))
(53.053053053053056 ((0 0 0)(11.181929320328674 40.80597116199559 15.324398004540203))
(53.153153153153156 ((0 0 0)(12.719219270010777 39.25424084442544 17.953440809193793))
(53.253253253253256 ((0 0 0)(14.03453570669376 37.514139725960504 20.511487711003493))
(53.353353353353356 ((0 0 0)(15.10825429761202 35.612821534058135 22.98842305296321))
(53.453453453453456 ((0 0 0)(15.925826016201704 33.578345030523884 25.374451929307984))
(53.553553553553556 ((0 0 0)(16.477842239021175 31.438788623787612 27.66013891893403))
(53.653653653653656 ((0 0 0)(16.7599502927329 29.221406404235676 29.836445397258924))
(53.753753753753756 ((0 0 0)(16.772637169970164 26.951856896401253 31.894765278967647))
(53.853853853853856 ((0 0 0)(16.520904164272512 24.65353051803306 33.826959050309746))
(53.953953953953956 ((0 0 0)(16.013858436591494 22.346995624314566 35.6253859563608))
(54.054054054054056 ((0 0 0)(15.264248946019801 20.049576563144065 37.28293421597278))
(54.154154154154156 ((0 0 0)(14.287973816562314 17.775070808768373 38.79304914492411))
(54.254254254254256 ((0 0 0)(13.103584246121232 15.533606343637329 40.149759076060604))
(54.354354354354356 ((0 0 0)(11.731806758109341 13.331635299232492 41.347698973928836))
(54.454454454454456 ((0 0 0)(10.195101273593947 11.172055620142979 42.382131650515085))
(54.55455455455456 ((0 0 0)(8.517267494797123 9.054449252152917 43.24896649819806))
(54.65465465465466 ((0 0 0)(6.723106793432123 6.97542304980128 43.944775665833205))
(54.75475475475476 ((0 0 0)(4.838141524270481 4.929037148406257 44.46680761400305))
(54.85485485485486 ((0 0 0)(2.8883887346176667 2.9073047902557834 44.81299799583029))
(54.95495495495496 ((0 0 0)(0.9001808679942641 0.9007473434511936 44.981977820324474))
(55.05505505505506 ((0 0 0)(-1.0999775302752774 -1.1010116924893343 44.97307886598261))
(55.15515515515516 ((0 0 0)(-3.085530751996153 -3.1086297175147375 44.78633632323447))
(55.25525525525526 ((0 0 0)(-5.029985766913008 -5.132420954658574 44.422488655284))
(55.35535535535536 ((0 0 0)(-6.907034728664997 -7.18174106161515 43.882974677896755))
(55.45545545545546 ((0 0 0)(-8.690701291191091 -9.26439629947736 43.16992786968171))
(55.55555555555556 ((0 0 0)(-10.355524162155449 -11.386093301438022 42.286167935365874))
(55.65565565565566 ((0 0 0)(-11.876788566592879 -13.54994566134741 41.235189655426396))
(55.75575575575576 ((0 0 0)(-13.230812617451772 -15.756053595530027 40.02114906617084))
(55.85585585585586 ((0 0 0)(-14.395291149547033 -18.001172638585775 38.64884702491922))
(55.95595595595596 ((0 0 0)(-15.349694579172048 -20.27848651739055 37.12371022527448))
(56.05605605605606 ((0 0 0)(-16.07571506196213 -22.577497817998086 35.45176973755893))
(56.15615615615616 ((0 0 0)(-16.557746939758697 -24.88404766253213 33.63963715927602))
(56.25625625625626 ((0 0 0)(-16.78338353050968 -27.180472251018873 31.694478469907228))
(56.35635635635636 ((0 0 0)(-16.743908078802363 -29.445899780505517 29.62398569343844))
(56.45645645645646 ((0 0 0)(-16.43475349906118 -31.656686011295943 27.43634648066902))
(56.55655655655656 ((0 0 0)(-15.855903727595217 -33.78698079248682 25.140211731593705))
(56.65665665665666 ((0 0 0)(-15.012209310725689 -35.80941147313258 22.744661385891085))
(56.75675675675676 ((0 0 0)(-13.913591459930135 -37.69586268669616 20.259168516795324))
(56.85685685685686 ((0 0 0)(-12.575112249790541 -39.41832594422782 17.693561870346702))
(56.95695695695696 ((0 0 0)(-11.016893833265101 -40.94978727454078 15.057986998149046))
(57.05705705705706 ((0 0 0)(-9.263876270873515 -42.265117263626834 12.362866137341339))
(57.15715715715716 ((0 0 0)(-7.345411447541527 -43.341925669594005 9.61885699642715))
(57.25725725725726 ((0 0 0)(-5.294699097178206 -44.16134262173241 6.836810609948269))
(57.35735735735736 ((0 0 0)(-3.148079600434161 -44.708690413993175 4.0277284286612))
(57.45745745745746 ((0 0 0)(-0.9442063560167145 -44.974014072679225 1.202718814897737))
(57.55755755755756 ((0 0 0)(1.2768724466967085 -44.9524450412809 -1.6270468848457014))
(57.65765765765766 ((0 0 0)(3.4746874373992345 -44.64438014210996 -4.45037851639127))
(57.75775775775776 ((0 0 0)(5.609338506432245 -44.05546696296405 -7.256111368731748))
(57.85785785785786 ((0 0 0)(7.6424625085873785 -43.1963963933956 -10.033150324273738))
(57.95795795795796 ((0 0 0)(9.538140035569748 -42.082512563234474 -12.770513733874301))
(58.05805805805806 ((0 0 0)(11.26370672666036 -40.73325928407801 -15.457376843172863))
(58.15815815815816 ((0 0 0)(12.790440251377474 -39.17148969076442 -18.08311459849429))
(58.25825825825826 ((0 0 0)(14.094101327488469 -37.422671661761235 -20.63734366304196))
(58.35835835835836 ((0 0 0)(15.15531538821098 -35.514025448610134 -23.109963477239077))
(58.45845845845846 ((0 0 0)(15.959790181408088 -33.47363161677726 -25.491196200839944))
(58.55855855855856 ((0 0 0)(16.498373064281537 -31.329546917371005 -27.771625378865302))
(58.65865865865866 ((0 0 0)(16.76695948938359 -29.108963254777265 -29.942233178462033))
(58.75875875875876 ((0 0 0)(16.766270691596088 -26.837440805246136 -31.99443604942947))
(58.85885885885886 ((0 0 0)(16.501523532574545 -24.538240986126308 -33.920118667402626))
(58.95895895895896 ((0 0 0)(15.982018629929126 -22.231778835683336 -35.711666025458086))
(59.05905905905906 ((0 0 0)(15.22067422701414 -19.93520790588115 -37.361993547245284))
(59.15915915915916 ((0 0 0)(14.233532813086903 -17.662144426895246 -38.86457510255668))
(59.25925925925926 ((0 0 0)(13.039265464047032 -15.422531635858126 -40.21346881455345))
(59.35935935935936 ((0 0 0)(11.658695509333652 -13.22264004559188 -41.40334055659459))
(59.45945945945946 ((0 0 0)(10.114358766335656 -11.065195230922585 -42.42948504574873))
(59.55955955955956 ((0 0 0)(8.430112572749607 -8.949621495892213 -43.287844449579964))
(59.65965965965966 ((0 0 0)(6.630800543485391 -6.872387525643735 -43.975024432624124))
(59.75975975975976 ((0 0 0)(4.7419747150390625 -4.827438715195511 -44.48830757910398))
(59.85985985985987 ((0 0 0)(2.789671813783269 -2.806700141937941 -44.82566413880143))
(59.95995995995997 ((0 0 0)(0.8002360468825538 -0.800633917426559 -44.98576005359402))
(60.06006006006007 ((0 0 0)(-1.1998227324833215 1.20116527993421 -44.967962232915305))
(60.16016016016017 ((0 0 0)(-3.183949238037886 3.209352504865502 -44.77234105727678))
(60.26026026026027 ((0 0 0)(-5.125656650680737 5.2342085280154445 -44.39967009995214))
(60.36036036036037 ((0 0 0)(-6.9986499651670755 7.285025297350557 -43.8514230679237))
(60.46046046046047 ((0 0 0)(-8.776973868323626 9.369516754208732 -43.12976797418887))
(60.56056056056057 ((0 0 0)(-10.435198461541601 11.493271056629748 -42.23755856447055))
(60.66066066066067 ((0 0 0)(-11.94865333771814 13.65926043634564 -41.178323032235326))
(60.76076076076077 ((0 0 0)(-13.29371680391057 15.867424937561122 -39.956250066645296))
(60.86086086086087 ((0 0 0)(-14.448162567714629 18.114345971523473 -38.576172288614174))
(60.96096096096097 ((0 0 0)(-15.391561189786946 20.39302477301093 -37.043547140472526))
(61.06106106106107 ((0 0 0)(-16.105728308147174 22.692779275270833 -35.36443530480854))
(61.16116116116117 ((0 0 0)(-16.575206367058655 24.999270475779017 -33.54547673782958))
(61.26126126126127 ((0 0 0)(-16.787761673096494 27.294665953668208 -31.593864412018057))
(61.36136136136137 ((0 0 0)(-16.734874408937014 29.557943809318907 -29.51731587191245))
(61.46146146146147 ((0 0 0)(-16.412196111136844 31.765335013047203 -27.32404271549994))
(61.56156156156157 ((0 0 0)(-15.819947378206084 33.890896163170886 -25.022718121898002))
(61.66166166166167 ((0 0 0)(-14.963228472898209 35.907198255648886 -22.622442553742452))
(61.76176176176177 ((0 0 0)(-13.852217178321942 37.786110637327056 -20.132707769902304))
(61.86186186186187 ((0 0 0)(-12.502231803277068 39.499653294150306 -17.56335929083757))
(61.96196196196197 ((0 0 0)(-10.93364251378542 41.02088548354208 -14.924557465026309))
(62.06206206206207 ((0 0 0)(-9.171620957433078 42.32479491083527 -12.226737290418441))
(62.16216216216217 ((0 0 0)(-7.245726070166023 43.38914956799805 -9.480567149807692))
(62.26226226226227 ((0 0 0)(-5.189332520508466 44.19527429115601 -6.696906623291031))
(62.36236236236237 ((0 0 0)(-3.0389168806326157 44.72871620492319 -3.886763544653737))
(62.46246246246247 ((0 0 0)(-0.8332247070950205 44.97976749633386 -1.0612504714886557))
(62.56256256256257 ((0 0 0)(1.3876513286693275 44.94382021635439 1.7684592588059982))
(62.66266266266267 ((0 0 0)(3.583246825390808 44.62153569474277 4.591175713379238))
(62.76276276276277 ((0 0 0)(5.713715894677239 44.01882018651339 7.395736613908912))
(62.86286286286287 ((0 0 0)(7.740796703823907 43.146607957495384 10.171051477220209))
(62.96296296296297 ((0 0 0)(9.628714255698691 42.020462525271 12.906145471998931))
(63.06306306306307 ((0 0 0)(11.344986113991183 40.660015570113835 15.590202818162604))
(63.16316316316317 ((0 0 0)(12.861102536092583 39.088270551029325 18.212609557272227))
(63.26326326326327 ((0 0 0)(14.153059770102553 37.33080384854818 20.76299552485436))
(63.36336336336337 ((0 0 0)(15.201733558416253 35.41490000027612 23.23127535864876))
(63.46346346346347 ((0 0 0)(15.993088564137283 33.36865915766493 25.60768838062589))
(63.56356356356357 ((0 0 0)(16.518227892539198 31.220114305432343 27.8828371950538))
(63.66366366366367 ((0 0 0)(16.773294561460997 28.996393239398035 30.047724849989088))
(63.76376376376377 ((0 0 0)(16.759243217163007 26.72295611587788 32.093790415232))
(63.86386386386387 ((0 0 0)(16.481505253984388 24.422933980051766 34.01294283605749))
(63.96396396396397 ((0 0 0)(15.94957357521077 22.11658751410733 35.797592928851614))
(64.06406406406407 ((0 0 0)(15.176534469782542 19.820898784321926 37.440683392122594))
(64.16416416416416 ((0 0 0)(14.178573548543694 17.549302438525366 38.93571671421629))
(64.26426426426427 ((0 0 0)(12.974480570957223 15.311556970981856 40.27678086737106))
(64.36436436436436 ((0 0 0)(11.585174570525535 13.113751597765807 41.45857268650889))
(64.46446446446447 ((0 0 0)(10.033266282101215 10.958440136018844 42.47641884031351))
(64.56456456456456 ((0 0 0)(8.34266984041244 8.844890115371994 43.326294311663275))
(64.66466466466467 ((0 0 0)(6.538270409620038 6.769433135738094 44.004838314342855))
(64.76476476476476 ((0 0 0)(4.64564915021849 4.72590111265666 44.50936758308821))
(64.86486486486487 ((0 0 0)(2.6908620269669288 2.706132355368228 44.83788698441371))
(64.96496496496496 ((0 0 0)(0.7002646589753846 0.7005312110425838 44.98909740625772))
(65.06506506506507 ((0 0 0)(-1.2996280900430996 -1.3013349154910037 44.9624008952513))
(65.16516516516516 ((0 0 0)(-3.282261637172822 -3.3101171704023025 44.757903021291696))
(65.26526526526527 ((0 0 0)(-5.221155679671104 -5.336061332312767 44.376412460072025))
(65.36536536536536 ((0 0 0)(-7.0900284203083626 -7.388394163164335 43.81943779521755))
(65.46546546546547 ((0 0 0)(-8.862946040896395 -9.474735911723055 43.089181552673594))
(65.56556556556556 ((0 0 0)(-10.514510620312986 -11.600555032131895 42.18853149093729))
(65.66566566566567 ((0 0 0)(-12.020096841876944 -13.768681350024975 41.12104918157338))
(65.76576576576576 ((0 0 0)(-13.35614407402375 -15.978893918219427 39.89095592517448))
(65.86586586586587 ((0 0 0)(-14.500505902422548 -18.22759946791673 38.50311605845706))
(65.96596596596596 ((0 0 0)(-15.432854155421401 -20.507616481657415 36.96301771850817))
(66.06606606606607 ((0 0 0)(-16.135129161543926 -22.808078304177553 35.27675114024537))
(66.16616616616616 ((0 0 0)(-16.592022714793465 -25.11446621639194 33.45098457291637))
(66.26626626626627 ((0 0 0)(-16.791475340743844 -27.408779936789855 31.49293791086854))
(66.36636636636636 ((0 0 0)(-16.72516530955986 -29.669848576605098 29.410354142873278))
(66.46646646646647 ((0 0 0)(-16.388963779931647 -31.873779751053846 27.211468732896464))
(66.56656656656656 ((0 0 0)(-15.783328794456132 -33.99453853393733 24.904977053407322))
(66.66666666666667 ((0 0 0)(-14.913610831601662 -36.00464153360695 22.50000000000004))
(66.76676676676676 ((0 0 0)(-13.79024440716002 -37.87594494769677 20.00604792331153))
(66.86686686686687 ((0 0 0)(-12.428803844594913 -39.58049946611494 17.43298302085618))
(66.96696696696696 ((0 0 0)(-10.849906697508793 -41.09143980576581 14.790980337505724))
(67.06706706706707 ((0 0 0)(-9.078955163732457 -42.383872928865564 12.090487528826705))
(67.16716716716716 ((0 0 0)(-7.145713798191304 -43.43572701014384 9.342183546398568))
(67.26726726726727 ((0 0 0)(-5.08373041460309 -44.22852326278594 6.556936408479415))
(67.36736736736736 ((0 0 0)(-2.929615688053655 -44.74803495430753 3.7457602230231295))
(67.46746746746747 ((0 0 0)(-0.7222050208521703 -44.984802323129195 0.9197716329861907))
(67.56756756756756 ((0 0 0)(1.4983668800684238 -44.934478452987776 -1.909854143826367))
(67.66766766766767 ((0 0 0)(3.6916430663722335 -44.59798911995047 -4.7319275065543))
(67.76776776776777 ((0 0 0)(5.817834292762397 -43.98149870171564 -7.535288719945825))
(67.86786786786787 ((0 0 0)(7.8387823031710635 -43.09618383939976 -10.308852044924777))
(67.96796796796797 ((0 0 0)(9.718858531914885 -41.957826029948066 -13.04164957653885))
(68.06806806806807 ((0 0 0)(11.42576417186624 -40.5862430744728 -15.722874615944267))
(68.16816816816817 ((0 0 0)(12.931203404236022 -39.004586751342906 -18.34192440490468))
(68.26826826826827 ((0 0 0)(14.21140894209845 -37.23853977325804 -20.888442053822992))
(68.36836836836838 ((0 0 0)(15.247507359703901 -35.315448724672684 -23.352357497494488))
(68.46846846846847 ((0 0 0)(16.02572035670146 -33.263431128755435 -25.7239273166316))
(68.56856856856858 ((0 0 0)(16.537406536266126 -31.110494102339537 -27.993773267685018))
(68.66866866866867 ((0 0 0)(16.77895590595049 -28.88369942125133 -30.152919368594663))
(68.76876876876878 ((0 0 0)(16.7515556806885 -26.608405564187482 -32.1928273938234))
(68.86886886886887 ((0 0 0)(16.46085074364609 -24.307611848376986 -34.10543063830224))
(68.96896896896898 ((0 0 0)(15.916525107832783 -22.001423577971185 -35.88316581677847))
(69.06906906906907 ((0 0 0)(15.131831867418857 -19.706650661447302 -37.51900297241176))
(69.16916916916918 ((0 0 0)(14.123098512425331 -17.436545843403664 -39.00647327635772))
(69.26926926926927 ((0 0 0)(12.90923229514202 -15.200682894242393 -40.33969460839715))
(69.36936936936938 ((0 0 0)(11.511246856706881 -13.004970070459375 -41.51339481746114))
(69.46946946946947 ((0 0 0)(9.951826877301482 -10.851790057222239 -42.52293257006377))
(69.56956956956958 ((0 0 0)(8.254942457475792 -8.740254488854255 -43.36431570420344))
(69.66966966966967 ((0 0 0)(6.445519623803769 -6.666558974003196 -44.034217016148894))
(69.76976976976978 ((0 0 0)(4.54916810943937 -4.624423217311102 -44.52998741768577))
(69.86986986986987 ((0 0 0)(2.5919626820309785 -2.6056001623492495 -44.84966641179089))
(69.96996996996998 ((0 0 0)(0.6002700245156094 -0.6004378877728648 -44.991989845311295))
(70.07007007007007 ((0 0 0)(-1.3993902844482446 1.401521925893138 -44.95639490798871))
(70.17017017017018 ((0 0 0)(-3.380464647002023 3.4109249531947734 -44.743022358062085))
(70.27027027027027 ((0 0 0)(-5.3164795841697705 5.437980443304059 -44.35271596564691))
(70.37037037037038 ((0 0 0)(-7.181166877651716 7.49184850006095 -43.78701917609206))
(70.47047047047047 ((0 0 0)(-8.948614671862941 9.580054313076559 -43.048169006509724))
(70.57057057057058 ((0 0 0)(-10.59345761354855 11.70794541212916 -42.139087199612625))
(70.67067067067067 ((0 0 0)(-12.091116206203003 13.878208183072474 -41.06336866984244))
(70.77077077077078 ((0 0 0)(-13.418091754078047 16.090459880321948 -39.82526728747587))
(70.87087087087087 ((0 0 0)(-14.552318732696998 18.340932012402 -38.429679056927434))
(70.97097097097098 ((0 0 0)(-15.473571366564565 20.62226006509594 -36.882122755765906))
(71.07107107107107 ((0 0 0)(-16.163915885966745 22.923392875733587 -35.18871811101055))
(71.17117117117118 ((0 0 0)(-16.608194682529824 25.229632434270606 -33.356161599002846))
(71.27127127127127 ((0 0 0)(-16.79452372872064 27.52281137639525 -31.391699964557688))
(71.37137137137138 ((0 0 0)(-16.714780525767704 29.78161094869227 -29.30310156410329))
(71.47147147147147 ((0 0 0)(-16.36505684520588 31.98201686172018 -27.098625646143564))
(71.57157157157158 ((0 0 0)(-15.7460489429507 34.0979044043619 -24.786989690505017))
(71.67167167167167 ((0 0 0)(-14.863357996785385 36.10173777315906 -22.377334935542688))
(71.77177177177178 ((0 0 0)(-13.727675398084367 37.96536216052578 -19.879190229608184))
(71.87187187187187 ((0 0 0)(-12.354831245570878 39.66086119168844 -17.302434349740775))
(71.97197197197198 ((0 0 0)(-10.765689834331804 41.16144727151907 -14.657256936579968))
(72.07207207207207 ((0 0 0)(-8.98588285529495 42.442348749469545 -11.954118199989457))
(72.17217217217218 ((0 0 0)(-7.045379031379062 43.48165592006934 -9.203707554725133))
(72.27227227227228 ((0 0 0)(-4.977897515573622 44.2610880276602 -6.416901349729665))
(72.37237237237238 ((0 0 0)(-2.820180984166562 44.766645775179946 -3.6047198582011117))
(72.47247247247248 ((0 0 0)(-0.6111523641987648 44.98911832068221 -0.7782836985259112))
(72.57257257257258 ((0 0 0)(1.6090140526792174 44.924420181950715 2.051230141602762))
(72.67267267267268 ((0 0 0)(3.799871254208002 44.57374149578081 4.872632503970585))
(72.77277277277278 ((0 0 0)(5.9216890543491845 43.94350419436518 7.674766306762022))
(72.87287287287288 ((0 0 0)(7.936415027553145 43.0451262714119 10.446550664627624))
(72.97297297297298 ((0 0 0)(9.808569045661198 41.89460577611256 13.177024707444799))
(73.07307307307308 ((0 0 0)(11.506037618161223 40.511944867673634 15.855390924478298))
(73.17317317317318 ((0 0 0)(13.000740166556747 38.9204416285324 18.471057862550197))
(73.27327327327328 ((0 0 0)(14.269146783012312 37.14588292791381 21.01368200936161))
(73.37337337337338 ((0 0 0)(15.29263537582029 35.215675156949374 23.47320869635051))
(73.47347347347348 ((0 0 0)(16.057684783048142 33.15795099987963 25.83991185932805))
(73.57357357357358 ((0 0 0)(16.555908838118285 31.000689611931666 28.10443249967139))
(73.67367367367368 ((0 0 0)(16.783943947900827 28.770884848808254 30.257815693971292))
(73.77377377377378 ((0 0 0)(16.7432090416294 26.49379186798682 32.29154600579061))
(73.87387387387388 ((0 0 0)(16.439561439188918 24.19227691903222 34.197581159491236))
(73.97397397397398 ((0 0 0)(15.882875082562586 21.886288923340942 35.96838384297733))
(74.07407407407408 ((0 0 0)(15.086568629270651 19.59246497711977 37.596951513582034))
(74.17417417417418 ((0 0 0)(14.067110207493132 17.323875618210284 39.076844089243174))
(74.27427427427428 ((0 0 0)(12.843523375412149 15.089909928656509 40.4022094154549))
(74.37437437437438 ((0 0 0)(11.436915290987244 12.896295557733684 41.56780640729504))
(74.47447447447448 ((0 0 0)(9.870043614355216 10.745244697883617 42.56902577500838))
(74.57457457457458 ((0 0 0)(8.166933587923872 8.635713978906313 43.40190825119284))
(74.67467467467468 ((0 0 0)(6.352551420922695 6.5637641218415 44.0631602475056))
(74.77477477477478 ((0 0 0)(4.452534874169901 4.52300389668055 44.55016687897939))
(74.87487487487488 ((0 0 0)(2.4929770878103863 2.5051022894298693 44.86100230444194))
(74.97497497497498 ((0 0 0)(0.5002554639907718 0.5003526097215826 44.99443734215033))
(75.07507507507508 ((0 0 0)(-1.4991059976458798 -1.5017276353298352 44.94994433052291))
(75.17517517517518 ((0 0 0)(-3.4785549663393076 -3.511777085915188 44.72769921474833))
(75.27527527527528 ((0 0 0)(-5.41162509659658 -5.539966926658078 44.32858085102006))
(75.37537537537538 ((0 0 0)(-7.272062124056531 -7.595389135533786 43.75416753114701))
(75.47547547547548 ((0 0 0)(-9.033976628947006 -9.685472482756136 43.00673074128531))
(75.57557557557558 ((0 0 0)(-10.67203642292035 -11.81544236164391 42.08922617946942))
(75.67567567567568 ((0 0 0)(-12.161708566611129 -13.98784069498787 41.005282067466155))
(75.77577577577578 ((0 0 0)(-13.479557181674767 -16.202122144134258 39.75918480316866))
(75.87587587587588 ((0 0 0)(-14.603598651707305 -18.454342466447695 38.35586201027061))
(75.97597597597598 ((0 0 0)(-15.513710730886272 -20.736953922122403 36.80086305224593))
(76.07607607607608 ((0 0 0)(-16.19208676554276 -23.03872093904839 35.10033708769464))
(76.17617617617618 ((0 0 0)(-16.623720993229835 -25.344766659351155 33.26100875382909))
(76.27627627627628 ((0 0 0)(-16.796906058564883 -27.636757431350667 31.290151574264286))
(76.37637637637638 ((0 0 0)(-16.703719831417814 -29.89322777839438 29.195559196263616))
(76.47647647647648 ((0 0 0)(-16.340475677416684 -32.09004297229863 26.985514571187714))
(76.57657657657658 ((0 0 0)(-15.708108822213063 -34.20099026982072 24.668757200011992))
(76.67667667667668 ((0 0 0)(-14.812471610682191 -36.19848344163614 22.254448573450013))
(76.77677677677679 ((0 0 0)(-13.664512434425385 -38.054358825310075 19.75213594333489))
(76.87687687687688 ((0 0 0)(-12.280316908107624 -39.740735214804694 17.171714568534817))
(76.97697697697699 ((0 0 0)(-10.680995401580871 -41.23090492882166 14.523388584689183))
(77.07707707707708 ((0 0 0)(-8.892408021437717 -42.50021982697339 11.817630652512783))
(77.17717717717719 ((0 0 0)(-6.944726188758369 -43.52693424853828 9.065140544227653))
(77.27727727727728 ((0 0 0)(-4.871838573528037 -44.2929671067873 6.276802831899602))
(77.37737737737739 ((0 0 0)(-2.7106177386179735 -44.78454781272398 3.463643844988941))
(77.47747747747748 ((0 0 0)(-0.500071806073694 -44.99271528976742 0.6367880673342988))
(77.57757757757759 ((0 0 0)(1.7195878024855717 -44.91364586695582 -2.1925858540147267))
(77.67767767767768 ((0 0 0)(3.9079264930241058 -44.54879393179796 -5.013289314144998))
(77.77777777777779 ((0 0 0)(6.025275549011548 -43.90483837920618 -7.814167995011775))
(77.87787787787788 ((0 0 0)(8.033690618838369 -42.99343751120205 -10.584145974576828))
(77.97797797797799 ((0 0 0)(9.897842003553563 -41.830804483554495 -13.312269525942067))
(78.07807807807808 ((0 0 0)(11.585803199223063 -40.43712403612037 -15.987750433262544))
(78.17817817817819 ((0 0 0)(13.069710164561895 -38.835838529851614 -18.600008653160284))
(78.27827827827828 ((0 0 0)(14.326271264391815 -37.052836809344576 -21.13871415292657))
(78.37837837837839 ((0 0 0)(15.337116222771844 -35.115582831516235 -23.59382776007547))
(78.47847847847848 ((0 0 0)(16.088981098705695 -33.052222234879224 -25.95564086170177))
(78.57857857857859 ((0 0 0)(16.57373467084429 -30.890704127294537 -28.214813796663606))
(78.67867867867868 ((0 0 0)(16.788259140303502 -28.657952555667443 -30.36241278876114))
(78.77877877877879 ((0 0 0)(16.734204284740503 -26.37911772685983 -32.38994527486946))
(78.87887887887888 ((0 0 0)(16.417638800574093 -24.07693149920536 -34.289393488314325))
(78.97897897897899 ((0 0 0)(15.848625373381875 -21.771185423904033 -36.053246164696205))
(79.07907907907908 ((0 0 0)(15.040746980786201 -19.4783431480672 -37.67452824477184))
(79.17917917917919 ((0 0 0)(14.010611149632506 -17.211292716583156 -39.14682845695015))
(79.27927927927928 ((0 0 0)(12.777356560969832 -14.979238575086939 -40.464324670312564))
(79.37937937937939 ((0 0 0)(11.362182804450278 -12.787728133100371 -41.62180691791462))
(79.47947947947948 ((0 0 0)(9.787919561595507 -10.63880374304036 -42.61469799931479))
(79.57957957957959 ((0 0 0)(8.07864639995704 -8.53126793254863 -43.43907158086515))
(79.67967967967968 ((0 0 0)(6.25936903872165 -6.46104764830865 -44.0916677221828))
(79.77977977977979 ((0 0 0)(4.355752727665547 -4.421642009466972 -44.569905767407114))
(79.87987987987988 ((0 0 0)(2.3939085540747476 -2.4046374580978345 -44.871894550262084))
(79.97997997997999 ((0 0 0)(0.4002242980944691 -0.40027403781545223 -44.99643987257065))
(80.08008008008008 ((0 0 0)(-1.5987719120725197 1.601953365251411 -44.943049226646025))
(80.18018018018019 ((0 0 0)(-3.576529295254282 3.6126747946509243 -44.711933742886615))
(80.28028028028028 ((0 0 0)(-5.506588951557554 5.642021837780701 -44.30400735487244))
(80.38038038038039 ((0 0 0)(-7.362710949746826 7.699016883405224 -43.720883185264235))
(80.48048048048048 ((0 0 0)(-9.119028784725362 9.790990928538031 -42.964867166798484))
(80.58058058058059 ((0 0 0)(-10.750244036795406 11.923046026422055 -42.03894892360141))
(80.68068068068068 ((0 0 0)(-12.231871067916146 14.09757862399922 -40.94678994888414))
(80.78078078078079 ((0 0 0)(-13.540537705865649 16.31388000732275 -39.69270912576651))
(80.88088088088088 ((0 0 0)(-14.65434326691381 18.56782966834453 -38.281665648490346))
(80.98098098098099 ((0 0 0)(-15.553270173393067 20.851696428596778 -36.71923941155493))
(81.08108108108108 ((0 0 0)(-16.219640104868216 23.15406042140075 -35.011608944329836))
(81.18118118118119 ((0 0 0)(-16.638600393401717 25.459866401730974 -33.1655269783959))
(81.28128128128128 ((0 0 0)(-16.798621578218732 27.750615243538984 -31.188293744237907))
(81.38138138138139 ((0 0 0)(-16.691983029238962 30.004695905217158 -29.08772810287951))
(81.48148148148148 ((0 0 0)(-16.315220677797264 32.197854701124804 -26.872136626625633))
(81.58158158158159 ((0 0 0)(-15.669509462723134 34.303792621753274 -24.550280751172252))
(81.68168168168168 ((0 0 0)(-14.760953347802054 36.29487500782448 -22.131342128990113))
(81.78178178178179 ((0 0 0)(-13.600757831146884 38.14293149860412 -19.624886320977577))
(81.88188188188188 ((0 0 0)(-12.205263764075571 39.82011829203999 -17.04082496997396))
(81.98198198198199 ((0 0 0)(-10.59582690385221 41.299809843663475 -14.389376605706076))
(82.08208208208208 ((0 0 0)(-8.798534675065374 42.55748363850403 -11.68102623617187))
(82.18218218218219 ((0 0 0)(-6.843759708376814 43.57155997322623 -8.926483885245572))
(82.28228228228228 ((0 0 0)(-4.765558352290785 44.324159051281896 -6.1366422404746235))
(82.38238238238239 ((0 0 0)(-2.600930928926081 44.801740244352594 -3.3225335785381818))
(82.48248248248248 ((0 0 0)(-0.38896841713104974 44.99559306433546 -0.49528613871299204))
(82.58258258258259 ((0 0 0)(1.8300830899833103 44.9021560046154 2.33391988314465))
(82.68268268268268 ((0 0 0)(4.015803897502267 44.52314756898036 5.153896546070992))
(82.78278278278279 ((0 0 0)(6.128589162506667 43.86550299977524 7.953492406101523))
(82.88288288288288 ((0 0 0)(8.130604840070871 42.941119841604575 10.72163661404213))
(82.98298298298299 ((0 0 0)(9.98667363757007 41.7664248927664 13.447382694545576))
(83.08308308308308 ((0 0 0)(11.665057690008846 40.36178368183676 16.119951833345496))
(83.18318318318319 ((0 0 0)(13.138110770604914 38.750780812700526 18.72877550149378))
(83.28328328328328 ((0 0 0)(14.382780389832085 36.95940491890429 21.263537248029355))
(83.38338338338339 ((0 0 0)(15.38094854881195 35.01517528177323 23.714213495823408))
(83.48348348348348 ((0 0 0)(16.11960859072702 32.94624829135541 26.071113179266383))
(83.58358358358359 ((0 0 0)(16.590883937192128 30.780540930538915 28.324916067060734))
(83.68368368368368 ((0 0 0)(16.79190196397081 28.54490556036939 30.466709618565353))
(83.78378378378379 ((0 0 0)(16.724542419932448 26.264385822017104 32.48802422795365))
(83.88388388388388 ((0 0 0)(16.395084309941083 23.961577875238856 34.38086671680608))
(83.98398398398399 ((0 0 0)(15.813777873329858 21.65611493091145 36.13775194270023))
(84.08408408408408 ((0 0 0)(14.994369163361311 19.364286567867442 37.75173239879655))
(84.18418418418419 ((0 0 0)(13.953603867710322 17.0987980691451 39.216425687377686))
(84.28428428428428 ((0 0 0)(12.710734611279808 14.868669312306075 40.5260397586897))
(84.38438438438439 ((0 0 0)(11.287052336042732 12.679267849620157 41.67539581528912))
(84.48448448448448 ((0 0 0)(9.705457793176148 10.532466859542717 42.65994879131372))
(84.58458458458459 ((0 0 0)(7.990084065916954 8.426915681406317 43.475805325698644))
(84.68468468468468 ((0 0 0)(6.165975717744139 6.358408610282691 44.11973915825966))
(84.78478478478479 ((0 0 0)(4.258824954923642 4.320336405737696 44.589203887763865))
(84.88488488488488 ((0 0 0)(2.294760391489482 2.3042043849716096 44.88234304153392))
(84.98498498498499 ((0 0 0)(0.3001798476936633 0.3002008320016244 44.99799741676849))
(85.08508508508508 ((0 0 0)(-1.6983847106890184 -1.7022004341736103 44.93570966454627))
(85.18518518518519 ((0 0 0)(-3.6743843351144374 -3.713619298715974 44.695726098387425))
(85.28528528528528 ((0 0 0)(-5.601367885897278 -5.744146221637236 44.27899572022033))
(85.38538538538539 ((0 0 0)(-7.453110148376842 -7.8027325436638835 43.68716646760479))
(85.4854854854855 ((0 0 0)(-9.203768016711642 -9.896610141347931 42.922578697053225))
(85.58558558558559 ((0 0 0)(-10.828077450336618 -12.030756532817968 41.98825592921873))
(85.6856856856857 ((0 0 0)(-12.301600863952697 -14.207421686980142 40.88789289254616))
(85.78578578578579 ((0 0 0)(-13.601030687288015 -16.42573274490627 39.6258409126717))
(85.8858858858859 ((0 0 0)(-14.704550200216216 -18.681392433197875 38.20709070534135))
(85.98598598598599 ((0 0 0)(-15.59224763658356 -20.96648593747661 36.6372526408989))
(86.0860860860861 ((0 0 0)(-16.246574229165027 -23.269409228317798 34.92253455838097))
(86.18618618618619 ((0 0 0)(-16.652831653248935 -25.574929151788957 33.06971721695741))
(86.2862862862863 ((0 0 0)(-16.799669562162638 -27.864381938026455 31.08612748178735))
(86.38638638638639 ((0 0 0)(-16.679569950941598 -30.11601215555934 28.979609350332026))
(86.4864864864865 ((0 0 0)(-16.2892922784343 -32.30544865785433 26.7584929336927))
(86.58658658658659 ((0 0 0)(-15.630251926955262 -34.40630794792281 24.431561515642382))
(86.6866866866867 ((0 0 0)(-14.70880491492328 -36.39090894224307 22.008016819607008))
(86.78678678678679 ((0 0 0)(-13.536413934787925 -38.23107674430161 19.49744262095423))
(86.8868868868869 ((0 0 0)(-12.1296747752022 -39.899007192887794 16.90976684847293))
(86.98698698698699 ((0 0 0)(-10.510187872851258 -41.36815910025922 14.255222324924036))
(87.0870870870871 ((0 0 0)(-8.70426685246133 -42.61413768421364 11.544306301897363))
(87.18718718718719 ((0 0 0)(-6.742484047052251 -43.615531098903105 8.787738949005218))
(87.2872872872873 ((0 0 0)(-4.6590616291214415 -44.354662442497386 5.996420961553673))
(87.38738738738739 ((0 0 0)(-2.49112554018046 -44.81822227978366 3.181390454339781))
(87.4874874874875 ((0 0 0)(-0.2778472694291221 -44.997751511528364 0.3537793120259066))
(87.58758758758759 ((0 0 0)(1.94049488048659 -44.889951124395786 -2.4752308312887155))
(87.6876876876877 ((0 0 0)(4.123498593173591 -44.496803579615694 -5.294452809232945))
(87.78778778778779 ((0 0 0)(6.231625297039196 -43.82549982824339 -8.092738162200668))
(87.8878878878879 ((0 0 0)(8.227153475700893 -42.88817557041277 -10.859021223329018))
(87.98798798798799 ((0 0 0)(10.0750602052357 -41.70146976470271 -13.582362877071866))
(88.0880880880881 ((0 0 0)(11.743797894222265 -40.28592692219972 -16.25199381733954))
(88.18818818818819 ((0 0 0)(13.205939387969503 -38.66527184434648 -18.857357134128314))
(88.2882882882883 ((0 0 0)(14.438672195009147 -36.86559076219089 -21.388150060249078))
(88.38838838838839 ((0 0 0)(15.42413103442603 -34.91445603983959 -23.834364713055837))
(88.4884884884885 ((0 0 0)(16.149566577631298 -32.84003262041855 -26.186327670074245))
(88.58858858858859 ((0 0 0)(16.607356569814495 -30.670203292579625 -28.434738222021203))
(88.6886886886887 ((0 0 0)(16.79487292741271 -28.431746866211093 -30.570705151954733))
(88.78878878878879 ((0 0 0)(16.714224482128834 -26.14959881615155 -32.5857818951046))
(88.8888888888889 ((0 0 0)(16.371899471453755 -23.84621831252985 -34.471999940354124))
(88.988988988989 ((0 0 0)(15.778334494345842 -21.541079273119845 -36.22190034128109))
(89.0890890890891 ((0 0 0)(14.94743743418639 -19.250296606934775 -37.82856321215644))
(89.1891891891892 ((0 0 0)(13.896090903432091 -16.986392583531334 -39.285635092253514))
(89.2892892892893 ((0 0 0)(12.64366029594103 -14.758202597061153 -40.58735407026355))
(89.3893893893894 ((0 0 0)(11.21152683246351 -12.570914740001758 -41.728572569458386))
(89.4894894894895 ((0 0 0)(9.622661388978965 -10.426233696181438 -42.704777703503645))
(89.5895895895896 ((0 0 0)(7.90124976221158 -8.322656541860507 -43.512109122419886))
(89.6896896896897 ((0 0 0)(6.0723747012730405 -6.255846052634111 -44.14737427812757))
(89.7897897897898 ((0 0 0)(4.161754842636328 -4.219085927108769 -44.608061049203485))
(89.8898898898899 ((0 0 0)(2.195535911577334 -2.203801781992494 -44.89234767492852))
(89.98998998999 ((0 0 0)(0.20012543379357275 -0.2001316514431636 -44.99910995934074))
(90.0900900900901 ((0 0 0)(-1.7979410770181807 1.8024701574846154 -44.92792571680723))
(90.1901901901902 ((0 0 0)(-3.772116788626795 3.814611810461986 -44.679076441534065))
(90.2902902902903 ((0 0 0)(-5.695958638752361 5.846341112575919 -44.253546194412806))
(90.3903903903904 ((0 0 0)(-7.543256517098849 7.906536902304455 -43.65301771160552))
(90.4904904904905 ((0 0 0)(-9.288191207439212 10.00233059511986 -42.87986575025603))
(90.5905905905906 ((0 0 0)(-10.905533665605533 12.13857398768205 -41.93714769764291))
(90.6906906906907 ((0 0 0)(-12.370895117695081 14.317369579367517 -40.82859148090701))
(90.7907907907908 ((0 0 0)(-13.661033498301373 16.537679609210947 -39.55858082516838))
(90.8908908908909 ((0 0 0)(-14.75421708810196 18.795029552920912 -38.13213791832282))
(90.990990990991 ((0 0 0)(-15.630641080604343 21.081320778853883 -36.554903551074936))
(91.0910910910911 ((0 0 0)(-16.272887484436833 23.38476524365468 -34.833114810737534))
(91.1911911911912 ((0 0 0)(-16.66641356681928 25.689952380310718 -32.973580417011334))
(91.2912912912913 ((0 0 0)(-16.800049311548413 27.978054623227518 -30.98365379727256))
(91.3913913913914 ((0 0 0)(-16.66648045732639 30.227173342918476 -28.871204007846988))
(91.4914914914915 ((0 0 0)(-16.262690942344022 32.41282144369864 -26.644584616253915))
(91.5915915915916 ((0 0 0)(-15.590337309413778 34.50853273267811 -24.31260066748079))
(91.6916916916917 ((0 0 0)(-14.656028051082439 36.48658171741939 -21.884473864910817))
(91.7917917917918 ((0 0 0)(-13.471483123401361 38.31879113391721 -19.369806103602134))
(91.8918918918919 ((0 0 0)(-12.053552932959443 39.9773987000319 -16.778541500113647))
(91.991991991992 ((0 0 0)(-10.424081867228638 41.435949801302556 -14.120927069043722))
(92.0920920920921 ((0 0 0)(-8.609608613077977 42.67017948750174 -11.407472201763223))
(92.1921921921922 ((0 0 0)(-6.640903680121605 43.6588456576139 -8.648907107605922))
(92.2922922922923 ((0 0 0)(-4.552353194433249 44.38447589215574 -5.856140381836807))
(92.3923923923924 ((0 0 0)(-2.3812065647384286 44.833993161113064 -3.040215868209624))
(92.4924924924925 ((0 0 0)(-0.16671343611925585 44.99919053169189 -0.21226898668635666))
(92.5925925925926 ((0 0 0)(2.0508181444365334 44.877031788568274 2.6165173009713634))
(92.6926926926927 ((0 0 0)(4.231005716708714 44.469763167193534 5.434956713617385))
(92.7927927927928 ((0 0 0)(6.334379371527623 43.7848306652542 8.231903886257399))
(92.8928928928929 ((0 0 0)(8.323332331810745 42.83460703017294 10.996298443789689))
(92.992992992993 ((0 0 0)(10.162997989805898 41.63594188053661 13.717208738652937))
(93.0930930930931 ((0 0 0)(11.822020644446741 40.20955688967248 16.383875079432986))
(93.1931931931932 ((0 0 0)(13.273193450951778 38.579315001644176 18.985752279473168))
(93.2932932932933 ((0 0 0)(14.493944747710197 36.77139784876662 21.512551357243584))
(93.3933933933934 ((0 0 0)(15.466662392314117 34.81342863628412 23.954280223553496))
(93.4934934934935 ((0 0 0)(16.178854409343437 32.733578666440565 26.30128319472668))
(93.5935935935936 ((0 0 0)(16.62315253117241 30.559694472916355 28.544279175473648))
(93.6936936936937 ((0 0 0)(16.79717256671248 28.318479461064296 30.67439836047902))
(93.7937937937938 ((0 0 0)(16.703251531122575 26.03475935329643 32.683217309561066))
(93.8938938938939 ((0 0 0)(16.348085811145943 23.730855055431263 34.562792257708544))
(93.993993993994 ((0 0 0)(15.742297167112639 21.426080256738377 36.30569052826457))
(94.0940940940941 ((0 0 0)(14.89995406609501 19.136374612511098 37.905019925042865))
(94.1941941941942 ((0 0 0)(13.838074811200569 16.874077144420507 39.35445598714025))
(94.2942942942943 ((0 0 0)(12.576136394560656 14.647838864143718 40.64826699867394))
(94.3943943943944 ((0 0 0)(11.135609248053788 12.462668816702577 41.78133665453806))
(94.4944944944945 ((0 0 0)(9.539533434522989 10.320103883817927 42.749184292554894))
(94.5945945945946 ((0 0 0)(7.812146669241224 8.218489815201034 43.547982612007395))
(94.6946946946947 ((0 0 0)(5.978569235273045 6.153359008397816 44.17457280849261))
(94.7947947947948 ((0 0 0)(4.064545679144459 4.117889406929328 44.626477065240614))
(94.8948948948949 ((0 0 0)(2.096238426681302 2.1034283566181875 44.901908351506385))
(94.994994994995 ((0 0 0)(0.10006437750306321 0.10006515471502672 44.99977748928506))
(95.0950950950951 ((0 0 0)(-1.8974376951791976 -1.9027638472488577 44.919697460407235))
(95.1951951951952 ((0 0 0)(-3.8697233598808705 -3.915653535090652 44.661984936981085))
(95.2952952952953 ((0 0 0)(-5.790357951603385 -5.948607534149743 44.22765902912974))
(95.3953953953954 ((0 0 0)(-7.63314685663055 -8.010430731167068 43.6184372549761))
(95.4954954954955 ((0 0 0)(-9.372295244548706 -10.108152746661066 42.836728748810636))
(95.5955955955956 ((0 0 0)(-10.982609691665841 -12.246498478249492 41.8856247343019))
(95.6956956956957 ((0 0 0)(-12.439751001379715 -14.427421975083616 40.7688863004197))
(95.7957957957958 ((0 0 0)(-13.72054352312456 -16.649719829826573 39.49092952841611))
(95.8958958958959 ((0 0 0)(-14.803341581796106 -18.908739796232428 38.05680802867005))
(95.995995995996 ((0 0 0)(-15.668448483406054 -21.1961992599939 36.47219295646325))
(96.0960960960961 ((0 0 0)(-16.29857823762549 -23.500126329679034 34.74335058570389))
(96.1961961961962 ((0 0 0)(-16.679344952153187 -25.804933538615533 32.877117529289585))
(96.2962962962963 ((0 0 0)(-16.799760154331366 -28.091630391075597 30.88087370409298))
(96.3963963963964 ((0 0 0)(-16.652714438391314 -30.338176268097985 28.762513147484395))
(96.4964964964965 ((0 0 0)(-16.235417163545325 -32.519969651667196 26.530412800789705))
(96.5965965965966 ((0 0 0)(-15.549766736665582 -34.610463457218266 24.193399383134462))
(96.6966966966967 ((0 0 0)(-14.602624527559467 -36.58188980816989 21.760714486662376))
(96.7967967967968 ((0 0 0)(-13.40596780648982 -38.40607124686826 19.241978031165107))
(96.8968968968969 ((0 0 0)(-11.976901258447613 -40.05528960961997 16.647150222631772))
(96.996996996997 ((0 0 0)(-10.337512472413906 -41.5031790682188 13.986492166159957))
(97.0970970970971 ((0 0 0)(-8.514564039322574 -42.725606595236655 11.270525288971516))
(97.1971971971972 ((0 0 0)(-6.539023101188102 -43.70150170885703 8.509989734006451))
(97.2972972972973 ((0 0 0)(-4.44543785150795 -44.41359804247511 5.7158018886095805))
(97.3973973973974 ((0 0 0)(-2.271179001921167 -44.849052162884625 2.8990112162747392))
(97.4974974974975 ((0 0 0)(-0.055571991132336136 -44.999910058384735 0.07075656214129618))
(97.5975975975976 ((0 0 0)(2.1610478577088417 -44.86339859215713 -2.75777789495911))
(97.6976976976977 ((0 0 0)(4.338320416211694 -44.442027566294065 -5.575406869730537))
(97.7977977977978 ((0 0 0)(6.436846821866449 -43.74349733976032 -8.370988202011064))
(97.8978978978979 ((0 0 0)(8.419137236343044 -42.780416577973824 -11.133466917840211))
(97.997997997998 ((0 0 0)(10.25048330044657 -41.56984404141644 -13.851918945748222))
(98.0980980980981 ((0 0 0)(11.89972280227696 -40.132676731536066 -16.515594315403586))
(98.1981981981982 ((0 0 0)(13.339870424939651 -38.492913670755364 -19.11395966778188))
(98.2982982982983 ((0 0 0)(14.548596147862645 -36.67682969187663 -21.63673990876331))
(98.3983983983984 ((0 0 0)(15.508541367371231 -34.71209659985633 -24.07395884142811))
(98.4984984984985 ((0 0 0)(16.207471467132116 -32.62688986680605 -26.415978616386784))
(98.5985985985986 ((0 0 0)(16.63827181343725 -30.44901771941626 -28.653537844127566))
(98.6986986986987 ((0 0 0)(16.798801445401246 -28.205106317192993 -30.777788218678438))
(98.7987987987988 ((0 0 0)(16.69162465143148 -25.919870058685593 -32.78032950774863))
(98.8988988988989 ((0 0 0)(16.323644876766682 -23.615490327155044 -34.65324277099117))
(98.998998998999 ((0 0 0)(15.705667840899642 -21.311119665376488 -36.389121675018906))
(99.0990990990991 ((0 0 0)(14.851921347410647 -19.022521908654046 -37.9811017813478))
(99.1991991991992 ((0 0 0)(13.779558157973716 -16.761852613565186 -39.42288769144309))
(99.2992992992993 ((0 0 0)(12.508165696625865 -14.537578526455881 -40.70877794153096))
(99.3993993993994 ((0 0 0)(11.05930254468807 -12.35453007203095 -41.833687548724846))
(99.4994994994995 ((0 0 0)(9.456077020872431 -10.214077035513041 -42.79316811931469))
(99.5995995995996 ((0 0 0)(7.722777971325424 -8.114414787780142 -43.58342543969512))
(99.6996996996997 ((0 0 0)(5.884562568331716 -6.050946498943596 -44.20133448037865))
(99.7997997997998 ((0 0 0)(3.9672007543920143 -4.016745670466496 -44.64445175375255))
(99.8998998998999 ((0 0 0)(1.9968712499255983 -2.003082812014365 -44.9110249767185))
(100.0 ((0 0 0)(7.79360450611944e-14 -7.793604506119441e-14 -45.0))
)
