750
(
(0 ((0 0 0)(-0.0001097087 0 0)))
(0.0020026702 ((0 0 0)(-0.00016439602 0 0)))
(0.0040053405 ((0 0 0)(-0.00024557659 0 0)))
(0.0060080107 ((0 0 0)(-0.00036577083 0 0)))
(0.0080106809 ((0 0 0)(-0.000543055 0 0)))
(0.010013351 ((0 0 0)(-0.00080313054 0 0)))
(0.012016021 ((0 0 0)(-0.0011817599 0 0)))
(0.014018692 ((0 0 0)(-0.0017272433 0 0)))
(0.016021362 ((0 0 0)(-0.0025022668 0 0)))
(0.018024032 ((0 0 0)(-0.0035841316 0 0)))
(0.020026702 ((0 0 0)(-0.005062402 0 0)))
(0.022029372 ((0 0 0)(-0.007033687 0 0)))
(0.024032043 ((0 0 0)(-0.0095944958 0 0)))
(0.026034713 ((0 0 0)(-0.012834121 0 0)))
(0.028037383 ((0 0 0)(-0.016829493 0 0)))
(0.030040053 ((0 0 0)(-0.0216429 0 0)))
(0.032042724 ((0 0 0)(-0.02732228 0 0)))
(0.034045394 ((0 0 0)(-0.033903094 0 0)))
(0.036048064 ((0 0 0)(-0.04141081 0 0)))
(0.038050734 ((0 0 0)(-0.049863331 0 0)))
(0.040053405 ((0 0 0)(-0.059273052 0 0)))
(0.042056075 ((0 0 0)(-0.069648469 0 0)))
(0.044058745 ((0 0 0)(-0.080995357 0 0)))
(0.046061415 ((0 0 0)(-0.093317628 0 0)))
(0.048064085 ((0 0 0)(-0.10661792 0 0)))
(0.050066756 ((0 0 0)(-0.12089801 0 0)))
(0.052069426 ((0 0 0)(-0.13615908 0 0)))
(0.054072096 ((0 0 0)(-0.15240195 0 0)))
(0.056074766 ((0 0 0)(-0.16962714 0 0)))
(0.058077437 ((0 0 0)(-0.18783503 0 0)))
(0.060080107 ((0 0 0)(-0.20702584 0 0)))
(0.062082777 ((0 0 0)(-0.22719974 0 0)))
(0.064085447 ((0 0 0)(-0.24835685 0 0)))
(0.066088117 ((0 0 0)(-0.27049723 0 0)))
(0.068090788 ((0 0 0)(-0.29362093 0 0)))
(0.070093458 ((0 0 0)(-0.31772798 0 0)))
(0.072096128 ((0 0 0)(-0.34281841 0 0)))
(0.074098798 ((0 0 0)(-0.36889223 0 0)))
(0.076101469 ((0 0 0)(-0.39594946 0 0)))
(0.078104139 ((0 0 0)(-0.42399009 0 0)))
(0.080106809 ((0 0 0)(-0.45301413 0 0)))
(0.082109479 ((0 0 0)(-0.48302158 0 0)))
(0.08411215 ((0 0 0)(-0.51401246 0 0)))
(0.08611482 ((0 0 0)(-0.54598675 0 0)))
(0.08811749 ((0 0 0)(-0.57894446 0 0)))
(0.09012016 ((0 0 0)(-0.61288558 0 0)))
(0.09212283 ((0 0 0)(-0.64781013 0 0)))
(0.094125501 ((0 0 0)(-0.6837181 0 0)))
(0.096128171 ((0 0 0)(-0.72060949 0 0)))
(0.098130841 ((0 0 0)(-0.7584843 0 0)))
(0.10013351 ((0 0 0)(-0.79734253 0 0)))
(0.10213618 ((0 0 0)(-0.83718418 0 0)))
(0.10413885 ((0 0 0)(-0.87800926 0 0)))
(0.10614152 ((0 0 0)(-0.91981775 0 0)))
(0.10814419 ((0 0 0)(-0.96260966 0 0)))
(0.11014686 ((0 0 0)(-1.006385 0 0)))
(0.11214953 ((0 0 0)(-1.0511437 0 0)))
(0.1141522 ((0 0 0)(-1.0968859 0 0)))
(0.11615487 ((0 0 0)(-1.1436115 0 0)))
(0.11815754 ((0 0 0)(-1.1913205 0 0)))
(0.12016021 ((0 0 0)(-1.240013 0 0)))
(0.12216288 ((0 0 0)(-1.2896888 0 0)))
(0.12416555 ((0 0 0)(-1.3403481 0 0)))
(0.12616822 ((0 0 0)(-1.3919908 0 0)))
(0.12817089 ((0 0 0)(-1.4446169 0 0)))
(0.13017356 ((0 0 0)(-1.4982265 0 0)))
(0.13217623 ((0 0 0)(-1.5528194 0 0)))
(0.13417891 ((0 0 0)(-1.6083958 0 0)))
(0.13618158 ((0 0 0)(-1.6649556 0 0)))
(0.13818425 ((0 0 0)(-1.7224988 0 0)))
(0.14018692 ((0 0 0)(-1.7810255 0 0)))
(0.14218959 ((0 0 0)(-1.8405356 0 0)))
(0.14419226 ((0 0 0)(-1.901029 0 0)))
(0.14619493 ((0 0 0)(-1.9625059 0 0)))
(0.1481976 ((0 0 0)(-2.0249663 0 0)))
(0.15020027 ((0 0 0)(-2.08841 0 0)))
(0.15220294 ((0 0 0)(-2.1528372 0 0)))
(0.15420561 ((0 0 0)(-2.2182478 0 0)))
(0.15620828 ((0 0 0)(-2.2846418 0 0)))
(0.15821095 ((0 0 0)(-2.3520192 0 0)))
(0.16021362 ((0 0 0)(-2.4203801 0 0)))
(0.16221629 ((0 0 0)(-2.4897243 0 0)))
(0.16421896 ((0 0 0)(-2.560052 0 0)))
(0.16622163 ((0 0 0)(-2.6313631 0 0)))
(0.1682243 ((0 0 0)(-2.7036577 0 0)))
(0.17022697 ((0 0 0)(-2.7769356 0 0)))
(0.17222964 ((0 0 0)(-2.851197 0 0)))
(0.17423231 ((0 0 0)(-2.9264418 0 0)))
(0.17623498 ((0 0 0)(-3.00267 0 0)))
(0.17823765 ((0 0 0)(-3.0798817 0 0)))
(0.18024032 ((0 0 0)(-3.1580767 0 0)))
(0.18224299 ((0 0 0)(-3.2372552 0 0)))
(0.18424566 ((0 0 0)(-3.3174171 0 0)))
(0.18624833 ((0 0 0)(-3.3985624 0 0)))
(0.188251 ((0 0 0)(-3.4806912 0 0)))
(0.19025367 ((0 0 0)(-3.5638033 0 0)))
(0.19225634 ((0 0 0)(-3.6478989 0 0)))
(0.19425901 ((0 0 0)(-3.7329779 0 0)))
(0.19626168 ((0 0 0)(-3.8190403 0 0)))
(0.19826435 ((0 0 0)(-3.9060862 0 0)))
(0.20026702 ((0 0 0)(-3.9941154 0 0)))
(0.20226969 ((0 0 0)(-4.0831281 0 0)))
(0.20427236 ((0 0 0)(-4.1731242 0 0)))
(0.20627503 ((0 0 0)(-4.2641038 0 0)))
(0.2082777 ((0 0 0)(-4.3560667 0 0)))
(0.21028037 ((0 0 0)(-4.4490131 0 0)))
(0.21228304 ((0 0 0)(-4.5429429 0 0)))
(0.21428571 ((0 0 0)(-4.6378561 0 0)))
(0.21628838 ((0 0 0)(-4.7337527 0 0)))
(0.21829105 ((0 0 0)(-4.8306328 0 0)))
(0.22029372 ((0 0 0)(-4.9284962 0 0)))
(0.2222964 ((0 0 0)(-5.0273431 0 0)))
(0.22429907 ((0 0 0)(-5.1271734 0 0)))
(0.22630174 ((0 0 0)(-5.2279872 0 0)))
(0.22830441 ((0 0 0)(-5.3297843 0 0)))
(0.23030708 ((0 0 0)(-5.4325649 0 0)))
(0.23230975 ((0 0 0)(-5.5363289 0 0)))
(0.23431242 ((0 0 0)(-5.6410763 0 0)))
(0.23631509 ((0 0 0)(-5.7468072 0 0)))
(0.23831776 ((0 0 0)(-5.8535214 0 0)))
(0.24032043 ((0 0 0)(-5.9612191 0 0)))
(0.2423231 ((0 0 0)(-6.0699002 0 0)))
(0.24432577 ((0 0 0)(-6.1795647 0 0)))
(0.24632844 ((0 0 0)(-6.2902127 0 0)))
(0.24833111 ((0 0 0)(-6.401844 0 0)))
(0.25033378 ((0 0 0)(-6.5144588 0 0)))
(0.25233645 ((0 0 0)(-6.628057 0 0)))
(0.25433912 ((0 0 0)(-6.7426386 0 0)))
(0.25634179 ((0 0 0)(-6.8582037 0 0)))
(0.25834446 ((0 0 0)(-6.9747522 0 0)))
(0.26034713 ((0 0 0)(-7.092284 0 0)))
(0.2623498 ((0 0 0)(-7.2107993 0 0)))
(0.26435247 ((0 0 0)(-7.3302981 0 0)))
(0.26635514 ((0 0 0)(-7.4507802 0 0)))
(0.26835781 ((0 0 0)(-7.5722458 0 0)))
(0.27036048 ((0 0 0)(-7.6946948 0 0)))
(0.27236315 ((0 0 0)(-7.8181272 0 0)))
(0.27436582 ((0 0 0)(-7.942543 0 0)))
(0.27636849 ((0 0 0)(-8.0679423 0 0)))
(0.27837116 ((0 0 0)(-8.194325 0 0)))
(0.28037383 ((0 0 0)(-8.321691 0 0)))
(0.2823765 ((0 0 0)(-8.4500406 0 0)))
(0.28437917 ((0 0 0)(-8.5793735 0 0)))
(0.28638184 ((0 0 0)(-8.7096899 0 0)))
(0.28838451 ((0 0 0)(-8.8409896 0 0)))
(0.29038718 ((0 0 0)(-8.9732728 0 0)))
(0.29238985 ((0 0 0)(-9.1065394 0 0)))
(0.29439252 ((0 0 0)(-9.2407895 0 0)))
(0.29639519 ((0 0 0)(-9.3760229 0 0)))
(0.29839786 ((0 0 0)(-9.5122398 0 0)))
(0.30040053 ((0 0 0)(-9.6494401 0 0)))
(0.3024032 ((0 0 0)(-9.7876238 0 0)))
(0.30440587 ((0 0 0)(-9.926791 0 0)))
(0.30640854 ((0 0 0)(-10.066942 0 0)))
(0.30841121 ((0 0 0)(-10.208076 0 0)))
(0.31041389 ((0 0 0)(-10.350193 0 0)))
(0.31241656 ((0 0 0)(-10.493294 0 0)))
(0.31441923 ((0 0 0)(-10.637378 0 0)))
(0.3164219 ((0 0 0)(-10.782446 0 0)))
(0.31842457 ((0 0 0)(-10.928497 0 0)))
(0.32042724 ((0 0 0)(-11.075531 0 0)))
(0.32242991 ((0 0 0)(-11.223549 0 0)))
(0.32443258 ((0 0 0)(-11.372551 0 0)))
(0.32643525 ((0 0 0)(-11.522535 0 0)))
(0.32843792 ((0 0 0)(-11.673504 0 0)))
(0.33044059 ((0 0 0)(-11.825455 0 0)))
(0.33244326 ((0 0 0)(-11.97839 0 0)))
(0.33444593 ((0 0 0)(-12.132309 0 0)))
(0.3364486 ((0 0 0)(-12.28721 0 0)))
(0.33845127 ((0 0 0)(-12.443096 0 0)))
(0.34045394 ((0 0 0)(-12.599964 0 0)))
(0.34245661 ((0 0 0)(-12.757817 0 0)))
(0.34445928 ((0 0 0)(-12.916652 0 0)))
(0.34646195 ((0 0 0)(-13.076471 0 0)))
(0.34846462 ((0 0 0)(-13.237274 0 0)))
(0.35046729 ((0 0 0)(-13.399059 0 0)))
(0.35246996 ((0 0 0)(-13.561829 0 0)))
(0.35447263 ((0 0 0)(-13.725581 0 0)))
(0.3564753 ((0 0 0)(-13.890317 0 0)))
(0.35847797 ((0 0 0)(-14.056037 0 0)))
(0.36048064 ((0 0 0)(-14.22274 0 0)))
(0.36248331 ((0 0 0)(-14.390426 0 0)))
(0.36448598 ((0 0 0)(-14.559096 0 0)))
(0.36648865 ((0 0 0)(-14.728749 0 0)))
(0.36849132 ((0 0 0)(-14.899386 0 0)))
(0.37049399 ((0 0 0)(-15.071006 0 0)))
(0.37249666 ((0 0 0)(-15.243609 0 0)))
(0.37449933 ((0 0 0)(-15.417196 0 0)))
(0.376502 ((0 0 0)(-15.591766 0 0)))
(0.37850467 ((0 0 0)(-15.76732 0 0)))
(0.38050734 ((0 0 0)(-15.943857 0 0)))
(0.38251001 ((0 0 0)(-16.121378 0 0)))
(0.38451268 ((0 0 0)(-16.299882 0 0)))
(0.38651535 ((0 0 0)(-16.479369 0 0)))
(0.38851802 ((0 0 0)(-16.65984 0 0)))
(0.39052069 ((0 0 0)(-16.841294 0 0)))
(0.39252336 ((0 0 0)(-17.023732 0 0)))
(0.39452603 ((0 0 0)(-17.207153 0 0)))
(0.3965287 ((0 0 0)(-17.391557 0 0)))
(0.39853138 ((0 0 0)(-17.576945 0 0)))
(0.40053405 ((0 0 0)(-17.763317 0 0)))
(0.40253672 ((0 0 0)(-17.950671 0 0)))
(0.40453939 ((0 0 0)(-18.13901 0 0)))
(0.40654206 ((0 0 0)(-18.328331 0 0)))
(0.40854473 ((0 0 0)(-18.518636 0 0)))
(0.4105474 ((0 0 0)(-18.709925 0 0)))
(0.41255007 ((0 0 0)(-18.902196 0 0)))
(0.41455274 ((0 0 0)(-19.095452 0 0)))
(0.41655541 ((0 0 0)(-19.28969 0 0)))
(0.41855808 ((0 0 0)(-19.484913 0 0)))
(0.42056075 ((0 0 0)(-19.681118 0 0)))
(0.42256342 ((0 0 0)(-19.878307 0 0)))
(0.42456609 ((0 0 0)(-20.076479 0 0)))
(0.42656876 ((0 0 0)(-20.275635 0 0)))
(0.42857143 ((0 0 0)(-20.475774 0 0)))
(0.4305741 ((0 0 0)(-20.676897 0 0)))
(0.43257677 ((0 0 0)(-20.879003 0 0)))
(0.43457944 ((0 0 0)(-21.082093 0 0)))
(0.43658211 ((0 0 0)(-21.286166 0 0)))
(0.43858478 ((0 0 0)(-21.491222 0 0)))
(0.44058745 ((0 0 0)(-21.697262 0 0)))
(0.44259012 ((0 0 0)(-21.904285 0 0)))
(0.44459279 ((0 0 0)(-22.112291 0 0)))
(0.44659546 ((0 0 0)(-22.321281 0 0)))
(0.44859813 ((0 0 0)(-22.531255 0 0)))
(0.4506008 ((0 0 0)(-22.742212 0 0)))
(0.45260347 ((0 0 0)(-22.954152 0 0)))
(0.45460614 ((0 0 0)(-23.167076 0 0)))
(0.45660881 ((0 0 0)(-23.380983 0 0)))
(0.45861148 ((0 0 0)(-23.595873 0 0)))
(0.46061415 ((0 0 0)(-23.811747 0 0)))
(0.46261682 ((0 0 0)(-24.028605 0 0)))
(0.46461949 ((0 0 0)(-24.246445 0 0)))
(0.46662216 ((0 0 0)(-24.46527 0 0)))
(0.46862483 ((0 0 0)(-24.685077 0 0)))
(0.4706275 ((0 0 0)(-24.905868 0 0)))
(0.47263017 ((0 0 0)(-25.127642 0 0)))
(0.47463284 ((0 0 0)(-25.3504 0 0)))
(0.47663551 ((0 0 0)(-25.574141 0 0)))
(0.47863818 ((0 0 0)(-25.798865 0 0)))
(0.48064085 ((0 0 0)(-26.024573 0 0)))
(0.48264352 ((0 0 0)(-26.251263 0 0)))
(0.48464619 ((0 0 0)(-26.478936 0 0)))
(0.48664887 ((0 0 0)(-26.707592 0 0)))
(0.48865154 ((0 0 0)(-26.93723 0 0)))
(0.49065421 ((0 0 0)(-27.16785 0 0)))
(0.49265688 ((0 0 0)(-27.39945 0 0)))
(0.49465955 ((0 0 0)(-27.632029 0 0)))
(0.49666222 ((0 0 0)(-27.865586 0 0)))
(0.49866489 ((0 0 0)(-28.100117 0 0)))
(0.50066756 ((0 0 0)(-28.335617 0 0)))
(0.50267023 ((0 0 0)(-28.572081 0 0)))
(0.5046729 ((0 0 0)(-28.809497 0 0)))
(0.50667557 ((0 0 0)(-29.047853 0 0)))
(0.50867824 ((0 0 0)(-29.287127 0 0)))
(0.51068091 ((0 0 0)(-29.527292 0 0)))
(0.51268358 ((0 0 0)(-29.768307 0 0)))
(0.51468625 ((0 0 0)(-30.010119 0 0)))
(0.51668892 ((0 0 0)(-30.25266 0 0)))
(0.51869159 ((0 0 0)(-30.49585 0 0)))
(0.52069426 ((0 0 0)(-30.739595 0 0)))
(0.52269693 ((0 0 0)(-30.983797 0 0)))
(0.5246996 ((0 0 0)(-31.228363 0 0)))
(0.52670227 ((0 0 0)(-31.473206 0 0)))
(0.52870494 ((0 0 0)(-31.718255 0 0)))
(0.53070761 ((0 0 0)(-31.963451 0 0)))
(0.53271028 ((0 0 0)(-32.208752 0 0)))
(0.53471295 ((0 0 0)(-32.454125 0 0)))
(0.53671562 ((0 0 0)(-32.699548 0 0)))
(0.53871829 ((0 0 0)(-32.945005 0 0)))
(0.54072096 ((0 0 0)(-33.190485 0 0)))
(0.54272363 ((0 0 0)(-33.43598 0 0)))
(0.5447263 ((0 0 0)(-33.681486 0 0)))
(0.54672897 ((0 0 0)(-33.926999 0 0)))
(0.54873164 ((0 0 0)(-34.172517 0 0)))
(0.55073431 ((0 0 0)(-34.418038 0 0)))
(0.55273698 ((0 0 0)(-34.663561 0 0)))
(0.55473965 ((0 0 0)(-34.909085 0 0)))
(0.55674232 ((0 0 0)(-35.154611 0 0)))
(0.55874499 ((0 0 0)(-35.400137 0 0)))
(0.56074766 ((0 0 0)(-35.645663 0 0)))
(0.56275033 ((0 0 0)(-35.89119 0 0)))
(0.564753 ((0 0 0)(-36.136717 0 0)))
(0.56675567 ((0 0 0)(-36.382244 0 0)))
(0.56875834 ((0 0 0)(-36.627771 0 0)))
(0.57076101 ((0 0 0)(-36.873299 0 0)))
(0.57276368 ((0 0 0)(-37.118826 0 0)))
(0.57476636 ((0 0 0)(-37.364353 0 0)))
(0.57676903 ((0 0 0)(-37.609881 0 0)))
(0.5787717 ((0 0 0)(-37.855408 0 0)))
(0.58077437 ((0 0 0)(-38.100935 0 0)))
(0.58277704 ((0 0 0)(-38.346463 0 0)))
(0.58477971 ((0 0 0)(-38.59199 0 0)))
(0.58678238 ((0 0 0)(-38.837517 0 0)))
(0.58878505 ((0 0 0)(-39.083045 0 0)))
(0.59078772 ((0 0 0)(-39.328572 0 0)))
(0.59279039 ((0 0 0)(-39.574099 0 0)))
(0.59479306 ((0 0 0)(-39.819627 0 0)))
(0.59679573 ((0 0 0)(-40.065154 0 0)))
(0.5987984 ((0 0 0)(-40.310682 0 0)))
(0.60080107 ((0 0 0)(-40.556209 0 0)))
(0.60280374 ((0 0 0)(-40.801736 0 0)))
(0.60480641 ((0 0 0)(-41.047264 0 0)))
(0.60680908 ((0 0 0)(-41.292791 0 0)))
(0.60881175 ((0 0 0)(-41.538318 0 0)))
(0.61081442 ((0 0 0)(-41.783846 0 0)))
(0.61281709 ((0 0 0)(-42.029373 0 0)))
(0.61481976 ((0 0 0)(-42.2749 0 0)))
(0.61682243 ((0 0 0)(-42.520428 0 0)))
(0.6188251 ((0 0 0)(-42.765955 0 0)))
(0.62082777 ((0 0 0)(-43.011483 0 0)))
(0.62283044 ((0 0 0)(-43.25701 0 0)))
(0.62483311 ((0 0 0)(-43.502537 0 0)))
(0.62683578 ((0 0 0)(-43.748065 0 0)))
(0.62883845 ((0 0 0)(-43.993592 0 0)))
(0.63084112 ((0 0 0)(-44.239119 0 0)))
(0.63284379 ((0 0 0)(-44.484647 0 0)))
(0.63484646 ((0 0 0)(-44.730174 0 0)))
(0.63684913 ((0 0 0)(-44.975702 0 0)))
(0.6388518 ((0 0 0)(-45.221229 0 0)))
(0.64085447 ((0 0 0)(-45.466756 0 0)))
(0.64285714 ((0 0 0)(-45.712284 0 0)))
(0.64485981 ((0 0 0)(-45.957811 0 0)))
(0.64686248 ((0 0 0)(-46.203338 0 0)))
(0.64886515 ((0 0 0)(-46.448866 0 0)))
(0.65086782 ((0 0 0)(-46.694393 0 0)))
(0.65287049 ((0 0 0)(-46.939921 0 0)))
(0.65487316 ((0 0 0)(-47.185448 0 0)))
(0.65687583 ((0 0 0)(-47.430975 0 0)))
(0.6588785 ((0 0 0)(-47.676503 0 0)))
(0.66088117 ((0 0 0)(-47.92203 0 0)))
(0.66288385 ((0 0 0)(-48.167557 0 0)))
(0.66488652 ((0 0 0)(-48.413085 0 0)))
(0.66688919 ((0 0 0)(-48.658612 0 0)))
(0.66889186 ((0 0 0)(-48.904139 0 0)))
(0.67089453 ((0 0 0)(-49.149667 0 0)))
(0.6728972 ((0 0 0)(-49.395194 0 0)))
(0.67489987 ((0 0 0)(-49.640722 0 0)))
(0.67690254 ((0 0 0)(-49.886249 0 0)))
(0.67890521 ((0 0 0)(-50.131776 0 0)))
(0.68090788 ((0 0 0)(-50.377304 0 0)))
(0.68291055 ((0 0 0)(-50.622831 0 0)))
(0.68491322 ((0 0 0)(-50.868358 0 0)))
(0.68691589 ((0 0 0)(-51.113886 0 0)))
(0.68891856 ((0 0 0)(-51.359413 0 0)))
(0.69092123 ((0 0 0)(-51.604941 0 0)))
(0.6929239 ((0 0 0)(-51.850468 0 0)))
(0.69492657 ((0 0 0)(-52.095995 0 0)))
(0.69692924 ((0 0 0)(-52.341523 0 0)))
(0.69893191 ((0 0 0)(-52.58705 0 0)))
(0.70093458 ((0 0 0)(-52.832577 0 0)))
(0.70293725 ((0 0 0)(-53.078105 0 0)))
(0.70493992 ((0 0 0)(-53.323632 0 0)))
(0.70694259 ((0 0 0)(-53.569159 0 0)))
(0.70894526 ((0 0 0)(-53.814687 0 0)))
(0.71094793 ((0 0 0)(-54.060214 0 0)))
(0.7129506 ((0 0 0)(-54.305742 0 0)))
(0.71495327 ((0 0 0)(-54.551269 0 0)))
(0.71695594 ((0 0 0)(-54.796796 0 0)))
(0.71895861 ((0 0 0)(-55.042324 0 0)))
(0.72096128 ((0 0 0)(-55.287851 0 0)))
(0.72296395 ((0 0 0)(-55.533378 0 0)))
(0.72496662 ((0 0 0)(-55.778906 0 0)))
(0.72696929 ((0 0 0)(-56.024433 0 0)))
(0.72897196 ((0 0 0)(-56.269961 0 0)))
(0.73097463 ((0 0 0)(-56.515488 0 0)))
(0.7329773 ((0 0 0)(-56.761015 0 0)))
(0.73497997 ((0 0 0)(-57.006543 0 0)))
(0.73698264 ((0 0 0)(-57.25207 0 0)))
(0.73898531 ((0 0 0)(-57.497597 0 0)))
(0.74098798 ((0 0 0)(-57.743125 0 0)))
(0.74299065 ((0 0 0)(-57.988652 0 0)))
(0.74499332 ((0 0 0)(-58.23418 0 0)))
(0.74699599 ((0 0 0)(-58.479707 0 0)))
(0.74899866 ((0 0 0)(-58.725234 0 0)))
(0.75100134 ((0 0 0)(-58.970762 0 0)))
(0.75300401 ((0 0 0)(-59.216289 0 0)))
(0.75500668 ((0 0 0)(-59.461816 0 0)))
(0.75700935 ((0 0 0)(-59.707344 0 0)))
(0.75901202 ((0 0 0)(-59.952871 0 0)))
(0.76101469 ((0 0 0)(-60.198398 0 0)))
(0.76301736 ((0 0 0)(-60.443926 0 0)))
(0.76502003 ((0 0 0)(-60.689453 0 0)))
(0.7670227 ((0 0 0)(-60.934981 0 0)))
(0.76902537 ((0 0 0)(-61.180508 0 0)))
(0.77102804 ((0 0 0)(-61.426035 0 0)))
(0.77303071 ((0 0 0)(-61.671563 0 0)))
(0.77503338 ((0 0 0)(-61.91709 0 0)))
(0.77703605 ((0 0 0)(-62.162617 0 0)))
(0.77903872 ((0 0 0)(-62.408145 0 0)))
(0.78104139 ((0 0 0)(-62.653672 0 0)))
(0.78304406 ((0 0 0)(-62.8992 0 0)))
(0.78504673 ((0 0 0)(-63.144727 0 0)))
(0.7870494 ((0 0 0)(-63.390254 0 0)))
(0.78905207 ((0 0 0)(-63.635782 0 0)))
(0.79105474 ((0 0 0)(-63.881309 0 0)))
(0.79305741 ((0 0 0)(-64.126836 0 0)))
(0.79506008 ((0 0 0)(-64.372364 0 0)))
(0.79706275 ((0 0 0)(-64.617891 0 0)))
(0.79906542 ((0 0 0)(-64.863419 0 0)))
(0.80106809 ((0 0 0)(-65.108946 0 0)))
(0.80307076 ((0 0 0)(-65.354473 0 0)))
(0.80507343 ((0 0 0)(-65.600001 0 0)))
(0.8070761 ((0 0 0)(-65.845528 0 0)))
(0.80907877 ((0 0 0)(-66.091055 0 0)))
(0.81108144 ((0 0 0)(-66.336583 0 0)))
(0.81308411 ((0 0 0)(-66.58211 0 0)))
(0.81508678 ((0 0 0)(-66.827637 0 0)))
(0.81708945 ((0 0 0)(-67.073165 0 0)))
(0.81909212 ((0 0 0)(-67.318692 0 0)))
(0.82109479 ((0 0 0)(-67.56422 0 0)))
(0.82309746 ((0 0 0)(-67.809747 0 0)))
(0.82510013 ((0 0 0)(-68.055274 0 0)))
(0.8271028 ((0 0 0)(-68.300802 0 0)))
(0.82910547 ((0 0 0)(-68.546329 0 0)))
(0.83110814 ((0 0 0)(-68.791856 0 0)))
(0.83311081 ((0 0 0)(-69.037384 0 0)))
(0.83511348 ((0 0 0)(-69.282911 0 0)))
(0.83711615 ((0 0 0)(-69.528439 0 0)))
(0.83911883 ((0 0 0)(-69.773966 0 0)))
(0.8411215 ((0 0 0)(-70.019493 0 0)))
(0.84312417 ((0 0 0)(-70.265021 0 0)))
(0.84512684 ((0 0 0)(-70.510548 0 0)))
(0.84712951 ((0 0 0)(-70.756075 0 0)))
(0.84913218 ((0 0 0)(-71.001603 0 0)))
(0.85113485 ((0 0 0)(-71.24713 0 0)))
(0.85313752 ((0 0 0)(-71.492657 0 0)))
(0.85514019 ((0 0 0)(-71.738185 0 0)))
(0.85714286 ((0 0 0)(-71.983712 0 0)))
(0.85914553 ((0 0 0)(-72.22924 0 0)))
(0.8611482 ((0 0 0)(-72.474767 0 0)))
(0.86315087 ((0 0 0)(-72.720294 0 0)))
(0.86515354 ((0 0 0)(-72.965822 0 0)))
(0.86715621 ((0 0 0)(-73.211349 0 0)))
(0.86915888 ((0 0 0)(-73.456876 0 0)))
(0.87116155 ((0 0 0)(-73.702404 0 0)))
(0.87316422 ((0 0 0)(-73.947931 0 0)))
(0.87516689 ((0 0 0)(-74.193459 0 0)))
(0.87716956 ((0 0 0)(-74.438986 0 0)))
(0.87917223 ((0 0 0)(-74.684513 0 0)))
(0.8811749 ((0 0 0)(-74.930041 0 0)))
(0.88317757 ((0 0 0)(-75.175568 0 0)))
(0.88518024 ((0 0 0)(-75.421095 0 0)))
(0.88718291 ((0 0 0)(-75.666623 0 0)))
(0.88918558 ((0 0 0)(-75.91215 0 0)))
(0.89118825 ((0 0 0)(-76.157678 0 0)))
(0.89319092 ((0 0 0)(-76.403205 0 0)))
(0.89519359 ((0 0 0)(-76.648732 0 0)))
(0.89719626 ((0 0 0)(-76.89426 0 0)))
(0.89919893 ((0 0 0)(-77.139787 0 0)))
(0.9012016 ((0 0 0)(-77.385314 0 0)))
(0.90320427 ((0 0 0)(-77.630842 0 0)))
(0.90520694 ((0 0 0)(-77.876369 0 0)))
(0.90720961 ((0 0 0)(-78.121896 0 0)))
(0.90921228 ((0 0 0)(-78.367424 0 0)))
(0.91121495 ((0 0 0)(-78.612951 0 0)))
(0.91321762 ((0 0 0)(-78.858479 0 0)))
(0.91522029 ((0 0 0)(-79.104006 0 0)))
(0.91722296 ((0 0 0)(-79.349533 0 0)))
(0.91922563 ((0 0 0)(-79.595061 0 0)))
(0.9212283 ((0 0 0)(-79.840588 0 0)))
(0.92323097 ((0 0 0)(-80.086115 0 0)))
(0.92523364 ((0 0 0)(-80.331643 0 0)))
(0.92723632 ((0 0 0)(-80.57717 0 0)))
(0.92923899 ((0 0 0)(-80.822698 0 0)))
(0.93124166 ((0 0 0)(-81.068225 0 0)))
(0.93324433 ((0 0 0)(-81.313752 0 0)))
(0.935247 ((0 0 0)(-81.55928 0 0)))
(0.93724967 ((0 0 0)(-81.804807 0 0)))
(0.93925234 ((0 0 0)(-82.050334 0 0)))
(0.94125501 ((0 0 0)(-82.295862 0 0)))
(0.94325768 ((0 0 0)(-82.541389 0 0)))
(0.94526035 ((0 0 0)(-82.786917 0 0)))
(0.94726302 ((0 0 0)(-83.032444 0 0)))
(0.94926569 ((0 0 0)(-83.277971 0 0)))
(0.95126836 ((0 0 0)(-83.523499 0 0)))
(0.95327103 ((0 0 0)(-83.769026 0 0)))
(0.9552737 ((0 0 0)(-84.014553 0 0)))
(0.95727637 ((0 0 0)(-84.260081 0 0)))
(0.95927904 ((0 0 0)(-84.505608 0 0)))
(0.96128171 ((0 0 0)(-84.751135 0 0)))
(0.96328438 ((0 0 0)(-84.996663 0 0)))
(0.96528705 ((0 0 0)(-85.24219 0 0)))
(0.96728972 ((0 0 0)(-85.487718 0 0)))
(0.96929239 ((0 0 0)(-85.733245 0 0)))
(0.97129506 ((0 0 0)(-85.978772 0 0)))
(0.97329773 ((0 0 0)(-86.2243 0 0)))
(0.9753004 ((0 0 0)(-86.469827 0 0)))
(0.97730307 ((0 0 0)(-86.715354 0 0)))
(0.97930574 ((0 0 0)(-86.960882 0 0)))
(0.98130841 ((0 0 0)(-87.206409 0 0)))
(0.98331108 ((0 0 0)(-87.451937 0 0)))
(0.98531375 ((0 0 0)(-87.697464 0 0)))
(0.98731642 ((0 0 0)(-87.942991 0 0)))
(0.98931909 ((0 0 0)(-88.188519 0 0)))
(0.99132176 ((0 0 0)(-88.434046 0 0)))
(0.99332443 ((0 0 0)(-88.679573 0 0)))
(0.9953271 ((0 0 0)(-88.925101 0 0)))
(0.99732977 ((0 0 0)(-89.170628 0 0)))
(0.99933244 ((0 0 0)(-89.416155 0 0)))
(1.0013351 ((0 0 0)(-89.661683 0 0)))
(1.0033378 ((0 0 0)(-89.90721 0 0)))
(1.0053405 ((0 0 0)(-90.152738 0 0)))
(1.0073431 ((0 0 0)(-90.398265 0 0)))
(1.0093458 ((0 0 0)(-90.643792 0 0)))
(1.0113485 ((0 0 0)(-90.88932 0 0)))
(1.0133511 ((0 0 0)(-91.134847 0 0)))
(1.0153538 ((0 0 0)(-91.380374 0 0)))
(1.0173565 ((0 0 0)(-91.625902 0 0)))
(1.0193591 ((0 0 0)(-91.871429 0 0)))
(1.0213618 ((0 0 0)(-92.116957 0 0)))
(1.0233645 ((0 0 0)(-92.362484 0 0)))
(1.0253672 ((0 0 0)(-92.608011 0 0)))
(1.0273698 ((0 0 0)(-92.853539 0 0)))
(1.0293725 ((0 0 0)(-93.099066 0 0)))
(1.0313752 ((0 0 0)(-93.344593 0 0)))
(1.0333778 ((0 0 0)(-93.590121 0 0)))
(1.0353805 ((0 0 0)(-93.835648 0 0)))
(1.0373832 ((0 0 0)(-94.081176 0 0)))
(1.0393858 ((0 0 0)(-94.326703 0 0)))
(1.0413885 ((0 0 0)(-94.57223 0 0)))
(1.0433912 ((0 0 0)(-94.817758 0 0)))
(1.0453939 ((0 0 0)(-95.063285 0 0)))
(1.0473965 ((0 0 0)(-95.308812 0 0)))
(1.0493992 ((0 0 0)(-95.55434 0 0)))
(1.0514019 ((0 0 0)(-95.799867 0 0)))
(1.0534045 ((0 0 0)(-96.045394 0 0)))
(1.0554072 ((0 0 0)(-96.290922 0 0)))
(1.0574099 ((0 0 0)(-96.536449 0 0)))
(1.0594126 ((0 0 0)(-96.781977 0 0)))
(1.0614152 ((0 0 0)(-97.027504 0 0)))
(1.0634179 ((0 0 0)(-97.273031 0 0)))
(1.0654206 ((0 0 0)(-97.518559 0 0)))
(1.0674232 ((0 0 0)(-97.764086 0 0)))
(1.0694259 ((0 0 0)(-98.009613 0 0)))
(1.0714286 ((0 0 0)(-98.255141 0 0)))
(1.0734312 ((0 0 0)(-98.500668 0 0)))
(1.0754339 ((0 0 0)(-98.746196 0 0)))
(1.0774366 ((0 0 0)(-98.991723 0 0)))
(1.0794393 ((0 0 0)(-99.23725 0 0)))
(1.0814419 ((0 0 0)(-99.482778 0 0)))
(1.0834446 ((0 0 0)(-99.728305 0 0)))
(1.0854473 ((0 0 0)(-99.973832 0 0)))
(1.0874499 ((0 0 0)(-100.21936 0 0)))
(1.0894526 ((0 0 0)(-100.46489 0 0)))
(1.0914553 ((0 0 0)(-100.71041 0 0)))
(1.0934579 ((0 0 0)(-100.95594 0 0)))
(1.0954606 ((0 0 0)(-101.20147 0 0)))
(1.0974633 ((0 0 0)(-101.447 0 0)))
(1.099466 ((0 0 0)(-101.69252 0 0)))
(1.1014686 ((0 0 0)(-101.93805 0 0)))
(1.1034713 ((0 0 0)(-102.18358 0 0)))
(1.105474 ((0 0 0)(-102.42911 0 0)))
(1.1074766 ((0 0 0)(-102.67463 0 0)))
(1.1094793 ((0 0 0)(-102.92016 0 0)))
(1.111482 ((0 0 0)(-103.16569 0 0)))
(1.1134846 ((0 0 0)(-103.41122 0 0)))
(1.1154873 ((0 0 0)(-103.65674 0 0)))
(1.11749 ((0 0 0)(-103.90227 0 0)))
(1.1194927 ((0 0 0)(-104.1478 0 0)))
(1.1214953 ((0 0 0)(-104.39333 0 0)))
(1.123498 ((0 0 0)(-104.63885 0 0)))
(1.1255007 ((0 0 0)(-104.88438 0 0)))
(1.1275033 ((0 0 0)(-105.12991 0 0)))
(1.129506 ((0 0 0)(-105.37543 0 0)))
(1.1315087 ((0 0 0)(-105.62096 0 0)))
(1.1335113 ((0 0 0)(-105.86649 0 0)))
(1.135514 ((0 0 0)(-106.11202 0 0)))
(1.1375167 ((0 0 0)(-106.35754 0 0)))
(1.1395194 ((0 0 0)(-106.60307 0 0)))
(1.141522 ((0 0 0)(-106.8486 0 0)))
(1.1435247 ((0 0 0)(-107.09413 0 0)))
(1.1455274 ((0 0 0)(-107.33965 0 0)))
(1.14753 ((0 0 0)(-107.58518 0 0)))
(1.1495327 ((0 0 0)(-107.83071 0 0)))
(1.1515354 ((0 0 0)(-108.07624 0 0)))
(1.1535381 ((0 0 0)(-108.32176 0 0)))
(1.1555407 ((0 0 0)(-108.56729 0 0)))
(1.1575434 ((0 0 0)(-108.81282 0 0)))
(1.1595461 ((0 0 0)(-109.05835 0 0)))
(1.1615487 ((0 0 0)(-109.30387 0 0)))
(1.1635514 ((0 0 0)(-109.5494 0 0)))
(1.1655541 ((0 0 0)(-109.79493 0 0)))
(1.1675567 ((0 0 0)(-110.04045 0 0)))
(1.1695594 ((0 0 0)(-110.28598 0 0)))
(1.1715621 ((0 0 0)(-110.53151 0 0)))
(1.1735648 ((0 0 0)(-110.77704 0 0)))
(1.1755674 ((0 0 0)(-111.02256 0 0)))
(1.1775701 ((0 0 0)(-111.26809 0 0)))
(1.1795728 ((0 0 0)(-111.51362 0 0)))
(1.1815754 ((0 0 0)(-111.75915 0 0)))
(1.1835781 ((0 0 0)(-112.00467 0 0)))
(1.1855808 ((0 0 0)(-112.2502 0 0)))
(1.1875834 ((0 0 0)(-112.49573 0 0)))
(1.1895861 ((0 0 0)(-112.74126 0 0)))
(1.1915888 ((0 0 0)(-112.98678 0 0)))
(1.1935915 ((0 0 0)(-113.23231 0 0)))
(1.1955941 ((0 0 0)(-113.47784 0 0)))
(1.1975968 ((0 0 0)(-113.72337 0 0)))
(1.1995995 ((0 0 0)(-113.96889 0 0)))
(1.2016021 ((0 0 0)(-114.21442 0 0)))
(1.2036048 ((0 0 0)(-114.45995 0 0)))
(1.2056075 ((0 0 0)(-114.70547 0 0)))
(1.2076101 ((0 0 0)(-114.951 0 0)))
(1.2096128 ((0 0 0)(-115.19653 0 0)))
(1.2116155 ((0 0 0)(-115.44206 0 0)))
(1.2136182 ((0 0 0)(-115.68758 0 0)))
(1.2156208 ((0 0 0)(-115.93311 0 0)))
(1.2176235 ((0 0 0)(-116.17864 0 0)))
(1.2196262 ((0 0 0)(-116.42417 0 0)))
(1.2216288 ((0 0 0)(-116.66969 0 0)))
(1.2236315 ((0 0 0)(-116.91522 0 0)))
(1.2256342 ((0 0 0)(-117.16075 0 0)))
(1.2276368 ((0 0 0)(-117.40628 0 0)))
(1.2296395 ((0 0 0)(-117.6518 0 0)))
(1.2316422 ((0 0 0)(-117.89733 0 0)))
(1.2336449 ((0 0 0)(-118.14286 0 0)))
(1.2356475 ((0 0 0)(-118.38839 0 0)))
(1.2376502 ((0 0 0)(-118.63391 0 0)))
(1.2396529 ((0 0 0)(-118.87944 0 0)))
(1.2416555 ((0 0 0)(-119.12497 0 0)))
(1.2436582 ((0 0 0)(-119.37049 0 0)))
(1.2456609 ((0 0 0)(-119.61602 0 0)))
(1.2476636 ((0 0 0)(-119.86155 0 0)))
(1.2496662 ((0 0 0)(-120.10708 0 0)))
(1.2516689 ((0 0 0)(-120.3526 0 0)))
(1.2536716 ((0 0 0)(-120.59813 0 0)))
(1.2556742 ((0 0 0)(-120.84366 0 0)))
(1.2576769 ((0 0 0)(-121.08919 0 0)))
(1.2596796 ((0 0 0)(-121.33471 0 0)))
(1.2616822 ((0 0 0)(-121.58024 0 0)))
(1.2636849 ((0 0 0)(-121.82577 0 0)))
(1.2656876 ((0 0 0)(-122.0713 0 0)))
(1.2676903 ((0 0 0)(-122.31682 0 0)))
(1.2696929 ((0 0 0)(-122.56235 0 0)))
(1.2716956 ((0 0 0)(-122.80788 0 0)))
(1.2736983 ((0 0 0)(-123.05341 0 0)))
(1.2757009 ((0 0 0)(-123.29893 0 0)))
(1.2777036 ((0 0 0)(-123.54446 0 0)))
(1.2797063 ((0 0 0)(-123.78999 0 0)))
(1.2817089 ((0 0 0)(-124.03551 0 0)))
(1.2837116 ((0 0 0)(-124.28104 0 0)))
(1.2857143 ((0 0 0)(-124.52657 0 0)))
(1.287717 ((0 0 0)(-124.7721 0 0)))
(1.2897196 ((0 0 0)(-125.01762 0 0)))
(1.2917223 ((0 0 0)(-125.26315 0 0)))
(1.293725 ((0 0 0)(-125.50868 0 0)))
(1.2957276 ((0 0 0)(-125.75421 0 0)))
(1.2977303 ((0 0 0)(-125.99973 0 0)))
(1.299733 ((0 0 0)(-126.24526 0 0)))
(1.3017356 ((0 0 0)(-126.49079 0 0)))
(1.3037383 ((0 0 0)(-126.73632 0 0)))
(1.305741 ((0 0 0)(-126.98184 0 0)))
(1.3077437 ((0 0 0)(-127.22737 0 0)))
(1.3097463 ((0 0 0)(-127.4729 0 0)))
(1.311749 ((0 0 0)(-127.71843 0 0)))
(1.3137517 ((0 0 0)(-127.96395 0 0)))
(1.3157543 ((0 0 0)(-128.20948 0 0)))
(1.317757 ((0 0 0)(-128.45501 0 0)))
(1.3197597 ((0 0 0)(-128.70053 0 0)))
(1.3217623 ((0 0 0)(-128.94606 0 0)))
(1.323765 ((0 0 0)(-129.19159 0 0)))
(1.3257677 ((0 0 0)(-129.43712 0 0)))
(1.3277704 ((0 0 0)(-129.68264 0 0)))
(1.329773 ((0 0 0)(-129.92817 0 0)))
(1.3317757 ((0 0 0)(-130.1737 0 0)))
(1.3337784 ((0 0 0)(-130.41923 0 0)))
(1.335781 ((0 0 0)(-130.66475 0 0)))
(1.3377837 ((0 0 0)(-130.91028 0 0)))
(1.3397864 ((0 0 0)(-131.15581 0 0)))
(1.3417891 ((0 0 0)(-131.40134 0 0)))
(1.3437917 ((0 0 0)(-131.64686 0 0)))
(1.3457944 ((0 0 0)(-131.89239 0 0)))
(1.3477971 ((0 0 0)(-132.13792 0 0)))
(1.3497997 ((0 0 0)(-132.38345 0 0)))
(1.3518024 ((0 0 0)(-132.62897 0 0)))
(1.3538051 ((0 0 0)(-132.8745 0 0)))
(1.3558077 ((0 0 0)(-133.12003 0 0)))
(1.3578104 ((0 0 0)(-133.36555 0 0)))
(1.3598131 ((0 0 0)(-133.61108 0 0)))
(1.3618158 ((0 0 0)(-133.85661 0 0)))
(1.3638184 ((0 0 0)(-134.10214 0 0)))
(1.3658211 ((0 0 0)(-134.34766 0 0)))
(1.3678238 ((0 0 0)(-134.59319 0 0)))
(1.3698264 ((0 0 0)(-134.83872 0 0)))
(1.3718291 ((0 0 0)(-135.08425 0 0)))
(1.3738318 ((0 0 0)(-135.32977 0 0)))
(1.3758344 ((0 0 0)(-135.5753 0 0)))
(1.3778371 ((0 0 0)(-135.82083 0 0)))
(1.3798398 ((0 0 0)(-136.06636 0 0)))
(1.3818425 ((0 0 0)(-136.31188 0 0)))
(1.3838451 ((0 0 0)(-136.55741 0 0)))
(1.3858478 ((0 0 0)(-136.80294 0 0)))
(1.3878505 ((0 0 0)(-137.04847 0 0)))
(1.3898531 ((0 0 0)(-137.29399 0 0)))
(1.3918558 ((0 0 0)(-137.53952 0 0)))
(1.3938585 ((0 0 0)(-137.78505 0 0)))
(1.3958611 ((0 0 0)(-138.03057 0 0)))
(1.3978638 ((0 0 0)(-138.2761 0 0)))
(1.3998665 ((0 0 0)(-138.52163 0 0)))
(1.4018692 ((0 0 0)(-138.76716 0 0)))
(1.4038718 ((0 0 0)(-139.01268 0 0)))
(1.4058745 ((0 0 0)(-139.25821 0 0)))
(1.4078772 ((0 0 0)(-139.50374 0 0)))
(1.4098798 ((0 0 0)(-139.74927 0 0)))
(1.4118825 ((0 0 0)(-139.99479 0 0)))
(1.4138852 ((0 0 0)(-140.24032 0 0)))
(1.4158879 ((0 0 0)(-140.48585 0 0)))
(1.4178905 ((0 0 0)(-140.73138 0 0)))
(1.4198932 ((0 0 0)(-140.9769 0 0)))
(1.4218959 ((0 0 0)(-141.22243 0 0)))
(1.4238985 ((0 0 0)(-141.46796 0 0)))
(1.4259012 ((0 0 0)(-141.71349 0 0)))
(1.4279039 ((0 0 0)(-141.95901 0 0)))
(1.4299065 ((0 0 0)(-142.20454 0 0)))
(1.4319092 ((0 0 0)(-142.45007 0 0)))
(1.4339119 ((0 0 0)(-142.69559 0 0)))
(1.4359146 ((0 0 0)(-142.94112 0 0)))
(1.4379172 ((0 0 0)(-143.18665 0 0)))
(1.4399199 ((0 0 0)(-143.43218 0 0)))
(1.4419226 ((0 0 0)(-143.6777 0 0)))
(1.4439252 ((0 0 0)(-143.92323 0 0)))
(1.4459279 ((0 0 0)(-144.16876 0 0)))
(1.4479306 ((0 0 0)(-144.41429 0 0)))
(1.4499332 ((0 0 0)(-144.65981 0 0)))
(1.4519359 ((0 0 0)(-144.90534 0 0)))
(1.4539386 ((0 0 0)(-145.15087 0 0)))
(1.4559413 ((0 0 0)(-145.3964 0 0)))
(1.4579439 ((0 0 0)(-145.64192 0 0)))
(1.4599466 ((0 0 0)(-145.88745 0 0)))
(1.4619493 ((0 0 0)(-146.13298 0 0)))
(1.4639519 ((0 0 0)(-146.37851 0 0)))
(1.4659546 ((0 0 0)(-146.62403 0 0)))
(1.4679573 ((0 0 0)(-146.86956 0 0)))
(1.4699599 ((0 0 0)(-147.11509 0 0)))
(1.4719626 ((0 0 0)(-147.36061 0 0)))
(1.4739653 ((0 0 0)(-147.60614 0 0)))
(1.475968 ((0 0 0)(-147.85167 0 0)))
(1.4779706 ((0 0 0)(-148.0972 0 0)))
(1.4799733 ((0 0 0)(-148.34272 0 0)))
(1.481976 ((0 0 0)(-148.58825 0 0)))
(1.4839786 ((0 0 0)(-148.83378 0 0)))
(1.4859813 ((0 0 0)(-149.07931 0 0)))
(1.487984 ((0 0 0)(-149.32483 0 0)))
(1.4899866 ((0 0 0)(-149.57036 0 0)))
(1.4919893 ((0 0 0)(-149.81589 0 0)))
(1.493992 ((0 0 0)(-150.06142 0 0)))
(1.4959947 ((0 0 0)(-150.30694 0 0)))
(1.4979973 ((0 0 0)(-150.55247 0 0)))
(1.5 ((0 0 0)(-150.798 0 0)))
)
