(0.0 -0.4934802200544679)
(0.1001001001001001 -0.4914380591199107)
(0.2002002002002002 -0.4853620553587481)
(0.3003003003003003 -0.475401476022823)
(0.4004004004004004 -0.46179799477041805)
(0.5005005005005005 -0.44487547110666575)
(0.6006006006006006 -0.42502647975891816)
(0.7007007007007008 -0.4026963479537147)
(0.8008008008008008 -0.37836556989738485)
(0.9009009009009009 -0.3525315152237147)
(1.001001001001001 -0.3256903319151499)
(1.1011011011011012 -0.29831987009829763)
(1.2012012012012012 -0.27086433175138586)
(1.3013013013013013 -0.24372119661287123)
(1.4014014014014016 -0.21723080192208236)
(1.5015015015015016 -0.19166877844407923)
(1.6016016016016017 -0.16724138133331254)
(1.7017017017017018 -0.1440836128261456)
(1.8018018018018018 -0.12225992209021778)
(1.9019019019019021 -0.10176718960445853)
(2.002002002002002 -0.08253965937323281)
(2.1021021021021022 -0.06445546910922677)
(2.2022022022022023 -0.04734444081668514)
(2.3023023023023024 -0.030996824910394592)
(2.4024024024024024 -0.015172732290104612)
(2.5025025025025025 0.00038796713494910443)
(2.6026026026026026 0.015955461166333392)
(2.702702702702703 0.03179967918899452)
(2.802802802802803 0.04817997938472347)
(2.902902902902903 0.06533497588663194)
(3.0030030030030033 0.08347265896328045)
(3.1031031031031033 0.10276099172135161)
(3.2032032032032034 0.12331920698886475)
(3.3033033033033035 0.14521007215258022)
(3.4034034034034035 0.1684334306668339)
(3.5035035035035036 0.19292135891740167)
(3.6036036036036037 0.21853528830534585)
(3.7037037037037037 0.24506542781380247)
(3.8038038038038042 0.2722327766032798)
(3.9039039039039043 0.29969393650855564)
(4.004004004004004 0.32704882103129906)
(4.104104104104104 0.3538512145307499)
(4.2042042042042045 0.3796219705640956)
(4.3043043043043046 0.40386446292912553)
(4.404404404404405 0.4260817308261835)
(4.504504504504505 0.4457946061160129)
(4.604604604604605 0.4625599913410916)
(4.704704704704705 0.4759883857472053)
(4.804804804804805 0.4857597433759716)
(4.904904904904905 0.49163679800064847)
(5.005005005005005 0.4934751041012924)
(5.105105105105105 0.49122921498494165)
(5.205205205205205 0.48495463659211013)
(5.305305305305305 0.4748054418736435)
(5.405405405405406 0.46102768624432505)
(5.505505505505506 0.443949008920332)
(5.605605605605606 0.42396501851289775)
(5.705705705705706 0.4015232278614746)
(5.805805805805806 0.37710541132182535)
(5.9059059059059065 0.3512093019461088)
(6.0060060060060065 0.32433052665904666)
(6.106106106106107 0.2969456007804574)
(6.206206206206207 0.2694966798622702)
(6.306306306306307 0.2423786107906703)
(6.406406406406407 0.2159286509617781)
(6.506506506506507 0.19041904941563292)
(6.606606606606607 0.16605252079656424)
(6.706706706706707 0.14296050278974876)
(6.806806806806807 0.12120397764802752)
(6.906906906906907 0.1007765621875498)
(7.007007007007007 0.08160952819992569)
(7.107107107107107 0.06357840347907005)
(7.207207207207207 0.04651081705571509)
(7.307307307307307 0.03019528365408987)
(7.407407407407407 0.014390663990589227)
(7.507507507507508 -0.0011639184451560426)
(7.6076076076076085 -0.016738884053168812)
(7.7077077077077085 -0.032603877991875516)
(7.807807807807809 -0.04901746107056084)
(7.907907907907909 -0.06621694771780486)
(8.008008008008009 -0.08440854533090796)
(8.108108108108109 -0.10375798031395536)
(8.208208208208209 -0.12438183663330757)
(8.308308308308309 -0.14633987684971472)
(8.408408408408409 -0.1696286561695108)
(8.508508508508509 -0.19417676926655117)
(8.608608608608609 -0.21984207967461614)
(8.70870870870871 -0.24641126550135442)
(8.80880880880881 -0.273601967843174)
(8.90890890890891 -0.30106774689044186)
(9.00900900900901 -0.32840593582648014)
(9.10910910910911 -0.3551683384242387)
(9.20920920920921 -0.380874550668906)
(9.30930930930931 -0.40502751115033053)
(9.40940940940941 -0.42713071339523134)
(9.50950950950951 -0.44670636121572094)
(9.60960960960961 -0.46331363093048294)
(9.70970970970971 -0.47656613558527017)
(9.80980980980981 -0.4861476762384347)
(9.90990990990991 -0.4918254193187951)
(10.01001001001001 -0.49345975655953817)
(10.11011011011011 -0.4910102785259496)
(10.21021021021021 -0.4845375120629723)
(10.31031031031031 -0.47420031927825523)
(10.41041041041041 -0.46024911122075585)
(10.51051051051051 -0.4430152726210626)
(10.61061061061061 -0.4228974056281081)
(10.710710710710712 -0.4003451643950379)
(10.810810810810812 -0.37584155748175)
(10.910910910910912 -0.34988463602472286)
(11.011011011011012 -0.32296946323130565)
(11.111111111111112 -0.29557118138102134)
(11.211211211211213 -0.26812986715057163)
(11.311311311311313 -0.24103770883186001)
(11.411411411411413 -0.21462886542486712)
(11.511511511511513 -0.18917219295308854)
(11.611611611611613 -0.164866861240868)
(11.711711711711713 -0.14184074553839746)
(11.811811811811813 -0.12015136897981951)
(11.911911911911913 -0.09978909734292962)
(12.012012012012013 -0.0806822467795639)
(12.112112112112113 -0.06270375484161171)
(12.212212212212213 -0.04567907960223308)
(12.312312312312313 -0.02939502379129807)
(12.412412412412413 -0.013609222770897659)
(12.512512512512513 0.001939920874670271)
(12.612612612612613 0.017523034318290928)
(12.712712712712714 0.033409452691074155)
(12.812812812812814 0.049856913993042096)
(12.912912912912914 0.06710140825837728)
(13.013013013013014 0.08534733653139207)
(13.113113113113114 0.104758166803767)
(13.213213213213214 0.12544781491793347)
(13.313313313313314 0.14747302257262246)
(13.413413413413414 0.1708270447697957)
(13.513513513513514 0.19543498747463373)
(13.613613613613614 0.22115114515744924)
(13.713713713713714 0.24775867037789806)
(13.813813813813814 0.2749718585389969)
(13.913913913913914 0.3024412478320855)
(14.014014014014014 0.3297616179114893)
(14.114114114114114 0.3564828253501702)
(14.214214214214214 0.38212324755563104)
(14.314314314314315 0.4061854310909862)
(14.414414414414415 0.4281733693728212)
(14.514514514514515 0.44761068400985893)
(14.614614614614615 0.46405886894947573)
(14.714714714714715 0.47713469059631625)
(14.814814814814815 0.4865258301249743)
(14.914914914914915 0.49200391138916805)
(15.015015015015017 0.49343417838248743)
(15.115115115115117 0.49078126329359434)
(15.215215215215217 0.4841107073371416)
(15.315315315315317 0.4735861447285183)
(15.415415415415417 0.4594623155850271)
(15.515515515515517 0.44207431559895516)
(15.615615615615617 0.42182369985935153)
(15.715715715715717 0.39916221939651736)
(15.815815815815817 0.37457407100720475)
(15.915915915915917 0.34855757866504755)
(16.016016016016017 0.3216071993830732)
(16.116116116116117 0.29419666442749154)
(16.216216216216218 0.26676393946798993)
(16.316316316316318 0.23969852881176756)
(16.416416416416418 0.21333147487428075)
(16.516516516516518 0.18792822972931328)
(16.616616616616618 0.16368441440779374)
(16.716716716716718 0.14072434414405763)
(16.816816816816818 0.11910209101182191)
(16.916916916916918 0.0988047825932167)
(17.017017017017018 0.07975779614801677)
(17.117117117117118 0.061831498797144904)
(17.217217217217218 0.04484919977085548)
(17.31731731731732 0.028596013569597324)
(17.41741741741742 0.012828375074364394)
(17.51751751751752 -0.002716008497635623)
(17.61761761761762 -0.018307945259954432)
(17.71771771771772 -0.03421643452552988)
(17.81781781781782 -0.05069836607609259)
(17.91791791791792 -0.06798838091024183)
(18.01801801801802 -0.08628905031185614)
(18.11811811811812 -0.10576156225581185)
(18.21821821821822 -0.1265171453403912)
(18.31831831831832 -0.14860950454956048)
(18.41841841841842 -0.17202858295165613)
(18.51851851851852 -0.19669599107712657)
(18.61861861861862 -0.22246245344698157)
(18.71871871871872 -0.24910760274226146)
(18.81881881881882 -0.2763424014042742)
(18.91891891891892 -0.3038143856342967)
(19.01901901901902 -0.33111580869347595)
(19.11911911911912 -0.3577946136486679)
(19.21921921921922 -0.3833679985705525)
(19.31931931931932 -0.40733816134156553)
(19.41941941941942 -0.4292096408976158)
(19.51951951951952 -0.4485075224445154)
(19.61961961961962 -0.46479566125032346)
(19.71971971971972 -0.4776940163641532)
(19.81981981981982 -0.48689418180116417)
(19.91991991991992 -0.4921722631510241)
(20.02002002002002 -0.49339837115882923)
(20.12012012012012 -0.49054218345752487)
(20.22022022022022 -0.4836742485565833)
(20.32032032032032 -0.4729629552257135)
(20.42042042042042 -0.458667345645089)
(20.52052052052052 -0.44112619156478494)
(20.62062062062062 -0.42074396017052945)
(20.72072072072072 -0.39797445480173604)
(20.82082082082082 -0.3733030145083974)
(20.92092092092092 -0.34722819094617746)
(21.02102102102102 -0.320243792643892)
(21.12112112112112 -0.29282210214524984)
(21.22122122122122 -0.26539894230053596)
(21.32132132132132 -0.23836110839454672)
(21.421421421421424 -0.2120365084345088)
(21.521521521521525 -0.1866871799689191)
(21.621621621621625 -0.162505191596859)
(21.721721721721725 -0.13961130125697163)
(21.821821821821825 -0.11805613828083393)
(21.921921921921925 -0.09782360511364167)
(22.022022022022025 -0.07883615704345351)
(22.122122122122125 -0.060961610703684284)
(22.222222222222225 -0.04402114869344332)
(22.322322322322325 -0.02779822111608686)
(22.422422422422425 -0.01204808728776584)
(22.522522522522525 0.003492215380103031)
(22.622622622622625 0.01909365010377494)
(22.722722722722725 0.0350248545979412)
(22.822822822822825 0.05154184504570125)
(22.922922922922925 0.0688778888187152)
(23.023023023023026 0.0872337041086939)
(23.123123123123126 0.10676817737642216)
(23.223223223223226 0.12758983099982343)
(23.323323323323326 0.14974931758077376)
(23.423423423423426 0.17323325675405604)
(23.523523523523526 0.1979597571621383)
(23.623623623623626 0.22377597280304598)
(23.723723723723726 0.25045802249175086)
(23.823823823823826 0.2777135488010619)
(23.923923923923926 0.3051871063143748)
(24.024024024024026 0.33246844938052333)
(24.124124124124126 0.3591036415591933)
(24.224224224224226 0.38460874106803505)
(24.324324324324326 0.40848564061513976)
(24.424424424424426 0.43023947034585897)
(24.524524524524526 0.4493968248130694)
(24.624624624624627 0.46552396413123653)
(24.724724724724727 0.47824407900074817)
(24.824824824824827 0.4872527086218079)
(24.924924924924927 0.49233046416925597)
(25.025025025025027 0.49335233711248755)
(25.125125125125127 0.49029305380484983)
(25.225225225225227 0.48322816243662164)
(25.325325325325327 0.47233078827664243)
(25.425425425425427 0.4578642481267391)
(25.525525525525527 0.44017095454459976)
(25.625625625625627 0.4196582457289152)
(25.725725725725727 0.3967819326344556)
(25.825825825825827 0.3720284505701633)
(25.925925925925927 0.3458965338157526)
(26.026026026026027 0.3188793003172987)
(26.126126126126128 0.2914475464539587)
(26.226226226226228 0.264034920765815)
(26.326326326326328 0.23702548483138652)
(26.426426426426428 0.21074399479070377)
(26.526526526526528 0.18544906344820733)
(26.626626626626628 0.16132920366623618)
(26.726726726726728 0.13850161910701)
(26.826826826826828 0.11701350493610839)
(26.926926926926928 0.09684555173437263)
(27.027027027027028 0.07791730990899359)
(27.127127127127128 0.06009406567985905)
(27.227227227227228 0.04319489732216678)
(27.32732732732733 0.027001614440554395)
(27.42742742742743 0.011268325744545844)
(27.52752752752753 -0.004268575576795307)
(27.62762762762763 -0.019880181999515523)
(27.72772772772773 -0.03583474387162666)
(27.82782782782783 -0.05238737842689801)
(27.92792792792793 -0.0697699548697084)
(28.02802802802803 -0.08818131504501046)
(28.12812812812813 -0.10777802251103327)
(28.22822822822823 -0.12866587459512913)
(28.32832832832833 -0.15089245603732868)
(28.42842842842843 -0.17444105177047234)
(28.52852852852853 -0.1992262623707052)
(28.62862862862863 -0.2250916710533307)
(28.72872872872873 -0.2518098891242209)
(28.82882882882883 -0.27908525274292345)
(28.92892892892893 -0.306559355609952)
(29.02902902902903 -0.33381948098626063)
(29.12912912912913 -0.3604098472257668)
(29.22922922922923 -0.3858454124161533)
(29.32932932932933 -0.4096278077531621)
(29.42942942942943 -0.43126280033702813)
(29.52952952952953 -0.45027853976142906)
(29.62962962962963 -0.46624373434092375)
(29.72972972972973 -0.47878484514981184)
(29.82982982982983 -0.487601388533366)
(29.929929929929934 -0.4924785046355189)
(30.030030030030034 -0.49329607910238016)
(30.130130130130134 -0.49003388973854245)
(30.230230230230234 -0.482772476263086)
(30.330330330330334 -0.471689681889677)
(30.430430430430434 -0.45705307016880725)
(30.530530530530534 -0.43920865887430605)
(30.630630630630634 -0.41856661589941896)
(30.730730730730734 -0.39558471500062264)
(30.830830830830834 -0.37075044174645055)
(30.930930930930934 -0.34456266808492575)
(31.031031031031034 -0.3175137794764707)
(31.131131131131134 -0.29007304896401626)
(31.231231231231234 -0.2626719196103738)
(31.331331331331334 -0.2356916949587615)
(31.431431431431434 -0.20945396218782647)
(31.531531531531535 -0.1842138994951501)
(31.631631631631635 -0.16015646103347575)
(31.731731731731735 -0.13739529950504403)
(31.831831831831835 -0.11597418474127193)
(31.931931931931935 -0.0958706089428454)
(32.032032032032035 -0.07700123489536768)
(32.132132132132135 -0.05922883860781135)
(32.232232232232235 -0.042370416432563125)
(32.332332332332335 -0.02620616143864048)
(32.432432432432435 -0.010489056728034697)
(32.532532532532535 0.00504512312786853)
(32.632632632632635 0.02066757401789001)
(32.732732732732735 0.03664613316739289)
(32.832832832832835 0.0532349935407539)
(32.932932932932935 0.07066460168691632)
(33.033033033033036 0.08913189992807423)
(33.133133133133136 0.10879110764200679)
(33.233233233233236 0.12974527842325456)
(33.333333333333336 0.1520389138599834)
(33.433433433433436 0.17565195314845375)
(33.533533533533536 0.20049548289714056)
(33.633633633633636 0.22640951559458888)
(33.733733733733736 0.2531631617401828)
(33.833833833833836 0.2804574648979623)
(33.933933933933936 0.307931078982889)
(34.034034034034036 0.3351688443345176)
(34.134134134134136 0.3617131687022282)
(34.234234234234236 0.38707795000234424)
(34.334334334334336 0.4107646017312564)
(34.434434434434436 0.43227957373948295)
(34.53453453453454 0.4511526162932554)
(34.63463463463464 0.4669549290830971)
(34.73473473473474 0.4793162819903386)
(34.83483483483484 0.48794020007632655)
(34.93493493493494 0.49261637536929187)
(35.03503503503504 0.49322960062210913)
(35.13513513513514 0.48976470727578014)
(35.23523523523524 0.4823072178893976)
(35.33533533533534 0.471039674570762)
(35.43543543543544 0.4562338593182985)
(35.53553553553554 0.43823935919421664)
(35.63563563563564 0.41746913023884136)
(35.73573573573574 0.3943828640826106)
(35.83583583583584 0.3694690505548261)
(35.93593593593594 0.3432266544233595)
(36.03603603603604 0.31614728695989813)
(36.13613613613614 0.28869866097304303)
(36.23623623623624 0.26130998320707244)
(36.33633633633634 0.23435977519673631)
(36.43643643643644 0.20816643842984392)
(36.53653653653654 0.18298170698942104)
(36.63663663663664 0.15898697367628437)
(36.73673673673674 0.1362923438443617)
(36.83683683683684 0.11493817107625381)
(36.93693693693694 0.09489876288612614)
(37.03703703703704 0.07608791186360091)
(37.13713713713714 0.05836590413611264)
(37.23723723723724 0.04154767662661589)
(37.33733733733734 0.02541182989501811)
(37.43743743743744 0.009710246474681208)
(37.53753753753754 -0.005821892055680284)
(37.63763763763764 -0.021455859147344436)
(37.73773773773774 -0.037459053160400636)
(37.83783783783784 -0.05408471750137399)
(37.93793793793794 -0.07156185162900598)
(38.03803803803804 -0.09008547524678948)
(38.13813813813814 -0.10980744238646893)
(38.23823823823824 -0.1308280443774996)
(38.33833833833834 -0.15318868455807846)
(38.43843843843844 -0.1768659455892041)
(38.53853853853854 -0.20176739448940628)
(38.63863863863864 -0.2277294733938805)
(38.73873873873874 -0.25451779904497235)
(38.83883883883884 -0.28183013659188677)
(38.93893893893894 -0.30930222162319293)
(39.03903903903904 -0.33651648006399854)
(39.13913913913914 -0.36301354395750185)
(39.23923923923924 -0.38830629123905425)
(39.33933933933934 -0.4118959616649956)
(39.43943943943944 -0.43328973367609824)
(39.53953953953954 -0.45201900377513626)
(39.63963963963964 -0.4676575060209257)
(39.73973973973974 -0.4798383572400861)
(39.83983983983984 -0.4882691223875086)
(39.93993993993994 -0.4927440678188692)
(40.04004004004004 -0.4931529057995831)
(40.14014014014014 -0.48948552304621606)
(40.24024024024024 -0.4818324157335923)
(40.34034034034034 -0.47038080531936444)
(40.44044044044044 -0.4554066635254991)
(40.54054054054054 -0.4372631104435923)
(40.64064064064064 -0.4163658484901222)
(40.74074074074074 -0.3931764421334678)
(40.84084084084084 -0.3681843394709927)
(40.94094094094094 -0.341888553354247)
(41.04104104104104 -0.31477987936709667)
(41.14114114114114 -0.2873244334624136)
(41.24124124124124 -0.2599491555525234)
(41.34134134134134 -0.23302976154730062)
(41.44144144144144 -0.20688145087895576)
(41.54154154154154 -0.1817525043624499)
(41.64164164164164 -0.1578207511333189)
(41.74174174174174 -0.13519275310209666)
(41.84184184184184 -0.11390545693925483)
(41.94194194194194 -0.09392999937328443)
(42.04204204204204 -0.07517732038769734)
(42.14214214214214 -0.057505236682678006)
(42.24224224224224 -0.04072664833582643)
(42.34234234234234 -0.024618587486563242)
(42.44244244244244 -0.008931861177273613)
(42.54254254254254 0.006598916361552248)
(42.64264264264264 0.022245070290865074)
(42.74274274274275 0.038273534377048744)
(42.84284284284285 0.054936577212913354)
(42.94294294294295 0.07246172678683213)
(43.04304304304305 0.09104205716918676)
(43.14314314314315 0.11082703599416874)
(43.24324324324325 0.1319141739458692)
(43.34334334334335 0.15434176120847914)
(43.44344344344345 0.17808301334722257)
(43.54354354354355 0.2030419724495494)
(43.64364364364365 0.22905151098987694)
(43.74374374374375 0.2558737593509461)
(43.84384384384385 0.2832032188111259)
(43.94394394394395 0.310672728453001)
(44.04404404404405 0.3378623286330114)
(44.14414414414415 0.36431091088091044)
(44.24424424424425 0.3895303735694199)
(44.34434434434435 0.4130218268156941)
(44.44444444444445 0.4342932235298781)
(44.54454454454455 0.4528776519417522)
(44.64464464464465 0.4683514232814583)
(44.74474474474475 0.48035103915900434)
(44.84484484484485 0.48858813520230526)
(44.94494494494495 0.4928615740622878)
(45.04504504504505 0.49306599939656987)
(45.14514514514515 0.48919635429018743)
(45.24524524524525 0.4813480987752897)
(45.34534534534535 0.46971311362437845)
(45.44544544544545 0.45457153113905036)
(45.54554554554555 0.43627996785514667)
(45.64564564564565 0.41525683057658724)
(45.74574574574575 0.39196551147117875)
(45.84584584584585 0.3668963709233337)
(45.94594594594595 0.340548425249372)
(46.04604604604605 0.3134116130543634)
(46.14614614614615 0.28595041709383523)
(46.24624624624625 0.25858948026455364)
(46.34634634634635 0.2317016895927625)
(46.44644644644645 0.20559902645487454)
(46.54654654654655 0.18052630959752708)
(46.64664664664665 0.156657802505026)
(46.74674674674675 0.13409652784069728)
(46.84684684684685 0.1128760349487225)
(46.94694694694695 0.09296430387778926)
(47.04704704704705 0.0742694397573455)
(47.14714714714715 0.056646810437698286)
(47.24724724724725 0.03990730182430105)
(47.34734734734735 0.023826401785538694)
(47.44744744744745 0.008153866988170626)
(47.54754754754755 -0.007376230022534844)
(47.64764764764765 -0.023035240262776348)
(47.74774774774775 -0.039089607191843366)
(47.84784784784785 -0.05579059936658738)
(47.94794794794795 -0.07336424898064853)
(48.04804804804805 -0.09200166153992002)
(48.14814814814815 -0.11184989734536271)
(48.24824824824825 -0.13300366820942433)
(48.34834834834835 -0.15549813645452187)
(48.44844844844845 -0.17930314022996136)
(48.54854854854855 -0.20431919163415785)
(48.64864864864865 -0.23037559449418907)
(48.74874874874875 -0.25723100057973586)
(48.84884884884885 -0.28457666220597944)
(48.94894894894895 -0.31204254413057453)
(49.04904904904905 -0.3392063303242081)
(49.14914914914915 -0.3656052072874868)
(49.24924924924925 -0.39075013447293944)
(49.34934934934935 -0.4141421365961808)
(49.44944944944945 -0.4352899869495479)
(49.54954954954955 -0.45372851090099053)
(49.64964964964965 -0.4690366394599853)
(49.74974974974975 -0.4808542965526073)
(49.84984984984985 -0.4888972188568607)
(49.94994994994995 -0.49296888680818096)
(50.050050050050054 -0.49296888680818085)
(50.150150150150154 -0.48889721885686094)
(50.250250250250254 -0.4808542965526067)
(50.350350350350354 -0.4690366394599843)
(50.450450450450454 -0.4537285109009898)
(50.550550550550554 -0.43528998694954707)
(50.650650650650654 -0.41414213659618115)
(50.750750750750754 -0.3907501344729398)
(50.850850850850854 -0.36560520728748563)
(50.950950950950954 -0.3392063303242069)
(51.051051051051054 -0.31204254413057264)
(51.151151151151154 -0.28457666220598)
(51.251251251251254 -0.25723100057973386)
(51.351351351351354 -0.23037559449418776)
(51.451451451451454 -0.2043191916341571)
(51.551551551551555 -0.17930314022995952)
(51.651651651651655 -0.15549813645452237)
(51.751751751751755 -0.13300366820942275)
(51.851851851851855 -0.11184989734536152)
(51.951951951951955 -0.09200166153991868)
(52.052052052052055 -0.07336424898064918)
(52.152152152152155 -0.055790599366588)
(52.252252252252255 -0.03908960719184223)
(52.352352352352355 -0.02303524026277524)
(52.452452452452455 -0.007376230022533756)
(52.552552552552555 0.008153866988169963)
(52.652652652652655 0.02382640178553626)
(52.752752752752755 0.03990730182430214)
(52.852852852852855 0.05664681043769939)
(52.952952952952955 0.07426943975734679)
(53.053053053053056 0.09296430387778862)
(53.153153153153156 0.11287603494872397)
(53.253253253253256 0.13409652784069856)
(53.353353353353356 0.15665780250502676)
(53.453453453453456 0.18052630959752866)
(53.553553553553556 0.20559902645487402)
(53.653653653653656 0.23170168959276438)
(53.753753753753756 0.258589480264555)
(53.853853853853856 0.2859504170938373)
(53.953953953953956 0.313411613054363)
(54.054054054054056 0.34054842524937146)
(54.154154154154156 0.36689637092333627)
(54.254254254254256 0.39196551147118)
(54.354354354354356 0.4152568305765882)
(54.454454454454456 0.4362799678551465)
(54.55455455455456 0.4545715311390492)
(54.65465465465466 0.4697131136243791)
(54.75475475475476 0.4813480987752902)
(54.85485485485486 0.4891963542901877)
(54.95495495495496 0.49306599939656975)
(55.05505505505506 0.4928615740622873)
(55.15515515515516 0.48858813520230476)
(55.25525525525526 0.4803510391590044)
(55.35535535535536 0.46835142328145757)
(55.45545545545546 0.45287765194175256)
(55.55555555555556 0.4342932235298762)
(55.65565565565566 0.41302182681569305)
(55.75575575575576 0.3895303735694189)
(55.85585585585586 0.3643109108809109)
(55.95595595595596 0.33786232863301324)
(56.05605605605606 0.31067272845299826)
(56.15615615615616 0.28320321881112465)
(56.25625625625626 0.255873759350945)
(56.35635635635636 0.2290515109898775)
(56.45645645645646 0.20304197244955138)
(56.55655655655656 0.17808301334722126)
(56.65665665665666 0.15434176120847784)
(56.75675675675676 0.13191417394586855)
(56.85685685685686 0.11082703599416932)
(56.95695695695696 0.09104205716918447)
(57.05705705705706 0.07246172678683098)
(57.15715715715716 0.05493657721291319)
(57.25725725725726 0.03827353437704847)
(57.35735735735736 0.022245070290867516)
(57.45745745745746 0.006598916361551156)
(57.55755755755756 -0.008931861177273827)
(57.65765765765766 -0.024618587486562576)
(57.75775775775776 -0.04072664833582486)
(57.85785785785786 -0.05750523668267539)
(57.95795795795796 -0.07517732038769745)
(58.05805805805806 -0.09392999937328449)
(58.15815815815816 -0.11390545693925423)
(58.25825825825826 -0.13519275310209483)
(58.35835835835836 -0.15782075113331567)
(58.45845845845846 -0.18175250436244983)
(58.55855855855856 -0.20688145087895426)
(58.65865865865866 -0.2330297615472987)
(58.75875875875876 -0.2599491555525214)
(58.85885885885886 -0.2873244334624148)
(58.95895895895896 -0.3147798793670965)
(59.05905905905906 -0.3418885533542452)
(59.15915915915916 -0.3681843394709909)
(59.25925925925926 -0.393176442133465)
(59.35935935935936 -0.4163658484901232)
(59.45945945945946 -0.437263110443592)
(59.55955955955956 -0.45540666352549874)
(59.65965965965966 -0.47038080531936355)
(59.75975975975976 -0.48183241573359115)
(59.85985985985987 -0.4894855230462159)
(59.95995995995997 -0.4931529057995831)
(60.06006006006007 -0.49274406781886937)
(60.16016016016017 -0.48826912238750786)
(60.26026026026027 -0.4798383572400856)
(60.36036036036037 -0.4676575060209251)
(60.46046046046047 -0.4520190037751365)
(60.56056056056057 -0.43328973367609974)
(60.66066066066067 -0.4118959616649933)
(60.76076076076077 -0.3883062912390531)
(60.86086086086087 -0.36301354395750085)
(60.96096096096097 -0.33651648006399887)
(61.06106106106107 -0.3093022216231949)
(61.16116116116117 -0.2818301365918853)
(61.26126126126127 -0.254517799044971)
(61.36136136136137 -0.2277294733938795)
(61.46146146146147 -0.20176739448940692)
(61.56156156156157 -0.17686594558920146)
(61.66166166166167 -0.1531886845580773)
(61.76176176176177 -0.13082804437749965)
(61.86186186186187 -0.10980744238646845)
(61.96196196196197 -0.09008547524679009)
(62.06206206206207 -0.07156185162900378)
(62.16216216216217 -0.054084717501372864)
(62.26226226226227 -0.03745905316040038)
(62.36236236236237 -0.021455859147345102)
(62.46246246246247 -0.005821892055681826)
(62.56256256256257 0.009710246474683175)
(62.66266266266267 0.025411829895019198)
(62.76276276276277 0.04154767662661617)
(62.86286286286287 0.058365904136112)
(62.96296296296297 0.07608791186359926)
(63.06306306306307 0.09489876288612739)
(63.16316316316317 0.11493817107625502)
(63.26326326326327 0.13629234384436234)
(63.36336336336337 0.15898697367628375)
(63.46346346346347 0.1829817069894238)
(63.56356356356357 0.20816643842984534)
(63.66366366366367 0.23435977519673618)
(63.76376376376377 0.26130998320707355)
(63.86386386386387 0.2886986609730426)
(63.96396396396397 0.316147286959901)
(64.06406406406407 0.3432266544233607)
(64.16416416416416 0.3694690505548259)
(64.26426426426427 0.39438286408261036)
(64.36436436436436 0.4174691302388397)
(64.46446446446447 0.4382393591942184)
(64.56456456456456 0.4562338593182993)
(64.66466466466467 0.4710396745707627)
(64.76476476476476 0.4823072178893969)
(64.86486486486487 0.48976470727578075)
(64.96496496496496 0.49322960062210897)
(65.06506506506507 0.49261637536929187)
(65.16516516516516 0.48794020007632655)
(65.26526526526527 0.4793162819903388)
(65.36536536536536 0.4669549290830981)
(65.46546546546547 0.4511526162932548)
(65.56556556556556 0.4322795737394833)
(65.66566566566567 0.41076460173125545)
(65.76576576576576 0.3870779500023447)
(65.86586586586587 0.3617131687022254)
(65.96596596596596 0.3351688443345164)
(66.06606606606607 0.30793107898288796)
(66.16616616616616 0.2804574648979642)
(66.26626626626627 0.25316316174018483)
(66.36636636636636 0.22640951559459094)
(66.46646646646647 0.20049548289713917)
(66.56656656656656 0.1756519531484538)
(66.66666666666667 0.152038913859984)
(66.76676676676676 0.12974527842325637)
(66.86686686686687 0.10879110764200561)
(66.96696696696696 0.08913189992807309)
(67.06706706706707 0.07066460168691593)
(67.16716716716716 0.05323499354075459)
(67.26726726726727 0.03664613316739087)
(67.36736736736736 0.020667574017892446)
(67.46746746746747 0.005045123127868323)
(67.56756756756756 -0.010489056728034908)
(67.66766766766767 -0.026206161438639814)
(67.76776776776777 -0.04237041643256155)
(67.86786786786787 -0.059228838607812515)
(67.96796796796797 -0.07700123489536782)
(68.06806806806807 -0.09587060894284473)
(68.16816816816817 -0.11597418474127014)
(68.26826826826827 -0.1373952995050465)
(68.36836836836838 -0.16015646103347783)
(68.46846846846847 -0.18421389949515085)
(68.56856856856858 -0.20945396218783074)
(68.66866866866867 -0.23569169495876435)
(68.76876876876878 -0.2626719196103764)
(68.86886886886887 -0.2900730489640175)
(68.96896896896898 -0.31751377947647164)
(69.06906906906907 -0.34456266808492536)
(69.16916916916918 -0.3707504417464533)
(69.26926926926927 -0.3955847150006237)
(69.36936936936938 -0.41856661589941996)
(69.46946946946947 -0.43920865887430593)
(69.56956956956958 -0.4570530701688098)
(69.66966966966967 -0.4716896818896782)
(69.76976976976978 -0.48277247626308706)
(69.86986986986987 -0.49003388973854267)
(69.96996996996998 -0.49329607910238027)
(70.07007007007007 -0.49247850463551923)
(70.17017017017018 -0.4876013885333655)
(70.27027027027027 -0.47878484514981184)
(70.37037037037038 -0.4662437343409239)
(70.47047047047047 -0.4502785397614303)
(70.57057057057058 -0.43126280033702596)
(70.67067067067067 -0.4096278077531611)
(70.77077077077078 -0.38584541241615217)
(70.87087087087087 -0.36040984722576713)
(70.97097097097098 -0.3338194809862579)
(71.07107107107107 -0.3065593556099506)
(71.17117117117118 -0.2790852527429207)
(71.27127127127127 -0.25180988912422103)
(71.37137137137138 -0.2250916710533264)
(71.47147147147147 -0.19922626237070723)
(71.57157157157158 -0.17444105177047103)
(71.67167167167167 -0.15089245603732876)
(71.77177177177178 -0.12866587459512976)
(71.87187187187187 -0.10777802251103392)
(71.97197197197198 -0.08818131504500817)
(72.07207207207207 -0.06976995486970723)
(72.17217217217218 -0.05238737842689771)
(72.27227227227228 -0.03583474387162733)
(72.37237237237238 -0.019880181999513535)
(72.47247247247248 -0.0042685755767933415)
(72.57257257257258 0.011268325744546942)
(72.67267267267268 0.027001614440554617)
(72.77277277277278 0.04319489732216614)
(72.87287287287288 0.06009406567985742)
(72.97297297297298 0.07791730990899476)
(73.07307307307308 0.0968455517343738)
(73.17317317317318 0.11701350493610892)
(73.27327327327328 0.13850161910700942)
(73.37337337337338 0.1613292036662388)
(73.47347347347348 0.18544906344820866)
(73.57357357357358 0.21074399479070466)
(73.67367367367368 0.2370254848313859)
(73.77377377377378 0.2640349207658193)
(73.87387387387388 0.29144754645395654)
(73.97397397397398 0.31887930031729994)
(74.07407407407408 0.3458965338157523)
(74.17417417417418 0.3720284505701631)
(74.27427427427428 0.39678193263445377)
(74.37437437437438 0.4196582457289173)
(74.47447447447448 0.4401709545446005)
(74.57457457457458 0.45786424812673965)
(74.67467467467468 0.47233078827664216)
(74.77477477477478 0.4832281624366225)
(74.87487487487488 0.4902930538048501)
(74.97497497497498 0.4933523371124876)
(75.07507507507508 0.49233046416925624)
(75.17517517517518 0.48725270862180686)
(75.27527527527528 0.4782440790007488)
(75.37537537537538 0.46552396413123576)
(75.47547547547548 0.4493968248130691)
(75.57557557557558 0.430239470345859)
(75.67567567567568 0.4084856406151404)
(75.77577577577578 0.3846087410680324)
(75.87587587587588 0.3591036415591921)
(75.97597597597598 0.33246844938052206)
(76.07607607607608 0.30518710631437485)
(76.17617617617618 0.27771354880105775)
(76.27627627627628 0.25045802249174925)
(76.37637637637638 0.22377597280304384)
(76.47647647647648 0.1979597571621384)
(76.57657657657658 0.17323325675405662)
(76.67667667667668 0.14974931758077564)
(76.77677677677679 0.12758983099982213)
(76.87687687687688 0.10676817737642105)
(76.97697697697699 0.08723370410869445)
(77.07707707707708 0.06887788881871586)
(77.17717717717719 0.05154184504569917)
(77.27727727727728 0.035024854597940115)
(77.37737737737739 0.019093650103773844)
(77.47747747747748 0.003492215380103696)
(77.57757757757759 -0.012048087287768693)
(77.67767767767768 -0.027798221116085292)
(77.77777777777779 -0.04402114869344447)
(77.87787787787788 -0.06096161070368443)
(77.97797797797799 -0.07883615704345287)
(78.07807807807808 -0.09782360511364095)
(78.17817817817819 -0.11805613828083528)
(78.27827827827828 -0.13961130125697274)
(78.37837837837839 -0.16250519159685978)
(78.47847847847848 -0.18668717996891848)
(78.57857857857859 -0.21203650843451152)
(78.67867867867868 -0.23836110839454763)
(78.77877877877879 -0.26539894230053696)
(78.87887887887888 -0.2928221021452479)
(78.97897897897899 -0.3202437926438948)
(79.07907907907908 -0.34722819094617435)
(79.17917917917919 -0.37330301450839815)
(79.27927927927928 -0.39797445480173477)
(79.37937937937939 -0.4207439601705293)
(79.47947947947948 -0.44112619156478355)
(79.57957957957959 -0.45866734564508976)
(79.67967967967968 -0.47296295522571363)
(79.77977977977979 -0.4836742485565835)
(79.87987987987988 -0.4905421834575248)
(79.97997997997999 -0.49339837115882923)
(80.08008008008008 -0.4921722631510241)
(80.18018018018019 -0.48689418180116406)
(80.28028028028028 -0.4776940163641539)
(80.38038038038039 -0.4647956612503242)
(80.48048048048048 -0.44850752244451725)
(80.58058058058059 -0.42920964089761554)
(80.68068068068068 -0.40733816134156586)
(80.78078078078079 -0.383367998570553)
(80.88088088088088 -0.3577946136486699)
(80.98098098098099 -0.33111580869347407)
(81.08108108108108 -0.3038143856342961)
(81.18118118118119 -0.2763424014042738)
(81.28128128128128 -0.24910760274226196)
(81.38138138138139 -0.22246245344697863)
(81.48148148148148 -0.19669599107713007)
(81.58158158158159 -0.17202858295165557)
(81.68168168168168 -0.14860950454956115)
(81.78178178178179 -0.12651714534039243)
(81.88188188188188 -0.10576156225581364)
(81.98198198198199 -0.08628905031185502)
(82.08208208208208 -0.06798838091024169)
(82.18218218218219 -0.050698366076093244)
(82.28228228228228 -0.03421643452553098)
(82.38238238238239 -0.018307945259952888)
(82.48248248248248 -0.0027160084976349734)
(82.58258258258259 0.012828375074364618)
(82.68268268268268 0.028596013569596627)
(82.78278278278279 0.04484919977085756)
(82.88288288288288 0.06183149879714275)
(82.98298298298299 0.0797577961480174)
(83.08308308308308 0.0988047825932162)
(83.18318318318319 0.11910209101182119)
(83.28328328328328 0.14072434414405582)
(83.38338338338339 0.1636844144077951)
(83.48348348348348 0.18792822972931386)
(83.58358358358359 0.213331474874281)
(83.68368368368368 0.23969852881176612)
(83.78378378378379 0.2667639394679927)
(83.88388388388388 0.29419666442749287)
(83.98398398398399 0.32160719938307425)
(84.08408408408408 0.3485575786650456)
(84.18418418418419 0.37457407100720364)
(84.28428428428428 0.3991622193965151)
(84.38438438438439 0.4218236998593518)
(84.48448448448448 0.4420743155989548)
(84.58458458458459 0.45946231558502687)
(84.68468468468468 0.4735861447285174)
(84.78478478478479 0.4841107073371423)
(84.88488488488488 0.49078126329359445)
(84.98498498498499 0.49343417838248743)
(85.08508508508508 0.4920039113891682)
(85.18518518518519 0.48652583012497364)
(85.28528528528528 0.47713469059631763)
(85.38538538538539 0.46405886894947607)
(85.4854854854855 0.44761068400985593)
(85.58558558558559 0.42817336937282197)
(85.6856856856857 0.40618543109098465)
(85.78578578578579 0.38212324755563065)
(85.8858858858859 0.3564828253501698)
(85.98598598598599 0.3297616179114896)
(86.0860860860861 0.30244124783208254)
(86.18618618618619 0.2749718585389957)
(86.2862862862863 0.24775867037789637)
(86.38638638638639 0.221151145157449)
(86.4864864864865 0.1954349874746303)
(86.58658658658659 0.1708270447697931)
(86.6866866866867 0.1474730225726204)
(86.78678678678679 0.12544781491793341)
(86.8868868868869 0.10475816680376714)
(86.98698698698699 0.08534733653139324)
(87.0870870870871 0.0671014082583756)
(87.18718718718719 0.04985691399304099)
(87.2872872872873 0.033409452691073926)
(87.38738738738739 0.0175230343182916)
(87.4874874874875 0.0019399208746683058)
(87.58758758758759 -0.013609222770899194)
(87.6876876876877 -0.029395023791298765)
(87.78778778778779 -0.04567907960223334)
(87.8878878878879 -0.06270375484161482)
(87.98798798798799 -0.08068224677956226)
(88.0880880880881 -0.09978909734293089)
(88.18818818818819 -0.12015136897981964)
(88.2882882882883 -0.1418407455383975)
(88.38838838838839 -0.16486686124086733)
(88.4884884884885 -0.18917219295309112)
(88.58858858858859 -0.21462886542486853)
(88.6886886886887 -0.24103770883186118)
(88.78878878878879 -0.2681298671505713)
(88.8888888888889 -0.2955711813810249)
(88.988988988989 -0.32296946323130754)
(89.0890890890891 -0.34988463602472536)
(89.1891891891892 -0.37584155748175113)
(89.2892892892893 -0.40034516439504164)
(89.3893893893894 -0.4228974056281066)
(89.4894894894895 -0.4430152726210632)
(89.5895895895896 -0.46024911122075585)
(89.6896896896897 -0.47420031927825546)
(89.7897897897898 -0.4845375120629719)
(89.8898898898899 -0.49101027852595)
(89.98998998999 -0.49345975655953817)
(90.0900900900901 -0.491825419318795)
(90.1901901901902 -0.4861476762384347)
(90.2902902902903 -0.47656613558526895)
(90.3903903903904 -0.4633136309304819)
(90.4904904904905 -0.4467063612157193)
(90.5905905905906 -0.42713071339523173)
(90.6906906906907 -0.40502751115033075)
(90.7907907907908 -0.3808745506689075)
(90.8908908908909 -0.3551683384242375)
(90.990990990991 -0.32840593582647964)
(91.0910910910911 -0.3010677468904417)
(91.1911911911912 -0.2736019678431747)
(91.2912912912913 -0.2464112655013515)
(91.3913913913914 -0.21984207967461478)
(91.4914914914915 -0.1941767692665502)
(91.5915915915916 -0.16962865616951073)
(91.6916916916917 -0.1463398768497115)
(91.7917917917918 -0.12438183663330946)
(91.8918918918919 -0.10375798031395378)
(91.991991991992 -0.08440854533090782)
(92.0920920920921 -0.06621694771780547)
(92.1921921921922 -0.04901746107056246)
(92.2922922922923 -0.03260387799187395)
(92.3923923923924 -0.016738884053167938)
(92.4924924924925 -0.00116391844515605)
(92.5925925925926 0.01439066399058834)
(92.6926926926927 0.030195283654091867)
(92.7927927927928 0.04651081705571643)
(92.8928928928929 0.06357840347907065)
(92.992992992993 0.08160952819992555)
(93.0930930930931 0.10077656218755263)
(93.1931931931932 0.1212039776480254)
(93.2932932932933 0.1429605027897501)
(93.3933933933934 0.16605252079656418)
(93.4934934934935 0.19041904941563279)
(93.5935935935936 0.2159286509617769)
(93.6936936936937 0.24237861079067236)
(93.7937937937938 0.2694966798622711)
(93.8938938938939 0.2969456007804584)
(93.993993993994 0.3243305266590462)
(94.0940940940941 0.3512093019461116)
(94.1941941941942 0.3771054113218271)
(94.2942942942943 0.4015232278614762)
(94.3943943943944 0.423965018512897)
(94.4944944944945 0.44394900892033157)
(94.5945945945946 0.46102768624432405)
(94.6946946946947 0.474805441873644)
(94.7947947947948 0.48495463659210997)
(94.8948948948949 0.49122921498494165)
(94.994994994995 0.49347510410129225)
(95.0950950950951 0.49163679800064825)
(95.1951951951952 0.4857597433759713)
(95.2952952952953 0.47598838574720476)
(95.3953953953954 0.46255999134109177)
(95.4954954954955 0.4457946061160108)
(95.5955955955956 0.4260817308261854)
(95.6956956956957 0.40386446292912387)
(95.7957957957958 0.3796219705640961)
(95.8958958958959 0.3538512145307503)
(95.995995995996 0.32704882103130084)
(96.0960960960961 0.29969393650855414)
(96.1961961961962 0.2722327766032794)
(96.2962962962963 0.2450654278138023)
(96.3963963963964 0.21853528830534705)
(96.4964964964965 0.19292135891739928)
(96.5965965965966 0.16843343066683272)
(96.6966966966967 0.1452100721525795)
(96.7967967967968 0.12331920698886506)
(96.8968968968969 0.10276099172134871)
(96.996996996997 0.08347265896328267)
(97.0970970970971 0.06533497588663105)
(97.1971971971972 0.04817997938472355)
(97.2972972972973 0.03179967918899517)
(97.3973973973974 0.015955461166334936)
(97.4974974974975 0.0003879671349477969)
(97.5975975975976 -0.015172732290105264)
(97.6976976976977 -0.0309968249103944)
(97.7977977977978 -0.04734444081668425)
(97.8978978978979 -0.06445546910922892)
(97.997997997998 -0.08253965937323392)
(98.0980980980981 -0.10176718960445924)
(98.1981981981982 -0.122259922090217)
(98.2982982982983 -0.14408361282614435)
(98.3983983983984 -0.16724138133330996)
(98.4984984984985 -0.19166877844408026)
(98.5985985985986 -0.21723080192208208)
(98.6986986986987 -0.24372119661287073)
(98.7987987987988 -0.27086433175138425)
(98.8988988988989 -0.2983198700982995)
(98.998998998999 -0.3256903319151504)
(99.0990990990991 -0.3525315152237152)
(99.1991991991992 -0.37836556989738424)
(99.2992992992993 -0.4026963479537169)
(99.3993993993994 -0.4250264797589157)
(99.4994994994995 -0.44487547110666703)
(99.5995995995996 -0.4617979947704173)
(99.6996996996997 -0.47540147602282273)
(99.7997997997998 -0.4853620553587473)
(99.8998998998999 -0.4914380591199109)
(100.0 -0.4934802200544679)
