2100
(
(0 ((-0 0 0)(0 0 -0)))
(0.001 ((-6.9696948e-06 0 0)(0 0 -0)))
(0.002 ((-1.5463413e-05 0 0)(0 0 -0)))
(0.003 ((-2.5809888e-05 0 0)(0 0 -0)))
(0.004 ((-3.8405855e-05 0 0)(0 0 -0)))
(0.005 ((-5.3729701e-05 0 0)(0 0 -0)))
(0.006 ((-7.2356478e-05 0 0)(0 0 -0)))
(0.007 ((-9.4975177e-05 0 0)(0 0 -0)))
(0.008 ((-0.000122408 0 0)(0 0 -0)))
(0.009 ((-0.00015563141 0 0)(0 0 -0)))
(0.01 ((-0.00019579858 0 0)(0 0 -0)))
(0.011 ((-0.00024426224 0 0)(0 0 -0)))
(0.012 ((-0.00030259685 0 0)(0 0 -0)))
(0.013 ((-0.00037261832 0 0)(0 0 -0)))
(0.014 ((-0.0004563992 0 0)(0 0 -0)))
(0.015 ((-0.00055627685 0 0)(0 0 -0)))
(0.016 ((-0.00067485201 0 0)(0 0 -0)))
(0.017 ((-0.00081497551 0 0)(0 0 -0)))
(0.018 ((-0.00097972161 0 0)(0 0 -0)))
(0.019 ((-0.0011723476 0 0)(0 0 -0)))
(0.02 ((-0.0013962408 0 0)(0 0 -0)))
(0.021 ((-0.0016548563 0 0)(0 0 -0)))
(0.022 ((-0.0019516489 0 0)(0 0 -0)))
(0.023 ((-0.0022900061 0 0)(0 0 -0)))
(0.024 ((-0.0026731852 0 0)(0 0 -0)))
(0.025 ((-0.0031042603 0 0)(0 0 -0)))
(0.026 ((-0.0035860824 0 0)(0 0 -0)))
(0.027 ((-0.0041212522 0 0)(0 0 -0)))
(0.028 ((-0.004712107 0 0)(0 0 -0)))
(0.029 ((-0.0053607194 0 0)(0 0 -0)))
(0.03 ((-0.0060689053 0 0)(0 0 -0)))
(0.031 ((-0.0068382391 0 0)(0 0 -0)))
(0.032 ((-0.0076700736 0 0)(0 0 -0)))
(0.033 ((-0.008565562 0 0)(0 0 -0)))
(0.034 ((-0.0095256807 0 0)(0 0 -0)))
(0.035 ((-0.010551252 0 0)(0 0 -0)))
(0.036 ((-0.011642965 0 0)(0 0 -0)))
(0.037 ((-0.012801394 0 0)(0 0 -0)))
(0.038 ((-0.014027018 0 0)(0 0 -0)))
(0.039 ((-0.015320234 0 0)(0 0 -0)))
(0.04 ((-0.01668137 0 0)(0 0 -0)))
(0.041 ((-0.018110698 0 0)(0 0 -0)))
(0.042 ((-0.019608441 0 0)(0 0 -0)))
(0.043 ((-0.021174783 0 0)(0 0 -0)))
(0.044 ((-0.022809877 0 0)(0 0 -0)))
(0.045 ((-0.024513846 0 0)(0 0 -0)))
(0.046 ((-0.026286793 0 0)(0 0 -0)))
(0.047 ((-0.028128803 0 0)(0 0 -0)))
(0.048 ((-0.030039943 0 0)(0 0 -0)))
(0.049 ((-0.032020272 0 0)(0 0 -0)))
(0.05 ((-0.034069834 0 0)(0 0 -0)))
(0.051 ((-0.036188669 0 0)(0 0 -0)))
(0.052 ((-0.038376807 0 0)(0 0 -0)))
(0.053 ((-0.040634274 0 0)(0 0 -0)))
(0.054 ((-0.042961091 0 0)(0 0 -0)))
(0.055 ((-0.045357274 0 0)(0 0 -0)))
(0.056 ((-0.047822839 0 0)(0 0 -0)))
(0.057 ((-0.050357796 0 0)(0 0 -0)))
(0.058 ((-0.052962155 0 0)(0 0 -0)))
(0.059 ((-0.055635924 0 0)(0 0 -0)))
(0.06 ((-0.058379108 0 0)(0 0 -0)))
(0.061 ((-0.061191713 0 0)(0 0 -0)))
(0.062 ((-0.064073744 0 0)(0 0 -0)))
(0.063 ((-0.067025204 0 0)(0 0 -0)))
(0.064 ((-0.070046095 0 0)(0 0 -0)))
(0.065 ((-0.07313642 0 0)(0 0 -0)))
(0.066 ((-0.076296181 0 0)(0 0 -0)))
(0.067 ((-0.079525379 0 0)(0 0 -0)))
(0.068 ((-0.082824016 0 0)(0 0 -0)))
(0.069 ((-0.086192093 0 0)(0 0 -0)))
(0.07 ((-0.08962961 0 0)(0 0 -0)))
(0.071 ((-0.093136569 0 0)(0 0 -0)))
(0.072 ((-0.096712969 0 0)(0 0 -0)))
(0.073 ((-0.10035881 0 0)(0 0 -0)))
(0.074 ((-0.1040741 0 0)(0 0 -0)))
(0.075 ((-0.10785882 0 0)(0 0 -0)))
(0.076 ((-0.111713 0 0)(0 0 -0)))
(0.077 ((-0.11563661 0 0)(0 0 -0)))
(0.078 ((-0.11962967 0 0)(0 0 -0)))
(0.079 ((-0.12369217 0 0)(0 0 -0)))
(0.08 ((-0.12782411 0 0)(0 0 -0)))
(0.081 ((-0.1320255 0 0)(0 0 -0)))
(0.082 ((-0.13629633 0 0)(0 0 -0)))
(0.083 ((-0.14063661 0 0)(0 0 -0)))
(0.084 ((-0.14504633 0 0)(0 0 -0)))
(0.085 ((-0.14952549 0 0)(0 0 -0)))
(0.086 ((-0.1540741 0 0)(0 0 -0)))
(0.087 ((-0.15869214 0 0)(0 0 -0)))
(0.088 ((-0.16337964 0 0)(0 0 -0)))
(0.089 ((-0.16813657 0 0)(0 0 -0)))
(0.09 ((-0.17296294 0 0)(0 0 -0)))
(0.091 ((-0.17785876 0 0)(0 0 -0)))
(0.092 ((-0.18282402 0 0)(0 0 -0)))
(0.093 ((-0.18785871 0 0)(0 0 -0)))
(0.094 ((-0.19296285 0 0)(0 0 -0)))
(0.095 ((-0.19813642 0 0)(0 0 -0)))
(0.096 ((-0.20337943 0 0)(0 0 -0)))
(0.097 ((-0.20869187 0 0)(0 0 -0)))
(0.098 ((-0.21407374 0 0)(0 0 -0)))
(0.099 ((-0.21952505 0 0)(0 0 -0)))
(0.1 ((-0.22504577 0 0)(0 0 -0)))
(0.101 ((-0.23063592 0 0)(0 0 -0)))
(0.102 ((-0.23629549 0 0)(0 0 -0)))
(0.103 ((-0.24202446 0 0)(0 0 -0)))
(0.104 ((-0.24782284 0 0)(0 0 -0)))
(0.105 ((-0.25369061 0 0)(0 0 -0)))
(0.106 ((-0.25962776 0 0)(0 0 -0)))
(0.107 ((-0.26563427 0 0)(0 0 -0)))
(0.108 ((-0.27171014 0 0)(0 0 -0)))
(0.109 ((-0.27785534 0 0)(0 0 -0)))
(0.11 ((-0.28406983 0 0)(0 0 -0)))
(0.111 ((-0.2903536 0 0)(0 0 -0)))
(0.112 ((-0.29670661 0 0)(0 0 -0)))
(0.113 ((-0.3031288 0 0)(0 0 -0)))
(0.114 ((-0.30962013 0 0)(0 0 -0)))
(0.115 ((-0.31618051 0 0)(0 0 -0)))
(0.116 ((-0.32280988 0 0)(0 0 -0)))
(0.117 ((-0.32950812 0 0)(0 0 -0)))
(0.118 ((-0.33627511 0 0)(0 0 -0)))
(0.119 ((-0.3431107 0 0)(0 0 -0)))
(0.12 ((-0.3500147 0 0)(0 0 -0)))
(0.121 ((-0.3569869 0 0)(0 0 -0)))
(0.122 ((-0.36402702 0 0)(0 0 -0)))
(0.123 ((-0.37113473 0 0)(0 0 -0)))
(0.124 ((-0.37830963 0 0)(0 0 -0)))
(0.125 ((-0.38555125 0 0)(0 0 -0)))
(0.126 ((-0.39285901 0 0)(0 0 -0)))
(0.127 ((-0.40023223 0 0)(0 0 -0)))
(0.128 ((-0.40767007 0 0)(0 0 -0)))
(0.129 ((-0.41517157 0 0)(0 0 -0)))
(0.13 ((-0.42273557 0 0)(0 0 -0)))
(0.131 ((-0.43036072 0 0)(0 0 -0)))
(0.132 ((-0.43804544 0 0)(0 0 -0)))
(0.133 ((-0.44578792 0 0)(0 0 -0)))
(0.134 ((-0.45358608 0 0)(0 0 -0)))
(0.135 ((-0.46143759 0 0)(0 0 -0)))
(0.136 ((-0.46933985 0 0)(0 0 -0)))
(0.137 ((-0.47729001 0 0)(0 0 -0)))
(0.138 ((-0.48528498 0 0)(0 0 -0)))
(0.139 ((-0.49332152 0 0)(0 0 -0)))
(0.14 ((-0.50139624 0 0)(0 0 -0)))
(0.141 ((-0.50950568 0 0)(0 0 -0)))
(0.142 ((-0.51764639 0 0)(0 0 -0)))
(0.143 ((-0.52581498 0 0)(0 0 -0)))
(0.144 ((-0.53400819 0 0)(0 0 -0)))
(0.145 ((-0.54222294 0 0)(0 0 -0)))
(0.146 ((-0.5504564 0 0)(0 0 -0)))
(0.147 ((-0.55870595 0 0)(0 0 -0)))
(0.148 ((-0.56696926 0 0)(0 0 -0)))
(0.149 ((-0.57524426 0 0)(0 0 -0)))
(0.15 ((-0.58352913 0 0)(0 0 -0)))
(0.151 ((-0.5918223 0 0)(0 0 -0)))
(0.152 ((-0.60012241 0 0)(0 0 -0)))
(0.153 ((-0.60842831 0 0)(0 0 -0)))
(0.154 ((-0.61673902 0 0)(0 0 -0)))
(0.155 ((-0.62505373 0 0)(0 0 -0)))
(0.156 ((-0.63337174 0 0)(0 0 -0)))
(0.157 ((-0.64169248 0 0)(0 0 -0)))
(0.158 ((-0.65001546 0 0)(0 0 -0)))
(0.159 ((-0.6583403 0 0)(0 0 -0)))
(0.16 ((-0.66666667 0 0)(0 0 -0)))
(0.161 ((-0.67499428 0 0)(0 0 -0)))
(0.162 ((-0.68332293 0 0)(0 0 -0)))
(0.163 ((-0.69165242 0 0)(0 0 -0)))
(0.164 ((-0.69998261 0 0)(0 0 -0)))
(0.165 ((-0.70831336 0 0)(0 0 -0)))
(0.166 ((-0.71664458 0 0)(0 0 -0)))
(0.167 ((-0.72497618 0 0)(0 0 -0)))
(0.168 ((-0.73330809 0 0)(0 0 -0)))
(0.169 ((-0.74164027 0 0)(0 0 -0)))
(0.17 ((-0.74997265 0 0)(0 0 -0)))
(0.171 ((-0.7583052 0 0)(0 0 -0)))
(0.172 ((-0.7666379 0 0)(0 0 -0)))
(0.173 ((-0.77497071 0 0)(0 0 -0)))
(0.174 ((-0.78330361 0 0)(0 0 -0)))
(0.175 ((-0.7916366 0 0)(0 0 -0)))
(0.176 ((-0.79996964 0 0)(0 0 -0)))
(0.177 ((-0.80830274 0 0)(0 0 -0)))
(0.178 ((-0.81663588 0 0)(0 0 -0)))
(0.179 ((-0.82496906 0 0)(0 0 -0)))
(0.18 ((-0.83330226 0 0)(0 0 -0)))
(0.181 ((-0.84163549 0 0)(0 0 -0)))
(0.182 ((-0.84996874 0 0)(0 0 -0)))
(0.183 ((-0.858302 0 0)(0 0 -0)))
(0.184 ((-0.86663528 0 0)(0 0 -0)))
(0.185 ((-0.87496856 0 0)(0 0 -0)))
(0.186 ((-0.88330186 0 0)(0 0 -0)))
(0.187 ((-0.89163516 0 0)(0 0 -0)))
(0.188 ((-0.89996846 0 0)(0 0 -0)))
(0.189 ((-0.90830178 0 0)(0 0 -0)))
(0.19 ((-0.91663509 0 0)(0 0 -0)))
(0.191 ((-0.92496841 0 0)(0 0 -0)))
(0.192 ((-0.93330173 0 0)(0 0 -0)))
(0.193 ((-0.94163506 0 0)(0 0 -0)))
(0.194 ((-0.94996838 0 0)(0 0 -0)))
(0.195 ((-0.95830171 0 0)(0 0 -0)))
(0.196 ((-0.96663504 0 0)(0 0 -0)))
(0.197 ((-0.97496837 0 0)(0 0 -0)))
(0.198 ((-0.9833017 0 0)(0 0 -0)))
(0.199 ((-0.99163503 0 0)(0 0 -0)))
(0.2 ((-0.99996836 0 0)(0 0 -0)))
(0.201 ((-1.0083017 0 0)(0 0 -0)))
(0.202 ((-1.016635 0 0)(0 0 -0)))
(0.203 ((-1.0249684 0 0)(0 0 -0)))
(0.204 ((-1.0333017 0 0)(0 0 -0)))
(0.205 ((-1.041635 0 0)(0 0 -0)))
(0.206 ((-1.0499683 0 0)(0 0 -0)))
(0.207 ((-1.0583017 0 0)(0 0 -0)))
(0.208 ((-1.066635 0 0)(0 0 -0)))
(0.209 ((-1.0749683 0 0)(0 0 -0)))
(0.21 ((-1.0833017 0 0)(0 0 -0)))
(0.211 ((-1.091635 0 0)(0 0 -0)))
(0.212 ((-1.0999683 0 0)(0 0 -0)))
(0.213 ((-1.1083017 0 0)(0 0 -0)))
(0.214 ((-1.116635 0 0)(0 0 -0)))
(0.215 ((-1.1249683 0 0)(0 0 -0)))
(0.216 ((-1.1333017 0 0)(0 0 -0)))
(0.217 ((-1.141635 0 0)(0 0 -0)))
(0.218 ((-1.1499683 0 0)(0 0 -0)))
(0.219 ((-1.1583017 0 0)(0 0 -0)))
(0.22 ((-1.166635 0 0)(0 0 -0)))
(0.221 ((-1.1749683 0 0)(0 0 -0)))
(0.222 ((-1.1833017 0 0)(0 0 -0)))
(0.223 ((-1.191635 0 0)(0 0 -0)))
(0.224 ((-1.1999683 0 0)(0 0 -0)))
(0.225 ((-1.2083017 0 0)(0 0 -0)))
(0.226 ((-1.216635 0 0)(0 0 -0)))
(0.227 ((-1.2249683 0 0)(0 0 -0)))
(0.228 ((-1.2333017 0 0)(0 0 -0)))
(0.229 ((-1.241635 0 0)(0 0 -0)))
(0.23 ((-1.2499683 0 0)(0 0 -0)))
(0.231 ((-1.2583017 0 0)(0 0 -0)))
(0.232 ((-1.266635 0 0)(0 0 -0)))
(0.233 ((-1.2749683 0 0)(0 0 -0)))
(0.234 ((-1.2833017 0 0)(0 0 -0)))
(0.235 ((-1.291635 0 0)(0 0 -0)))
(0.236 ((-1.2999683 0 0)(0 0 -0)))
(0.237 ((-1.3083017 0 0)(0 0 -0)))
(0.238 ((-1.316635 0 0)(0 0 -0)))
(0.239 ((-1.3249683 0 0)(0 0 -0)))
(0.24 ((-1.3333017 0 0)(0 0 -0)))
(0.241 ((-1.341635 0 0)(0 0 -0)))
(0.242 ((-1.3499683 0 0)(0 0 -0)))
(0.243 ((-1.3583017 0 0)(0 0 -0)))
(0.244 ((-1.366635 0 0)(0 0 -0)))
(0.245 ((-1.3749683 0 0)(0 0 -0)))
(0.246 ((-1.3833017 0 0)(0 0 -0)))
(0.247 ((-1.391635 0 0)(0 0 -0)))
(0.248 ((-1.3999683 0 0)(0 0 -0)))
(0.249 ((-1.4083017 0 0)(0 0 -0)))
(0.25 ((-1.416635 0 0)(0 0 -0)))
(0.251 ((-1.4249683 0 0)(0 0 -0)))
(0.252 ((-1.4333017 0 0)(0 0 -0)))
(0.253 ((-1.441635 0 0)(0 0 -0)))
(0.254 ((-1.4499683 0 0)(0 0 -0)))
(0.255 ((-1.4583017 0 0)(0 0 -0)))
(0.256 ((-1.466635 0 0)(0 0 -0)))
(0.257 ((-1.4749683 0 0)(0 0 -0)))
(0.258 ((-1.4833017 0 0)(0 0 -0)))
(0.259 ((-1.491635 0 0)(0 0 -0)))
(0.26 ((-1.4999683 0 0)(0 0 -0)))
(0.261 ((-1.5083017 0 0)(0 0 -0)))
(0.262 ((-1.516635 0 0)(0 0 -0)))
(0.263 ((-1.5249683 0 0)(0 0 -0)))
(0.264 ((-1.5333017 0 0)(0 0 -0)))
(0.265 ((-1.541635 0 0)(0 0 -0)))
(0.266 ((-1.5499683 0 0)(0 0 -0)))
(0.267 ((-1.5583017 0 0)(0 0 -0)))
(0.268 ((-1.566635 0 0)(0 0 -0)))
(0.269 ((-1.5749683 0 0)(0 0 -0)))
(0.27 ((-1.5833017 0 0)(0 0 -0)))
(0.271 ((-1.591635 0 0)(0 0 -0)))
(0.272 ((-1.5999683 0 0)(0 0 -0)))
(0.273 ((-1.6083017 0 0)(0 0 -0)))
(0.274 ((-1.616635 0 0)(0 0 -0)))
(0.275 ((-1.6249683 0 0)(0 0 -0)))
(0.276 ((-1.6333017 0 0)(0 0 -0)))
(0.277 ((-1.641635 0 0)(0 0 -0)))
(0.278 ((-1.6499683 0 0)(0 0 -0)))
(0.279 ((-1.6583017 0 0)(0 0 -0)))
(0.28 ((-1.666635 0 0)(0 0 -0)))
(0.281 ((-1.6749683 0 0)(0 0 -0)))
(0.282 ((-1.6833017 0 0)(0 0 -0)))
(0.283 ((-1.691635 0 0)(0 0 -0)))
(0.284 ((-1.6999683 0 0)(0 0 -0)))
(0.285 ((-1.7083017 0 0)(0 0 -0)))
(0.286 ((-1.716635 0 0)(0 0 -0)))
(0.287 ((-1.7249683 0 0)(0 0 -0)))
(0.288 ((-1.7333017 0 0)(0 0 -0)))
(0.289 ((-1.741635 0 0)(0 0 -0)))
(0.29 ((-1.7499683 0 0)(0 0 -0)))
(0.291 ((-1.7583017 0 0)(0 0 -0)))
(0.292 ((-1.766635 0 0)(0 0 -0)))
(0.293 ((-1.7749683 0 0)(0 0 -0)))
(0.294 ((-1.7833017 0 0)(0 0 -0)))
(0.295 ((-1.791635 0 0)(0 0 -0)))
(0.296 ((-1.7999683 0 0)(0 0 -0)))
(0.297 ((-1.8083017 0 0)(0 0 -0)))
(0.298 ((-1.816635 0 0)(0 0 -0)))
(0.299 ((-1.8249683 0 0)(0 0 -0)))
(0.3 ((-1.8333017 0 0)(0 0 -4.9406565e-324)))
(0.301 ((-1.841635 0 0)(0 0 -0)))
(0.302 ((-1.8499683 0 0)(0 0 -9.8813129e-324)))
(0.303 ((-1.8583017 0 0)(0 0 3.9525252e-323)))
(0.304 ((-1.866635 0 0)(0 0 -1.3833838e-322)))
(0.305 ((-1.8749683 0 0)(0 0 5.2865024e-322)))
(0.306 ((-1.8833017 0 0)(0 0 -1.9762626e-321)))
(0.307 ((-1.891635 0 0)(0 0 7.3566375e-321)))
(0.308 ((-1.8999683 0 0)(0 0 -2.747005e-320)))
(0.309 ((-1.9083017 0 0)(0 0 1.025038e-319)))
(0.31 ((-1.916635 0 0)(0 0 -3.8255009e-319)))
(0.311 ((-1.9249683 0 0)(0 0 1.4277114e-318)))
(0.312 ((-1.9333017 0 0)(0 0 -5.3282806e-318)))
(0.313 ((-1.941635 0 0)(0 0 1.9885411e-317)))
(0.314 ((-1.9499683 0 0)(0 0 -7.4213339e-317)))
(0.315 ((-1.9583017 0 0)(0 0 2.7696798e-316)))
(0.316 ((-1.966635 0 0)(0 0 -1.0336585e-315)))
(0.317 ((-1.9749683 0 0)(0 0 3.8576662e-315)))
(0.318 ((-1.9833017 0 0)(0 0 -1.4397006e-314)))
(0.319 ((-1.991635 0 0)(0 0 5.3730359e-314)))
(0.32 ((-1.9999683 0 0)(0 0 -2.0052443e-313)))
(0.321 ((-2.0083017 0 0)(0 0 7.4836736e-313)))
(0.322 ((-2.016635 0 0)(0 0 -2.792945e-312)))
(0.323 ((-2.0249683 0 0)(0 0 1.0423413e-311)))
(0.324 ((-2.0333017 0 0)(0 0 -3.8900706e-311)))
(0.325 ((-2.041635 0 0)(0 0 1.4517941e-310)))
(0.326 ((-2.0499683 0 0)(0 0 -5.4181694e-310)))
(0.327 ((-2.0583017 0 0)(0 0 2.0220883e-309)))
(0.328 ((-2.066635 0 0)(0 0 -7.5465364e-309)))
(0.329 ((-2.0749683 0 0)(0 0 2.8164057e-308)))
(0.33 ((-2.0833017 0 0)(0 0 -1.0510969e-307)))
(0.331 ((-2.091635 0 0)(0 0 3.9227471e-307)))
(0.332 ((-2.0999683 0 0)(0 0 -1.4639892e-306)))
(0.333 ((-2.1083017 0 0)(0 0 5.4636819e-306)))
(0.334 ((-2.116635 0 0)(0 0 -2.0390739e-305)))
(0.335 ((-2.1249683 0 0)(0 0 7.6099273e-305)))
(0.336 ((-2.1333017 0 0)(0 0 -2.8400635e-304)))
(0.337 ((-2.141635 0 0)(0 0 1.0599261e-303)))
(0.338 ((-2.1499683 0 0)(0 0 -3.9556982e-303)))
(0.339 ((-2.1583017 0 0)(0 0 1.4762867e-302)))
(0.34 ((-2.166635 0 0)(0 0 -5.5095768e-302)))
(0.341 ((-2.1749683 0 0)(0 0 2.0562021e-301)))
(0.342 ((-2.1833017 0 0)(0 0 -7.6738506e-301)))
(0.343 ((-2.191635 0 0)(0 0 2.86392e-300)))
(0.344 ((-2.1999683 0 0)(0 0 -1.0688295e-299)))
(0.345 ((-2.2083017 0 0)(0 0 3.988926e-299)))
(0.346 ((-2.216635 0 0)(0 0 -1.4886875e-298)))
(0.347 ((-2.2249683 0 0)(0 0 5.5558572e-298)))
(0.348 ((-2.2333017 0 0)(0 0 -2.0734741e-297)))
(0.349 ((-2.241635 0 0)(0 0 7.7383108e-297)))
(0.35 ((-2.2499683 0 0)(0 0 -2.8879769e-296)))
(0.351 ((-2.2583017 0 0)(0 0 1.0778077e-295)))
(0.352 ((-2.266635 0 0)(0 0 -4.0224329e-295)))
(0.353 ((-2.2749683 0 0)(0 0 1.5011924e-294)))
(0.354 ((-2.2833017 0 0)(0 0 -5.6025264e-294)))
(0.355 ((-2.291635 0 0)(0 0 2.0908913e-293)))
(0.356 ((-2.2999683 0 0)(0 0 -7.8033126e-293)))
(0.357 ((-2.3083017 0 0)(0 0 2.9122359e-292)))
(0.358 ((-2.316635 0 0)(0 0 -1.0868612e-291)))
(0.359 ((-2.3249683 0 0)(0 0 4.0562213e-291)))
(0.36 ((-2.3333017 0 0)(0 0 -1.5138024e-290)))
(0.361 ((-2.341635 0 0)(0 0 5.6495875e-290)))
(0.362 ((-2.3499683 0 0)(0 0 -2.1084548e-289)))
(0.363 ((-2.3583017 0 0)(0 0 7.8688603e-289)))
(0.364 ((-2.366635 0 0)(0 0 -2.9366986e-288)))
(0.365 ((-2.3749683 0 0)(0 0 1.0959909e-287)))
(0.366 ((-2.3833017 0 0)(0 0 -4.0902936e-287)))
(0.367 ((-2.391635 0 0)(0 0 1.5265183e-286)))
(0.368 ((-2.3999683 0 0)(0 0 -5.697044e-286)))
(0.369 ((-2.4083017 0 0)(0 0 2.1261658e-285)))
(0.37 ((-2.416635 0 0)(0 0 -7.9349587e-285)))
(0.371 ((-2.4249683 0 0)(0 0 2.9613669e-284)))
(0.372 ((-2.4333017 0 0)(0 0 -1.1051972e-283)))
(0.373 ((-2.441635 0 0)(0 0 4.124652e-283)))
(0.374 ((-2.4499683 0 0)(0 0 -1.5393411e-282)))
(0.375 ((-2.4583017 0 0)(0 0 5.7448991e-282)))
(0.376 ((-2.466635 0 0)(0 0 -2.1440255e-281)))
(0.377 ((-2.4749683 0 0)(0 0 8.0016122e-281)))
(0.378 ((-2.4833017 0 0)(0 0 -2.9862423e-280)))
(0.379 ((-2.491635 0 0)(0 0 1.1144808e-279)))
(0.38 ((-2.4999683 0 0)(0 0 -4.159299e-279)))
(0.381 ((-2.5083017 0 0)(0 0 1.5522715e-278)))
(0.382 ((-2.516635 0 0)(0 0 -5.7931562e-278)))
(0.383 ((-2.5249683 0 0)(0 0 2.1620353e-277)))
(0.384 ((-2.5333017 0 0)(0 0 -8.0688257e-277)))
(0.385 ((-2.541635 0 0)(0 0 3.0113267e-276)))
(0.386 ((-2.5499683 0 0)(0 0 -1.1238424e-275)))
(0.387 ((-2.5583017 0 0)(0 0 4.1942371e-275)))
(0.388 ((-2.566635 0 0)(0 0 -1.5653106e-274)))
(0.389 ((-2.5749683 0 0)(0 0 5.8418187e-274)))
(0.39 ((-2.5833017 0 0)(0 0 -2.1801964e-273)))
(0.391 ((-2.591635 0 0)(0 0 8.1366038e-273)))
(0.392 ((-2.5999683 0 0)(0 0 -3.0366219e-272)))
(0.393 ((-2.6083017 0 0)(0 0 1.1332827e-271)))
(0.394 ((-2.616635 0 0)(0 0 -4.2294686e-271)))
(0.395 ((-2.6249683 0 0)(0 0 1.5784592e-270)))
(0.396 ((-2.6333017 0 0)(0 0 -5.8908899e-270)))
(0.397 ((-2.641635 0 0)(0 0 2.19851e-269)))
(0.398 ((-2.6499683 0 0)(0 0 -8.2049511e-269)))
(0.399 ((-2.6583017 0 0)(0 0 3.0621295e-268)))
(0.4 ((-2.666635 0 0)(0 0 -1.1428023e-267)))
(0.401 ((-2.6749683 0 0)(0 0 4.2649961e-267)))
(0.402 ((-2.6833017 0 0)(0 0 -1.5917182e-266)))
(0.403 ((-2.691635 0 0)(0 0 5.9403733e-266)))
(0.404 ((-2.6999683 0 0)(0 0 -2.2169775e-265)))
(0.405 ((-2.7083017 0 0)(0 0 8.2738727e-265)))
(0.406 ((-2.716635 0 0)(0 0 -3.0878513e-264)))
(0.407 ((-2.7249683 0 0)(0 0 1.1524018e-263)))
(0.408 ((-2.7333017 0 0)(0 0 -4.3008221e-263)))
(0.409 ((-2.741635 0 0)(0 0 1.6050886e-262)))
(0.41 ((-2.7499683 0 0)(0 0 -5.9902724e-262)))
(0.411 ((-2.7583017 0 0)(0 0 2.2356001e-261)))
(0.412 ((-2.766635 0 0)(0 0 -8.3433731e-261)))
(0.413 ((-2.7749683 0 0)(0 0 3.1137892e-260)))
(0.414 ((-2.7833017 0 0)(0 0 -1.162082e-259)))
(0.415 ((-2.791635 0 0)(0 0 4.3369489e-259)))
(0.416 ((-2.7999683 0 0)(0 0 -1.6185714e-258)))
(0.417 ((-2.8083017 0 0)(0 0 6.0405906e-258)))
(0.418 ((-2.816635 0 0)(0 0 -2.2543791e-257)))
(0.419 ((-2.8249683 0 0)(0 0 8.4134574e-257)))
(0.42 ((-2.8333017 0 0)(0 0 -3.139945e-256)))
(0.421 ((-2.841635 0 0)(0 0 1.1718434e-255)))
(0.422 ((-2.8499683 0 0)(0 0 -4.3733793e-255)))
(0.423 ((-2.8583017 0 0)(0 0 1.6321674e-254)))
(0.424 ((-2.866635 0 0)(0 0 -6.0913315e-254)))
(0.425 ((-2.8749683 0 0)(0 0 2.2733159e-253)))
(0.426 ((-2.8833017 0 0)(0 0 -8.4841303e-253)))
(0.427 ((-2.891635 0 0)(0 0 3.1663205e-252)))
(0.428 ((-2.8999683 0 0)(0 0 -1.1816869e-251)))
(0.429 ((-2.9083017 0 0)(0 0 4.4101156e-251)))
(0.43 ((-2.916635 0 0)(0 0 -1.6458775e-250)))
(0.431 ((-2.9249683 0 0)(0 0 6.1424986e-250)))
(0.432 ((-2.9333017 0 0)(0 0 -2.2924117e-249)))
(0.433 ((-2.941635 0 0)(0 0 8.5553969e-249)))
(0.434 ((-2.9499683 0 0)(0 0 -3.1929176e-248)))
(0.435 ((-2.9583017 0 0)(0 0 1.1916131e-247)))
(0.436 ((-2.966635 0 0)(0 0 -4.4471605e-247)))
(0.437 ((-2.9749683 0 0)(0 0 1.6597029e-246)))
(0.438 ((-2.9833017 0 0)(0 0 -6.1940956e-246)))
(0.439 ((-2.991635 0 0)(0 0 2.3116679e-245)))
(0.44 ((-2.9999683 0 0)(0 0 -8.6272622e-245)))
(0.441 ((-3.0083017 0 0)(0 0 3.2197381e-244)))
(0.442 ((-3.016635 0 0)(0 0 -1.2016226e-243)))
(0.443 ((-3.0249683 0 0)(0 0 4.4845166e-243)))
(0.444 ((-3.0333017 0 0)(0 0 -1.6736444e-242)))
(0.445 ((-3.041635 0 0)(0 0 6.2461259e-242)))
(0.446 ((-3.0499683 0 0)(0 0 -2.3310859e-241)))
(0.447 ((-3.0583017 0 0)(0 0 8.6997311e-241)))
(0.448 ((-3.066635 0 0)(0 0 -3.2467838e-240)))
(0.449 ((-3.0749683 0 0)(0 0 1.2117162e-239)))
(0.45 ((-3.0833017 0 0)(0 0 -4.5221865e-239)))
(0.451 ((-3.091635 0 0)(0 0 1.687703e-238)))
(0.452 ((-3.0999683 0 0)(0 0 -6.2985933e-238)))
(0.453 ((-3.1083017 0 0)(0 0 2.350667e-237)))
(0.454 ((-3.116635 0 0)(0 0 -8.7728087e-237)))
(0.455 ((-3.1249683 0 0)(0 0 3.2740568e-236)))
(0.456 ((-3.1333017 0 0)(0 0 -1.2218946e-235)))
(0.457 ((-3.141635 0 0)(0 0 4.5601728e-235)))
(0.458 ((-3.1499683 0 0)(0 0 -1.7018797e-234)))
(0.459 ((-3.1583017 0 0)(0 0 6.3515014e-234)))
(0.46 ((-3.166635 0 0)(0 0 -2.3704126e-233)))
(0.461 ((-3.1749683 0 0)(0 0 8.8465003e-233)))
(0.462 ((-3.1833017 0 0)(0 0 -3.3015588e-232)))
(0.463 ((-3.191635 0 0)(0 0 1.2321585e-231)))
(0.464 ((-3.1999683 0 0)(0 0 -4.5984783e-231)))
(0.465 ((-3.2083017 0 0)(0 0 1.7161754e-230)))
(0.466 ((-3.216635 0 0)(0 0 -6.404854e-230)))
(0.467 ((-3.2249683 0 0)(0 0 2.390324e-229)))
(0.468 ((-3.2333017 0 0)(0 0 -8.9208108e-229)))
(0.469 ((-3.241635 0 0)(0 0 3.3292919e-228)))
(0.47 ((-3.2499683 0 0)(0 0 -1.2425087e-227)))
(0.471 ((-3.2583017 0 0)(0 0 4.6371054e-227)))
(0.472 ((-3.266635 0 0)(0 0 -1.7305913e-226)))
(0.473 ((-3.2749683 0 0)(0 0 6.4586547e-226)))
(0.474 ((-3.2833017 0 0)(0 0 -2.4104027e-225)))
(0.475 ((-3.291635 0 0)(0 0 8.9957455e-225)))
(0.476 ((-3.2999683 0 0)(0 0 -3.3572579e-224)))
(0.477 ((-3.3083017 0 0)(0 0 1.2529457e-223)))
(0.478 ((-3.316635 0 0)(0 0 -4.6760571e-223)))
(0.479 ((-3.3249683 0 0)(0 0 1.7451283e-222)))
(0.48 ((-3.3333017 0 0)(0 0 -6.5129073e-222)))
(0.481 ((-3.341635 0 0)(0 0 2.4306501e-221)))
(0.482 ((-3.3499683 0 0)(0 0 -9.0713097e-221)))
(0.483 ((-3.3583017 0 0)(0 0 3.3854589e-220)))
(0.484 ((-3.366635 0 0)(0 0 -1.2634704e-219)))
(0.485 ((-3.3749683 0 0)(0 0 4.7153359e-219)))
(0.486 ((-3.3833017 0 0)(0 0 -1.7597873e-218)))
(0.487 ((-3.391635 0 0)(0 0 6.5676157e-218)))
(0.488 ((-3.3999683 0 0)(0 0 -2.4510675e-217)))
(0.489 ((-3.4083017 0 0)(0 0 9.1475086e-217)))
(0.49 ((-3.416635 0 0)(0 0 -3.4138967e-216)))
(0.491 ((-3.4249683 0 0)(0 0 1.2740836e-215)))
(0.492 ((-3.4333017 0 0)(0 0 -4.7549447e-215)))
(0.493 ((-3.441635 0 0)(0 0 1.7745695e-214)))
(0.494 ((-3.4499683 0 0)(0 0 -6.6227836e-214)))
(0.495 ((-3.4583017 0 0)(0 0 2.4716565e-213)))
(0.496 ((-3.466635 0 0)(0 0 -9.2243476e-213)))
(0.497 ((-3.4749683 0 0)(0 0 3.4425734e-212)))
(0.498 ((-3.4833017 0 0)(0 0 -1.2847859e-211)))
(0.499 ((-3.491635 0 0)(0 0 4.7948862e-211)))
(0.5 ((-3.4999683 0 0)(0 0 -1.7894759e-210)))
(0.501 ((-3.5083017 0 0)(0 0 6.6784149e-210)))
(0.502 ((-3.516635 0 0)(0 0 -2.4924184e-209)))
(0.503 ((-3.5249683 0 0)(0 0 9.301832e-209)))
(0.504 ((-3.5333017 0 0)(0 0 -3.471491e-208)))
(0.505 ((-3.541635 0 0)(0 0 1.2955781e-207)))
(0.506 ((-3.5499683 0 0)(0 0 -4.8351632e-207)))
(0.507 ((-3.5583017 0 0)(0 0 1.8045075e-206)))
(0.508 ((-3.566635 0 0)(0 0 -6.7345135e-206)))
(0.509 ((-3.5749683 0 0)(0 0 2.5133547e-205)))
(0.51 ((-3.5833017 0 0)(0 0 -9.3799673e-205)))
(0.511 ((-3.591635 0 0)(0 0 3.5006514e-204)))
(0.512 ((-3.5999683 0 0)(0 0 -1.3064609e-203)))
(0.513 ((-3.6083017 0 0)(0 0 4.8757785e-203)))
(0.514 ((-3.616635 0 0)(0 0 -1.8196653e-202)))
(0.515 ((-3.6249683 0 0)(0 0 6.7910834e-202)))
(0.516 ((-3.6333017 0 0)(0 0 -2.5344668e-201)))
(0.517 ((-3.641635 0 0)(0 0 9.4587589e-201)))
(0.518 ((-3.6499683 0 0)(0 0 -3.5300569e-200)))
(0.519 ((-3.6583017 0 0)(0 0 1.3174352e-199)))
(0.52 ((-3.666635 0 0)(0 0 -4.916735e-199)))
(0.521 ((-3.6749683 0 0)(0 0 1.8349505e-198)))
(0.522 ((-3.6833017 0 0)(0 0 -6.8481284e-198)))
(0.523 ((-3.691635 0 0)(0 0 2.5557563e-197)))
(0.524 ((-3.6999683 0 0)(0 0 -9.5382124e-197)))
(0.525 ((-3.7083017 0 0)(0 0 3.5597093e-196)))
(0.526 ((-3.716635 0 0)(0 0 -1.3285016e-195)))
(0.527 ((-3.7249683 0 0)(0 0 4.9580355e-195)))
(0.528 ((-3.7333017 0 0)(0 0 -1.850364e-194)))
(0.529 ((-3.741635 0 0)(0 0 6.9056526e-194)))
(0.53 ((-3.7499683 0 0)(0 0 -2.5772246e-193)))
(0.531 ((-3.7583017 0 0)(0 0 9.6183333e-193)))
(0.532 ((-3.766635 0 0)(0 0 -3.5896108e-192)))
(0.533 ((-3.7749683 0 0)(0 0 1.339661e-191)))
(0.534 ((-3.7833017 0 0)(0 0 -4.9996829e-191)))
(0.535 ((-3.791635 0 0)(0 0 1.8659071e-190)))
(0.536 ((-3.7999683 0 0)(0 0 -6.96366e-190)))
(0.537 ((-3.8083017 0 0)(0 0 2.5988733e-189)))
(0.538 ((-3.816635 0 0)(0 0 -9.6991272e-189)))
(0.539 ((-3.8249683 0 0)(0 0 3.6197635e-188)))
(0.54 ((-3.8333017 0 0)(0 0 -1.3509141e-187)))
(0.541 ((-3.841635 0 0)(0 0 5.0416802e-187)))
(0.542 ((-3.8499683 0 0)(0 0 -1.8815807e-186)))
(0.543 ((-3.8583017 0 0)(0 0 7.0221547e-186)))
(0.544 ((-3.866635 0 0)(0 0 -2.6207038e-185)))
(0.545 ((-3.8749683 0 0)(0 0 9.7805998e-185)))
(0.546 ((-3.8833017 0 0)(0 0 -3.6501695e-184)))
(0.547 ((-3.891635 0 0)(0 0 1.3622618e-183)))
(0.548 ((-3.8999683 0 0)(0 0 -5.0840303e-183)))
(0.549 ((-3.9083017 0 0)(0 0 1.8973859e-182)))
(0.55 ((-3.916635 0 0)(0 0 -7.0811407e-182)))
(0.551 ((-3.9249683 0 0)(0 0 2.6427177e-181)))
(0.552 ((-3.9333017 0 0)(0 0 -9.8627567e-181)))
(0.553 ((-3.941635 0 0)(0 0 3.6808309e-180)))
(0.554 ((-3.9499683 0 0)(0 0 -1.3737048e-179)))
(0.555 ((-3.9583017 0 0)(0 0 5.1267361e-179)))
(0.556 ((-3.966635 0 0)(0 0 -1.913324e-178)))
(0.557 ((-3.9749683 0 0)(0 0 7.1406222e-178)))
(0.558 ((-3.9833017 0 0)(0 0 -2.6649165e-177)))
(0.559 ((-3.991635 0 0)(0 0 9.9456038e-177)))
(0.56 ((-3.9999683 0 0)(0 0 -3.7117499e-176)))
(0.561 ((-4.0083017 0 0)(0 0 1.3852439e-175)))
(0.562 ((-4.016635 0 0)(0 0 -5.1698006e-175)))
(0.563 ((-4.0249683 0 0)(0 0 1.9293959e-174)))
(0.564 ((-4.0333017 0 0)(0 0 -7.2006034e-174)))
(0.565 ((-4.041635 0 0)(0 0 2.6873018e-173)))
(0.566 ((-4.0499683 0 0)(0 0 -1.0029147e-172)))
(0.567 ((-4.0583017 0 0)(0 0 3.7429285e-172)))
(0.568 ((-4.066635 0 0)(0 0 -1.3968799e-171)))
(0.569 ((-4.0749683 0 0)(0 0 5.2132269e-171)))
(0.57 ((-4.0833017 0 0)(0 0 -1.9456028e-170)))
(0.571 ((-4.091635 0 0)(0 0 7.2610884e-170)))
(0.572 ((-4.0999683 0 0)(0 0 -2.7098751e-169)))
(0.573 ((-4.1083017 0 0)(0 0 1.0113391e-168)))
(0.574 ((-4.116635 0 0)(0 0 -3.7743691e-168)))
(0.575 ((-4.1249683 0 0)(0 0 1.4086137e-167)))
(0.576 ((-4.1333017 0 0)(0 0 -5.257018e-167)))
(0.577 ((-4.141635 0 0)(0 0 1.9619458e-166)))
(0.578 ((-4.1499683 0 0)(0 0 -7.3220815e-166)))
(0.579 ((-4.1583017 0 0)(0 0 2.732638e-165)))
(0.58 ((-4.166635 0 0)(0 0 -1.0198344e-164)))
(0.581 ((-4.1749683 0 0)(0 0 3.8060737e-164)))
(0.582 ((-4.1833017 0 0)(0 0 -1.4204461e-163)))
(0.583 ((-4.191635 0 0)(0 0 5.3011769e-163)))
(0.584 ((-4.1999683 0 0)(0 0 -1.9784261e-162)))
(0.585 ((-4.2083017 0 0)(0 0 7.3835869e-162)))
(0.586 ((-4.216635 0 0)(0 0 -2.7555921e-161)))
(0.587 ((-4.2249683 0 0)(0 0 1.028401e-160)))
(0.588 ((-4.2333017 0 0)(0 0 -3.8380447e-160)))
(0.589 ((-4.241635 0 0)(0 0 1.4323778e-159)))
(0.59 ((-4.2499683 0 0)(0 0 -5.3457067e-159)))
(0.591 ((-4.2583017 0 0)(0 0 1.9950449e-158)))
(0.592 ((-4.266635 0 0)(0 0 -7.4456089e-158)))
(0.593 ((-4.2749683 0 0)(0 0 2.7787391e-157)))
(0.594 ((-4.2833017 0 0)(0 0 -1.0370395e-156)))
(0.595 ((-4.291635 0 0)(0 0 3.8702843e-156)))
(0.596 ((-4.2999683 0 0)(0 0 -1.4444097e-155)))
(0.597 ((-4.3083017 0 0)(0 0 5.3906106e-155)))
(0.598 ((-4.316635 0 0)(0 0 -2.0118033e-154)))
(0.599 ((-4.3249683 0 0)(0 0 7.508152e-154)))
(0.6 ((-4.3333017 0 0)(0 0 -2.8020805e-153)))
(0.601 ((-4.341635 0 0)(0 0 1.0457507e-152)))
(0.602 ((-4.3499683 0 0)(0 0 -3.9027946e-152)))
(0.603 ((-4.3583017 0 0)(0 0 1.4565428e-151)))
(0.604 ((-4.366635 0 0)(0 0 -5.4358916e-151)))
(0.605 ((-4.3749683 0 0)(0 0 2.0287024e-150)))
(0.606 ((-4.3833017 0 0)(0 0 -7.5712204e-150)))
(0.607 ((-4.391635 0 0)(0 0 2.8256179e-149)))
(0.608 ((-4.3999683 0 0)(0 0 -1.054535e-148)))
(0.609 ((-4.4083017 0 0)(0 0 3.935578e-148)))
(0.61 ((-4.416635 0 0)(0 0 -1.4687777e-147)))
(0.611 ((-4.4249683 0 0)(0 0 5.4815531e-147)))
(0.612 ((-4.4333017 0 0)(0 0 -2.0457435e-146)))
(0.613 ((-4.441635 0 0)(0 0 7.6348185e-146)))
(0.614 ((-4.4499683 0 0)(0 0 -2.8493531e-145)))
(0.615 ((-4.4583017 0 0)(0 0 1.063393e-144)))
(0.616 ((-4.466635 0 0)(0 0 -3.9686369e-144)))
(0.617 ((-4.4749683 0 0)(0 0 1.4811154e-143)))
(0.618 ((-4.4833017 0 0)(0 0 -5.5275981e-143)))
(0.619 ((-4.491635 0 0)(0 0 2.0629277e-142)))
(0.62 ((-4.4999683 0 0)(0 0 -7.6989509e-142)))
(0.621 ((-4.5083017 0 0)(0 0 2.8732876e-141)))
(0.622 ((-4.516635 0 0)(0 0 -1.0723255e-140)))
(0.623 ((-4.5249683 0 0)(0 0 4.0019734e-140)))
(0.624 ((-4.5333017 0 0)(0 0 -1.4935568e-139)))
(0.625 ((-4.541635 0 0)(0 0 5.5740298e-139)))
(0.626 ((-4.5499683 0 0)(0 0 -2.0802563e-138)))
(0.627 ((-4.5583017 0 0)(0 0 7.7636221e-138)))
(0.628 ((-4.566635 0 0)(0 0 -2.8974232e-137)))
(0.629 ((-4.5749683 0 0)(0 0 1.0813331e-136)))
(0.63 ((-4.5833017 0 0)(0 0 -4.0355899e-136)))
(0.631 ((-4.591635 0 0)(0 0 1.5061027e-135)))
(0.632 ((-4.5999683 0 0)(0 0 -5.6208516e-135)))
(0.633 ((-4.6083017 0 0)(0 0 2.0977304e-134)))
(0.634 ((-4.616635 0 0)(0 0 -7.8288364e-134)))
(0.635 ((-4.6249683 0 0)(0 0 2.9217615e-133)))
(0.636 ((-4.6333017 0 0)(0 0 -1.0904162e-132)))
(0.637 ((-4.641635 0 0)(0 0 4.0694888e-132)))
(0.638 ((-4.6499683 0 0)(0 0 -1.5187539e-131)))
(0.639 ((-4.6583017 0 0)(0 0 5.6680667e-131)))
(0.64 ((-4.666635 0 0)(0 0 -2.1153513e-130)))
(0.641 ((-4.6749683 0 0)(0 0 7.8945985e-130)))
(0.642 ((-4.6833017 0 0)(0 0 -2.9463043e-129)))
(0.643 ((-4.691635 0 0)(0 0 1.0995757e-128)))
(0.644 ((-4.6999683 0 0)(0 0 -4.1036725e-128)))
(0.645 ((-4.7083017 0 0)(0 0 1.5315114e-127)))
(0.646 ((-4.716635 0 0)(0 0 -5.7156784e-127)))
(0.647 ((-4.7249683 0 0)(0 0 2.1331202e-126)))
(0.648 ((-4.7333017 0 0)(0 0 -7.9609131e-126)))
(0.649 ((-4.741635 0 0)(0 0 2.9710532e-125)))
(0.65 ((-4.7499683 0 0)(0 0 -1.1088122e-124)))
(0.651 ((-4.7583017 0 0)(0 0 4.1381433e-124)))
(0.652 ((-4.766635 0 0)(0 0 -1.5443761e-123)))
(0.653 ((-4.7749683 0 0)(0 0 5.7636901e-123)))
(0.654 ((-4.7833017 0 0)(0 0 -2.1510384e-122)))
(0.655 ((-4.791635 0 0)(0 0 8.0277847e-122)))
(0.656 ((-4.7999683 0 0)(0 0 -2.99601e-121)))
(0.657 ((-4.8083017 0 0)(0 0 1.1181262e-120)))
(0.658 ((-4.816635 0 0)(0 0 -4.1729037e-120)))
(0.659 ((-4.8249683 0 0)(0 0 1.5573488e-119)))
(0.66 ((-4.8333017 0 0)(0 0 -5.812105e-119)))
(0.661 ((-4.841635 0 0)(0 0 2.1691071e-118)))
(0.662 ((-4.8499683 0 0)(0 0 -8.095218e-118)))
(0.663 ((-4.8583017 0 0)(0 0 3.0211765e-117)))
(0.664 ((-4.866635 0 0)(0 0 -1.1275184e-116)))
(0.665 ((-4.8749683 0 0)(0 0 4.207956e-116)))
(0.666 ((-4.8833017 0 0)(0 0 -1.5704306e-115)))
(0.667 ((-4.891635 0 0)(0 0 5.8609266e-115)))
(0.668 ((-4.8999683 0 0)(0 0 -2.1873276e-114)))
(0.669 ((-4.9083017 0 0)(0 0 8.1632177e-114)))
(0.67 ((-4.916635 0 0)(0 0 -3.0465543e-113)))
(0.671 ((-4.9249683 0 0)(0 0 1.1369896e-112)))
(0.672 ((-4.9333017 0 0)(0 0 -4.2433028e-112)))
(0.673 ((-4.941635 0 0)(0 0 1.5836222e-111)))
(0.674 ((-4.9499683 0 0)(0 0 -5.9101584e-111)))
(0.675 ((-4.9583017 0 0)(0 0 2.2057011e-110)))
(0.676 ((-4.966635 0 0)(0 0 -8.2317887e-110)))
(0.677 ((-4.9749683 0 0)(0 0 3.0721454e-109)))
(0.678 ((-4.9833017 0 0)(0 0 -1.1465403e-108)))
(0.679 ((-4.991635 0 0)(0 0 4.2789465e-108)))
(0.68 ((-4.9999683 0 0)(0 0 -1.5969246e-107)))
(0.681 ((-5.0083017 0 0)(0 0 5.9598036e-107)))
(0.682 ((-5.016635 0 0)(0 0 -2.224229e-106)))
(0.683 ((-5.0249683 0 0)(0 0 8.3009356e-106)))
(0.684 ((-5.0333017 0 0)(0 0 -3.0979514e-105)))
(0.685 ((-5.041635 0 0)(0 0 1.1561712e-104)))
(0.686 ((-5.0499683 0 0)(0 0 -4.3148896e-104)))
(0.687 ((-5.0583017 0 0)(0 0 1.6103387e-103)))
(0.688 ((-5.066635 0 0)(0 0 -6.0098659e-103)))
(0.689 ((-5.0749683 0 0)(0 0 2.2429125e-102)))
(0.69 ((-5.0833017 0 0)(0 0 -8.3706634e-102)))
(0.691 ((-5.091635 0 0)(0 0 3.1239741e-101)))
(0.692 ((-5.0999683 0 0)(0 0 -1.165883e-100)))
(0.693 ((-5.1083017 0 0)(0 0 4.3511346e-100)))
(0.694 ((-5.116635 0 0)(0 0 -1.6238656e-99)))
(0.695 ((-5.1249683 0 0)(0 0 6.0603488e-99)))
(0.696 ((-5.1333017 0 0)(0 0 -2.2617529e-98)))
(0.697 ((-5.141635 0 0)(0 0 8.4409769e-98)))
(0.698 ((-5.1499683 0 0)(0 0 -3.1502155e-97)))
(0.699 ((-5.1583017 0 0)(0 0 1.1756764e-96)))
(0.7 ((-5.166635 0 0)(0 0 -4.3876841e-96)))
(0.701 ((-5.1749683 0 0)(0 0 1.637506e-95)))
(0.702 ((-5.1833017 0 0)(0 0 -6.1112556e-95)))
(0.703 ((-5.191635 0 0)(0 0 2.2807516e-94)))
(0.704 ((-5.1999683 0 0)(0 0 -8.511881e-94)))
(0.705 ((-5.2083017 0 0)(0 0 3.1766772e-93)))
(0.706 ((-5.216635 0 0)(0 0 -1.1855521e-92)))
(0.707 ((-5.2249683 0 0)(0 0 4.4245406e-92)))
(0.708 ((-5.2333017 0 0)(0 0 -1.651261e-91)))
(0.709 ((-5.241635 0 0)(0 0 6.1625901e-91)))
(0.71 ((-5.2499683 0 0)(0 0 -2.2999099e-90)))
(0.711 ((-5.2583017 0 0)(0 0 8.5833807e-90)))
(0.712 ((-5.266635 0 0)(0 0 -3.2033613e-89)))
(0.713 ((-5.2749683 0 0)(0 0 1.1955107e-88)))
(0.714 ((-5.2833017 0 0)(0 0 -4.4617067e-88)))
(0.715 ((-5.291635 0 0)(0 0 1.6651316e-87)))
(0.716 ((-5.2999683 0 0)(0 0 -6.2143558e-87)))
(0.717 ((-5.3083017 0 0)(0 0 2.3192292e-86)))
(0.718 ((-5.316635 0 0)(0 0 -8.6554811e-86)))
(0.719 ((-5.3249683 0 0)(0 0 3.2302695e-85)))
(0.72 ((-5.3333017 0 0)(0 0 -1.205553e-84)))
(0.721 ((-5.341635 0 0)(0 0 4.499185e-84)))
(0.722 ((-5.3499683 0 0)(0 0 -1.6791187e-83)))
(0.723 ((-5.3583017 0 0)(0 0 6.2665563e-83)))
(0.724 ((-5.366635 0 0)(0 0 -2.3387107e-82)))
(0.725 ((-5.3749683 0 0)(0 0 8.728187e-82)))
(0.726 ((-5.3833017 0 0)(0 0 -3.2574037e-81)))
(0.727 ((-5.391635 0 0)(0 0 1.2156796e-80)))
(0.728 ((-5.3999683 0 0)(0 0 -4.5369781e-80)))
(0.729 ((-5.4083017 0 0)(0 0 1.6932233e-79)))
(0.73 ((-5.416635 0 0)(0 0 -6.3191953e-79)))
(0.731 ((-5.4249683 0 0)(0 0 2.3583558e-78)))
(0.732 ((-5.4333017 0 0)(0 0 -8.8015037e-78)))
(0.733 ((-5.441635 0 0)(0 0 3.2847659e-77)))
(0.734 ((-5.4499683 0 0)(0 0 -1.2258913e-76)))
(0.735 ((-5.4583017 0 0)(0 0 4.5750887e-76)))
(0.736 ((-5.466635 0 0)(0 0 -1.7074463e-75)))
(0.737 ((-5.4749683 0 0)(0 0 6.3722765e-75)))
(0.738 ((-5.4833017 0 0)(0 0 -2.378166e-74)))
(0.739 ((-5.491635 0 0)(0 0 8.8754362e-74)))
(0.74 ((-5.4999683 0 0)(0 0 -3.3123579e-73)))
(0.741 ((-5.5083017 0 0)(0 0 1.2361888e-72)))
(0.742 ((-5.516635 0 0)(0 0 -4.6135194e-72)))
(0.743 ((-5.5249683 0 0)(0 0 1.7217889e-71)))
(0.744 ((-5.5333017 0 0)(0 0 -6.4258036e-71)))
(0.745 ((-5.541635 0 0)(0 0 2.3981425e-70)))
(0.746 ((-5.5499683 0 0)(0 0 -8.9499898e-70)))
(0.747 ((-5.5583017 0 0)(0 0 3.3401817e-69)))
(0.748 ((-5.566635 0 0)(0 0 -1.2465728e-68)))
(0.749 ((-5.5749683 0 0)(0 0 4.6522729e-68)))
(0.75 ((-5.5833017 0 0)(0 0 -1.7362519e-67)))
(0.751 ((-5.591635 0 0)(0 0 6.4797803e-67)))
(0.752 ((-5.5999683 0 0)(0 0 -2.4182869e-66)))
(0.753 ((-5.6083017 0 0)(0 0 9.0251696e-66)))
(0.754 ((-5.616635 0 0)(0 0 -3.3682392e-65)))
(0.755 ((-5.6249683 0 0)(0 0 1.257044e-64)))
(0.756 ((-5.6333017 0 0)(0 0 -4.691352e-64)))
(0.757 ((-5.641635 0 0)(0 0 1.7508364e-63)))
(0.758 ((-5.6499683 0 0)(0 0 -6.5342104e-63)))
(0.759 ((-5.6583017 0 0)(0 0 2.4386005e-62)))
(0.76 ((-5.666635 0 0)(0 0 -9.100981e-62)))
(0.761 ((-5.6749683 0 0)(0 0 3.3965323e-61)))
(0.762 ((-5.6833017 0 0)(0 0 -1.2676031e-60)))
(0.763 ((-5.691635 0 0)(0 0 4.7307593e-60)))
(0.764 ((-5.6999683 0 0)(0 0 -1.7655434e-59)))
(0.765 ((-5.7083017 0 0)(0 0 6.5890977e-59)))
(0.766 ((-5.716635 0 0)(0 0 -2.4590847e-58)))
(0.767 ((-5.7249683 0 0)(0 0 9.1774291e-58)))
(0.768 ((-5.7333017 0 0)(0 0 -3.4250632e-57)))
(0.769 ((-5.741635 0 0)(0 0 1.278251e-56)))
(0.77 ((-5.7499683 0 0)(0 0 -4.7704976e-56)))
(0.771 ((-5.7583017 0 0)(0 0 1.7803739e-55)))
(0.772 ((-5.766635 0 0)(0 0 -6.644446e-55)))
(0.773 ((-5.7749683 0 0)(0 0 2.479741e-54)))
(0.774 ((-5.7833017 0 0)(0 0 -9.2545194e-54)))
(0.775 ((-5.791635 0 0)(0 0 3.4538337e-53)))
(0.776 ((-5.7999683 0 0)(0 0 -1.2889883e-52)))
(0.777 ((-5.8083017 0 0)(0 0 4.8105697e-52)))
(0.778 ((-5.816635 0 0)(0 0 -1.7953291e-51)))
(0.779 ((-5.8249683 0 0)(0 0 6.7002593e-51)))
(0.78 ((-5.8333017 0 0)(0 0 -2.5005708e-50)))
(0.781 ((-5.841635 0 0)(0 0 9.3322573e-50)))
(0.782 ((-5.8499683 0 0)(0 0 -3.4828458e-49)))
(0.783 ((-5.8583017 0 0)(0 0 1.2998158e-48)))
(0.784 ((-5.866635 0 0)(0 0 -4.8509785e-48)))
(0.785 ((-5.8749683 0 0)(0 0 1.8104098e-47)))
(0.786 ((-5.8833017 0 0)(0 0 -6.7565414e-47)))
(0.787 ((-5.891635 0 0)(0 0 2.5215756e-46)))
(0.788 ((-5.8999683 0 0)(0 0 -9.4106482e-46)))
(0.789 ((-5.9083017 0 0)(0 0 3.5121017e-45)))
(0.79 ((-5.916635 0 0)(0 0 -1.3107342e-44)))
(0.791 ((-5.9249683 0 0)(0 0 4.8917266e-44)))
(0.792 ((-5.9333017 0 0)(0 0 -1.8256172e-43)))
(0.793 ((-5.941635 0 0)(0 0 6.8132963e-43)))
(0.794 ((-5.9499683 0 0)(0 0 -2.5427568e-42)))
(0.795 ((-5.9583017 0 0)(0 0 9.4896975e-42)))
(0.796 ((-5.966635 0 0)(0 0 -3.5416033e-41)))
(0.797 ((-5.9749683 0 0)(0 0 1.3217444e-40)))
(0.798 ((-5.9833017 0 0)(0 0 -4.9328171e-40)))
(0.799 ((-5.991635 0 0)(0 0 1.8409524e-39)))
(0.8 ((-5.9999683 0 0)(0 0 -6.8705279e-39)))
(0.801 ((-6.0083017 0 0)(0 0 2.5641159e-38)))
(0.802 ((-6.016635 0 0)(0 0 -9.5694109e-38)))
(0.803 ((-6.0249683 0 0)(0 0 3.5713528e-37)))
(0.804 ((-6.0333017 0 0)(0 0 -1.332847e-36)))
(0.805 ((-6.041635 0 0)(0 0 4.9742527e-36)))
(0.806 ((-6.0499683 0 0)(0 0 -1.8564164e-35)))
(0.807 ((-6.0583016 0 0)(0 0 6.9282403e-35)))
(0.808 ((-6.066635 0 0)(0 0 -2.5856545e-34)))
(0.809 ((-6.0749683 0 0)(0 0 9.6497939e-34)))
(0.81 ((-6.0833016 0 0)(0 0 -3.6013521e-33)))
(0.811 ((-6.0916349 0 0)(0 0 1.3440429e-32)))
(0.812 ((-6.0999682 0 0)(0 0 -5.0160364e-32)))
(0.813 ((-6.1083015 0 0)(0 0 1.8720103e-31)))
(0.814 ((-6.1166348 0 0)(0 0 -6.9864374e-31)))
(0.815 ((-6.1249681 0 0)(0 0 2.6073739e-30)))
(0.816 ((-6.1333014 0 0)(0 0 -9.730852e-30)))
(0.817 ((-6.1416347 0 0)(0 0 3.6316034e-29)))
(0.818 ((-6.149968 0 0)(0 0 -1.3553328e-28)))
(0.819 ((-6.1583012 0 0)(0 0 5.058171e-28)))
(0.82 ((-6.1666344 0 0)(0 0 -1.8877351e-27)))
(0.821 ((-6.1749676 0 0)(0 0 7.0451234e-27)))
(0.822 ((-6.1833008 0 0)(0 0 -2.6292759e-26)))
(0.823 ((-6.191634 0 0)(0 0 9.8125911e-26)))
(0.824 ((-6.1999671 0 0)(0 0 -3.6621089e-25)))
(0.825 ((-6.2083001 0 0)(0 0 1.3667176e-24)))
(0.826 ((-6.2166331 0 0)(0 0 -5.1006596e-24)))
(0.827 ((-6.224966 0 0)(0 0 1.9035921e-23)))
(0.828 ((-6.2332988 0 0)(0 0 -7.1043024e-23)))
(0.829 ((-6.2416315 0 0)(0 0 2.6513617e-22)))
(0.83 ((-6.249964 0 0)(0 0 -9.8950168e-22)))
(0.831 ((-6.2582964 0 0)(0 0 3.6928705e-21)))
(0.832 ((-6.2666286 0 0)(0 0 -1.378198e-20)))
(0.833 ((-6.2749605 0 0)(0 0 5.1435051e-20)))
(0.834 ((-6.2832921 0 0)(0 0 -1.9195822e-19)))
(0.835 ((-6.2916233 0 0)(0 0 7.1639785e-19)))
(0.836 ((-6.2999541 0 0)(0 0 -2.6736332e-18)))
(0.837 ((-6.3082843 0 0)(0 0 9.9781348e-18)))
(0.838 ((-6.3166138 0 0)(0 0 -3.7238906e-17)))
(0.839 ((-6.3249424 0 0)(0 0 1.3897749e-16)))
(0.84 ((-6.33327 0 0)(0 0 -5.1867105e-16)))
(0.841 ((-6.3415964 0 0)(0 0 1.9357067e-15)))
(0.842 ((-6.3499212 0 0)(0 0 -7.2241558e-15)))
(0.843 ((-6.3582442 0 0)(0 0 2.6960917e-14)))
(0.844 ((-6.366565 0 0)(0 0 -1.0061951e-13)))
(0.845 ((-6.374883 0 0)(0 0 3.7551712e-13)))
(0.846 ((-6.3831977 0 0)(0 0 -1.401449e-12)))
(0.847 ((-6.3915084 0 0)(0 0 5.2302788e-12)))
(0.848 ((-6.3998143 0 0)(0 0 -1.9519666e-11)))
(0.849 ((-6.4081144 0 0)(0 0 7.2848387e-11)))
(0.85 ((-6.4164076 0 0)(0 0 -2.7187388e-10)))
(0.851 ((-6.4246924 0 0)(0 0 1.0146471e-09)))
(0.852 ((-6.4329674 0 0)(0 0 -3.7867146e-09)))
(0.853 ((-6.4412307 0 0)(0 0 1.4132211e-08)))
(0.854 ((-6.4494803 0 0)(0 0 -5.2742131e-08)))
(0.855 ((-6.4577137 0 0)(0 0 1.9683631e-07)))
(0.856 ((-6.4659285 0 0)(0 0 -7.3460312e-07)))
(0.857 ((-6.4741217 0 0)(0 0 2.7415762e-06)))
(0.858 ((-6.4822903 0 0)(0 0 -1.0231702e-05)))
(0.859 ((-6.490431 0 0)(0 0 3.818523e-05)))
(0.86 ((-6.4985405 0 0)(0 0 -0.0003315698)))
(0.861 ((-6.5066152 0 0)(0 0 -0.0012110921)))
(0.862 ((-6.5146517 0 0)(0 0 -0.0022187661)))
(0.863 ((-6.5226467 0 0)(0 0 -0.0034634345)))
(0.864 ((-6.5305968 0 0)(0 0 -0.0049741107)))
(0.865 ((-6.5384991 0 0)(0 0 -0.0068131832)))
(0.866 ((-6.5463506 0 0)(0 0 -0.0090483226)))
(0.867 ((-6.5541488 0 0)(0 0 -0.011762565)))
(0.868 ((-6.5618913 0 0)(0 0 -0.015054478)))
(0.869 ((-6.569576 0 0)(0 0 -0.019041264)))
(0.87 ((-6.5772011 0 0)(0 0 -0.023861292)))
(0.871 ((-6.5847651 0 0)(0 0 -0.029676893)))
(0.872 ((-6.5922666 0 0)(0 0 -0.036676999)))
(0.873 ((-6.5997045 0 0)(0 0 -0.045079518)))
(0.874 ((-6.6070777 0 0)(0 0 -0.055133154)))
(0.875 ((-6.6143854 0 0)(0 0 -0.067118387)))
(0.876 ((-6.6216271 0 0)(0 0 -0.081347302)))
(0.877 ((-6.628802 0 0)(0 0 -0.098161994)))
(0.878 ((-6.6359097 0 0)(0 0 -0.11793137)))
(0.879 ((-6.6429498 0 0)(0 0 -0.1410463)))
(0.88 ((-6.649922 0 0)(0 0 -0.16791325)))
(0.881 ((-6.656826 0 0)(0 0 -0.19894682)))
(0.882 ((-6.6636616 0 0)(0 0 -0.2345616)))
(0.883 ((-6.6704286 0 0)(0 0 -0.27516404)))
(0.884 ((-6.6771268 0 0)(0 0 -0.32114501)))
(0.885 ((-6.6837562 0 0)(0 0 -0.3728734)))
(0.886 ((-6.6903166 0 0)(0 0 -0.43069128)))
(0.887 ((-6.6968079 0 0)(0 0 -0.49491071)))
(0.888 ((-6.7032301 0 0)(0 0 -0.56581214)))
(0.889 ((-6.7095831 0 0)(0 0 -0.64364422)))
(0.89 ((-6.7158669 0 0)(0 0 -0.72862481)))
(0.891 ((-6.7220814 0 0)(0 0 -0.82094278)))
(0.892 ((-6.7282266 0 0)(0 0 -0.92076036)))
(0.893 ((-6.7343024 0 0)(0 0 -1.0282158)))
(0.894 ((-6.7403089 0 0)(0 0 -1.1434263)))
(0.895 ((-6.7462461 0 0)(0 0 -1.2664902)))
(0.896 ((-6.7521139 0 0)(0 0 -1.39749)))
(0.897 ((-6.7579122 0 0)(0 0 -1.5364946)))
(0.898 ((-6.7636412 0 0)(0 0 -1.683561)))
(0.899 ((-6.7693008 0 0)(0 0 -1.8387365)))
(0.9 ((-6.7748909 0 0)(0 0 -2.0020602)))
(0.901 ((-6.7804116 0 0)(0 0 -2.173564)))
(0.902 ((-6.7858629 0 0)(0 0 -2.3532743)))
(0.903 ((-6.7912448 0 0)(0 0 -2.5412123)))
(0.904 ((-6.7965573 0 0)(0 0 -2.7373953)))
(0.905 ((-6.8018003 0 0)(0 0 -2.9418372)))
(0.906 ((-6.8069738 0 0)(0 0 -3.1545488)))
(0.907 ((-6.812078 0 0)(0 0 -3.3755386)))
(0.908 ((-6.8171127 0 0)(0 0 -3.6048128)))
(0.909 ((-6.8220779 0 0)(0 0 -3.8423757)))
(0.91 ((-6.8269737 0 0)(0 0 -4.0882297)))
(0.911 ((-6.8318001 0 0)(0 0 -4.3423757)))
(0.912 ((-6.8365571 0 0)(0 0 -4.6048128)))
(0.913 ((-6.8412445 0 0)(0 0 -4.8755386)))
(0.914 ((-6.8458626 0 0)(0 0 -5.1545488)))
(0.915 ((-6.8504112 0 0)(0 0 -5.4418372)))
(0.916 ((-6.8548904 0 0)(0 0 -5.7373953)))
(0.917 ((-6.8593001 0 0)(0 0 -6.0412123)))
(0.918 ((-6.8636404 0 0)(0 0 -6.3532743)))
(0.919 ((-6.8679112 0 0)(0 0 -6.673564)))
(0.92 ((-6.8721126 0 0)(0 0 -7.0020602)))
(0.921 ((-6.8762445 0 0)(0 0 -7.3387365)))
(0.922 ((-6.880307 0 0)(0 0 -7.683561)))
(0.923 ((-6.8843001 0 0)(0 0 -8.0364946)))
(0.924 ((-6.8882237 0 0)(0 0 -8.39749)))
(0.925 ((-6.8920779 0 0)(0 0 -8.7664902)))
(0.926 ((-6.8958626 0 0)(0 0 -9.1434263)))
(0.927 ((-6.8995779 0 0)(0 0 -9.5282158)))
(0.928 ((-6.9032237 0 0)(0 0 -9.9207604)))
(0.929 ((-6.9068001 0 0)(0 0 -10.320943)))
(0.93 ((-6.9103071 0 0)(0 0 -10.728625)))
(0.931 ((-6.9137446 0 0)(0 0 -11.143644)))
(0.932 ((-6.9171127 0 0)(0 0 -11.565812)))
(0.933 ((-6.9204113 0 0)(0 0 -11.994911)))
(0.934 ((-6.9236405 0 0)(0 0 -12.430691)))
(0.935 ((-6.9268003 0 0)(0 0 -12.872873)))
(0.936 ((-6.9298906 0 0)(0 0 -13.321145)))
(0.937 ((-6.9329115 0 0)(0 0 -13.775164)))
(0.938 ((-6.9358629 0 0)(0 0 -14.234562)))
(0.939 ((-6.938745 0 0)(0 0 -14.698947)))
(0.94 ((-6.9415576 0 0)(0 0 -15.167913)))
(0.941 ((-6.9443008 0 0)(0 0 -15.641046)))
(0.942 ((-6.9469745 0 0)(0 0 -16.117931)))
(0.943 ((-6.9495789 0 0)(0 0 -16.598162)))
(0.944 ((-6.9521139 0 0)(0 0 -17.081347)))
(0.945 ((-6.9545794 0 0)(0 0 -17.567118)))
(0.946 ((-6.9569756 0 0)(0 0 -18.055133)))
(0.947 ((-6.9593024 0 0)(0 0 -18.54508)))
(0.948 ((-6.9615599 0 0)(0 0 -19.036677)))
(0.949 ((-6.963748 0 0)(0 0 -19.529677)))
(0.95 ((-6.9658669 0 0)(0 0 -20.023861)))
(0.951 ((-6.9679164 0 0)(0 0 -20.519041)))
(0.952 ((-6.9698968 0 0)(0 0 -21.015054)))
(0.953 ((-6.9718079 0 0)(0 0 -21.511763)))
(0.954 ((-6.9736499 0 0)(0 0 -22.009048)))
(0.955 ((-6.9754228 0 0)(0 0 -22.506813)))
(0.956 ((-6.9771268 0 0)(0 0 -23.004974)))
(0.957 ((-6.9787619 0 0)(0 0 -23.503463)))
(0.958 ((-6.9803283 0 0)(0 0 -24.002221)))
(0.959 ((-6.981826 0 0)(0 0 -24.501202)))
(0.96 ((-6.9832553 0 0)(0 0 -25.000366)))
(0.961 ((-6.9846165 0 0)(0 0 -25.49968)))
(0.962 ((-6.9859097 0 0)(0 0 -25.999117)))
(0.963 ((-6.9871353 0 0)(0 0 -26.498656)))
(0.964 ((-6.9882937 0 0)(0 0 -26.998278)))
(0.965 ((-6.9893854 0 0)(0 0 -27.497969)))
(0.966 ((-6.990411 0 0)(0 0 -27.997715)))
(0.967 ((-6.9913711 0 0)(0 0 -28.497507)))
(0.968 ((-6.9922666 0 0)(0 0 -28.997337)))
(0.969 ((-6.9930985 0 0)(0 0 -29.497197)))
(0.97 ((-6.9938678 0 0)(0 0 -29.997083)))
(0.971 ((-6.994576 0 0)(0 0 -30.49699)))
(0.972 ((-6.9952246 0 0)(0 0 -30.996913)))
(0.973 ((-6.9958154 0 0)(0 0 -31.496851)))
(0.974 ((-6.9963506 0 0)(0 0 -31.996799)))
(0.975 ((-6.9968324 0 0)(0 0 -32.496757)))
(0.976 ((-6.9972635 0 0)(0 0 -32.996723)))
(0.977 ((-6.9976467 0 0)(0 0 -33.496695)))
(0.978 ((-6.997985 0 0)(0 0 -33.996671)))
(0.979 ((-6.9982818 0 0)(0 0 -34.496653)))
(0.98 ((-6.9985405 0 0)(0 0 -34.996637)))
(0.981 ((-6.9987643 0 0)(0 0 -35.496624)))
(0.982 ((-6.998957 0 0)(0 0 -35.996614)))
(0.983 ((-6.9991217 0 0)(0 0 -36.496606)))
(0.984 ((-6.9992618 0 0)(0 0 -36.996599)))
(0.985 ((-6.9993804 0 0)(0 0 -37.496593)))
(0.986 ((-6.9994803 0 0)(0 0 -37.996588)))
(0.987 ((-6.9995641 0 0)(0 0 -38.496584)))
(0.988 ((-6.9996341 0 0)(0 0 -38.996581)))
(0.989 ((-6.9996924 0 0)(0 0 -39.496579)))
(0.99 ((-6.9997409 0 0)(0 0 -39.996577)))
(0.991 ((-6.9997811 0 0)(0 0 -40.496575)))
(0.992 ((-6.9998143 0 0)(0 0 -40.996573)))
(0.993 ((-6.9998417 0 0)(0 0 -41.496572)))
(0.994 ((-6.9998643 0 0)(0 0 -41.996571)))
(0.995 ((-6.999883 0 0)(0 0 -42.49657)))
(0.996 ((-6.9998983 0 0)(0 0 -42.99657)))
(0.997 ((-6.9999109 0 0)(0 0 -43.496569)))
(0.998 ((-6.9999213 0 0)(0 0 -43.996568)))
(0.999 ((-6.9999295 0 0)(0 0 -44.496568)))
(1 ((-6.9999374 0 0)(0 0 -44.996567)))
(1.001 ((-6.9999367 0 0)(0 0 -45.496567)))
(1.002 ((-6.9999274 0 0)(0 0 -45.996566)))
(1.003 ((-6.9999172 0 0)(0 0 -46.496566)))
(1.004 ((-6.9999046 0 0)(0 0 -46.996565)))
(1.005 ((-6.9998893 0 0)(0 0 -47.496564)))
(1.006 ((-6.9998706 0 0)(0 0 -47.996563)))
(1.007 ((-6.999848 0 0)(0 0 -48.496562)))
(1.008 ((-6.9998206 0 0)(0 0 -48.996561)))
(1.009 ((-6.9997874 0 0)(0 0 -49.49656)))
(1.01 ((-6.9997472 0 0)(0 0 -49.996558)))
(1.011 ((-6.9996987 0 0)(0 0 -50.496556)))
(1.012 ((-6.9996404 0 0)(0 0 -50.996553)))
(1.013 ((-6.9995704 0 0)(0 0 -51.49655)))
(1.014 ((-6.9994866 0 0)(0 0 -51.996546)))
(1.015 ((-6.9993867 0 0)(0 0 -52.496542)))
(1.016 ((-6.9992681 0 0)(0 0 -52.996536)))
(1.017 ((-6.999128 0 0)(0 0 -53.496529)))
(1.018 ((-6.9989633 0 0)(0 0 -53.99652)))
(1.019 ((-6.9987706 0 0)(0 0 -54.49651)))
(1.02 ((-6.9985468 0 0)(0 0 -54.996497)))
(1.021 ((-6.9982881 0 0)(0 0 -55.496482)))
(1.022 ((-6.9979913 0 0)(0 0 -55.996463)))
(1.023 ((-6.997653 0 0)(0 0 -56.49644)))
(1.024 ((-6.9972698 0 0)(0 0 -56.996412)))
(1.025 ((-6.9968387 0 0)(0 0 -57.496377)))
(1.026 ((-6.9963569 0 0)(0 0 -57.996335)))
(1.027 ((-6.9958217 0 0)(0 0 -58.496284)))
(1.028 ((-6.9952309 0 0)(0 0 -58.996221)))
(1.029 ((-6.9945823 0 0)(0 0 -59.496145)))
(1.03 ((-6.9938741 0 0)(0 0 -59.996051)))
(1.031 ((-6.9931048 0 0)(0 0 -60.495937)))
(1.032 ((-6.9922729 0 0)(0 0 -60.995798)))
(1.033 ((-6.9913774 0 0)(0 0 -61.495627)))
(1.034 ((-6.9904173 0 0)(0 0 -61.99542)))
(1.035 ((-6.9893917 0 0)(0 0 -62.495166)))
(1.036 ((-6.9883 0 0)(0 0 -62.994856)))
(1.037 ((-6.9871416 0 0)(0 0 -63.494478)))
(1.038 ((-6.985916 0 0)(0 0 -63.994017)))
(1.039 ((-6.9846228 0 0)(0 0 -64.493455)))
(1.04 ((-6.9832616 0 0)(0 0 -64.992769)))
(1.041 ((-6.9818323 0 0)(0 0 -65.491933)))
(1.042 ((-6.9803346 0 0)(0 0 -65.990913)))
(1.043 ((-6.9787682 0 0)(0 0 -66.489672)))
(1.044 ((-6.9771331 0 0)(0 0 -66.98816)))
(1.045 ((-6.9754291 0 0)(0 0 -67.486321)))
(1.046 ((-6.9736562 0 0)(0 0 -67.984086)))
(1.047 ((-6.9718142 0 0)(0 0 -68.481372)))
(1.048 ((-6.9699031 0 0)(0 0 -68.97808)))
(1.049 ((-6.9679227 0 0)(0 0 -69.474093)))
(1.05 ((-6.9658732 0 0)(0 0 -69.969273)))
(1.051 ((-6.9637543 0 0)(0 0 -70.463458)))
(1.052 ((-6.9615662 0 0)(0 0 -70.956457)))
(1.053 ((-6.9593087 0 0)(0 0 -71.448055)))
(1.054 ((-6.9569819 0 0)(0 0 -71.938001)))
(1.055 ((-6.9545857 0 0)(0 0 -72.426016)))
(1.056 ((-6.9521202 0 0)(0 0 -72.911787)))
(1.057 ((-6.9495852 0 0)(0 0 -73.394972)))
(1.058 ((-6.9469808 0 0)(0 0 -73.875203)))
(1.059 ((-6.9443071 0 0)(0 0 -74.352088)))
(1.06 ((-6.9415639 0 0)(0 0 -74.825221)))
(1.061 ((-6.9387513 0 0)(0 0 -75.294188)))
(1.062 ((-6.9358693 0 0)(0 0 -75.758573)))
(1.063 ((-6.9329178 0 0)(0 0 -76.21797)))
(1.064 ((-6.9298969 0 0)(0 0 -76.671989)))
(1.065 ((-6.9268066 0 0)(0 0 -77.120261)))
(1.066 ((-6.9236468 0 0)(0 0 -77.562443)))
(1.067 ((-6.9204176 0 0)(0 0 -77.998224)))
(1.068 ((-6.917119 0 0)(0 0 -78.427322)))
(1.069 ((-6.9137509 0 0)(0 0 -78.84949)))
(1.07 ((-6.9103134 0 0)(0 0 -79.26451)))
(1.071 ((-6.9068064 0 0)(0 0 -79.672192)))
(1.072 ((-6.90323 0 0)(0 0 -80.072374)))
(1.073 ((-6.8995842 0 0)(0 0 -80.464919)))
(1.074 ((-6.8958689 0 0)(0 0 -80.849708)))
(1.075 ((-6.8920842 0 0)(0 0 -81.226644)))
(1.076 ((-6.88823 0 0)(0 0 -81.595644)))
(1.077 ((-6.8843064 0 0)(0 0 -81.95664)))
(1.078 ((-6.8803133 0 0)(0 0 -82.309573)))
(1.079 ((-6.8762508 0 0)(0 0 -82.654398)))
(1.08 ((-6.8721189 0 0)(0 0 -82.991074)))
(1.081 ((-6.8679175 0 0)(0 0 -83.31957)))
(1.082 ((-6.8636467 0 0)(0 0 -83.63986)))
(1.083 ((-6.8593064 0 0)(0 0 -83.951922)))
(1.084 ((-6.8548967 0 0)(0 0 -84.255739)))
(1.085 ((-6.8504175 0 0)(0 0 -84.551297)))
(1.086 ((-6.8458689 0 0)(0 0 -84.838586)))
(1.087 ((-6.8412509 0 0)(0 0 -85.117596)))
(1.088 ((-6.8365634 0 0)(0 0 -85.388322)))
(1.089 ((-6.8318064 0 0)(0 0 -85.650759)))
(1.09 ((-6.8269801 0 0)(0 0 -85.904905)))
(1.091 ((-6.8220842 0 0)(0 0 -86.150759)))
(1.092 ((-6.817119 0 0)(0 0 -86.388322)))
(1.093 ((-6.8120843 0 0)(0 0 -86.617596)))
(1.094 ((-6.8069801 0 0)(0 0 -86.838586)))
(1.095 ((-6.8018066 0 0)(0 0 -87.051297)))
(1.096 ((-6.7965636 0 0)(0 0 -87.255739)))
(1.097 ((-6.7912511 0 0)(0 0 -87.451922)))
(1.098 ((-6.7858693 0 0)(0 0 -87.63986)))
(1.099 ((-6.7804179 0 0)(0 0 -87.81957)))
(1.1 ((-6.7748972 0 0)(0 0 -87.991074)))
(1.101 ((-6.7693071 0 0)(0 0 -88.154398)))
(1.102 ((-6.7636475 0 0)(0 0 -88.309573)))
(1.103 ((-6.7579185 0 0)(0 0 -88.45664)))
(1.104 ((-6.7521202 0 0)(0 0 -88.595644)))
(1.105 ((-6.7462524 0 0)(0 0 -88.726644)))
(1.106 ((-6.7403152 0 0)(0 0 -88.849708)))
(1.107 ((-6.7343087 0 0)(0 0 -88.964919)))
(1.108 ((-6.7282329 0 0)(0 0 -89.072374)))
(1.109 ((-6.7220877 0 0)(0 0 -89.172192)))
(1.11 ((-6.7158732 0 0)(0 0 -89.26451)))
(1.111 ((-6.7095894 0 0)(0 0 -89.34949)))
(1.112 ((-6.7032364 0 0)(0 0 -89.427322)))
(1.113 ((-6.6968142 0 0)(0 0 -89.498224)))
(1.114 ((-6.6903229 0 0)(0 0 -89.562443)))
(1.115 ((-6.6837625 0 0)(0 0 -89.620261)))
(1.116 ((-6.6771331 0 0)(0 0 -89.671989)))
(1.117 ((-6.6704349 0 0)(0 0 -89.71797)))
(1.118 ((-6.6636679 0 0)(0 0 -89.758573)))
(1.119 ((-6.6568323 0 0)(0 0 -89.794188)))
(1.12 ((-6.6499283 0 0)(0 0 -89.825221)))
(1.121 ((-6.6429561 0 0)(0 0 -89.852088)))
(1.122 ((-6.635916 0 0)(0 0 -89.875203)))
(1.123 ((-6.6288083 0 0)(0 0 -89.894972)))
(1.124 ((-6.6216334 0 0)(0 0 -89.911787)))
(1.125 ((-6.6143917 0 0)(0 0 -89.926016)))
(1.126 ((-6.607084 0 0)(0 0 -89.938001)))
(1.127 ((-6.5997108 0 0)(0 0 -89.948055)))
(1.128 ((-6.5922729 0 0)(0 0 -89.956457)))
(1.129 ((-6.5847714 0 0)(0 0 -89.963458)))
(1.13 ((-6.5772074 0 0)(0 0 -89.969273)))
(1.131 ((-6.5695823 0 0)(0 0 -89.974093)))
(1.132 ((-6.5618976 0 0)(0 0 -89.97808)))
(1.133 ((-6.5541551 0 0)(0 0 -89.981372)))
(1.134 ((-6.5463569 0 0)(0 0 -89.984086)))
(1.135 ((-6.5385054 0 0)(0 0 -89.986321)))
(1.136 ((-6.5306031 0 0)(0 0 -89.98816)))
(1.137 ((-6.522653 0 0)(0 0 -89.989671)))
(1.138 ((-6.514658 0 0)(0 0 -89.990916)))
(1.139 ((-6.5066215 0 0)(0 0 -89.991923)))
(1.14 ((-6.4985468 0 0)(0 0 -89.992803)))
(1.141 ((-6.4904373 0 0)(0 0 -89.993173)))
(1.142 ((-6.4822966 0 0)(0 0 -89.993124)))
(1.143 ((-6.474128 0 0)(0 0 -89.993137)))
(1.144 ((-6.4659348 0 0)(0 0 -89.993134)))
(1.145 ((-6.4577201 0 0)(0 0 -89.993135)))
(1.146 ((-6.4494866 0 0)(0 0 -89.993134)))
(1.147 ((-6.441237 0 0)(0 0 -89.993134)))
(1.148 ((-6.4329737 0 0)(0 0 -89.993134)))
(1.149 ((-6.4246987 0 0)(0 0 -89.993134)))
(1.15 ((-6.4164139 0 0)(0 0 -89.993134)))
(1.151 ((-6.4081207 0 0)(0 0 -89.993134)))
(1.152 ((-6.3998206 0 0)(0 0 -89.993134)))
(1.153 ((-6.3915147 0 0)(0 0 -89.993134)))
(1.154 ((-6.383204 0 0)(0 0 -89.993134)))
(1.155 ((-6.3748893 0 0)(0 0 -89.993134)))
(1.156 ((-6.3665713 0 0)(0 0 -89.993134)))
(1.157 ((-6.3582505 0 0)(0 0 -89.993134)))
(1.158 ((-6.3499275 0 0)(0 0 -89.993134)))
(1.159 ((-6.3416027 0 0)(0 0 -89.993134)))
(1.16 ((-6.3332763 0 0)(0 0 -89.993134)))
(1.161 ((-6.3249487 0 0)(0 0 -89.993134)))
(1.162 ((-6.3166201 0 0)(0 0 -89.993134)))
(1.163 ((-6.3082906 0 0)(0 0 -89.993134)))
(1.164 ((-6.2999604 0 0)(0 0 -89.993134)))
(1.165 ((-6.2916296 0 0)(0 0 -89.993134)))
(1.166 ((-6.2832984 0 0)(0 0 -89.993134)))
(1.167 ((-6.2749668 0 0)(0 0 -89.993134)))
(1.168 ((-6.2666349 0 0)(0 0 -89.993134)))
(1.169 ((-6.2583027 0 0)(0 0 -89.993134)))
(1.17 ((-6.2499703 0 0)(0 0 -89.993134)))
(1.171 ((-6.2416378 0 0)(0 0 -89.993134)))
(1.172 ((-6.2333051 0 0)(0 0 -89.993134)))
(1.173 ((-6.2249723 0 0)(0 0 -89.993134)))
(1.174 ((-6.2166394 0 0)(0 0 -89.993134)))
(1.175 ((-6.2083064 0 0)(0 0 -89.993134)))
(1.176 ((-6.1999734 0 0)(0 0 -89.993134)))
(1.177 ((-6.1916403 0 0)(0 0 -89.993134)))
(1.178 ((-6.1833071 0 0)(0 0 -89.993134)))
(1.179 ((-6.1749739 0 0)(0 0 -89.993134)))
(1.18 ((-6.1666407 0 0)(0 0 -89.993134)))
(1.181 ((-6.1583075 0 0)(0 0 -89.993134)))
(1.182 ((-6.1499743 0 0)(0 0 -89.993134)))
(1.183 ((-6.141641 0 0)(0 0 -89.993134)))
(1.184 ((-6.1333077 0 0)(0 0 -89.993134)))
(1.185 ((-6.1249744 0 0)(0 0 -89.993134)))
(1.186 ((-6.1166411 0 0)(0 0 -89.993134)))
(1.187 ((-6.1083078 0 0)(0 0 -89.993134)))
(1.188 ((-6.0999745 0 0)(0 0 -89.993134)))
(1.189 ((-6.0916412 0 0)(0 0 -89.993134)))
(1.19 ((-6.0833079 0 0)(0 0 -89.993134)))
(1.191 ((-6.0749746 0 0)(0 0 -89.993134)))
(1.192 ((-6.0666413 0 0)(0 0 -89.993134)))
(1.193 ((-6.0583079 0 0)(0 0 -89.993134)))
(1.194 ((-6.0499746 0 0)(0 0 -89.993134)))
(1.195 ((-6.0416413 0 0)(0 0 -89.993134)))
(1.196 ((-6.033308 0 0)(0 0 -89.993134)))
(1.197 ((-6.0249746 0 0)(0 0 -89.993134)))
(1.198 ((-6.0166413 0 0)(0 0 -89.993134)))
(1.199 ((-6.008308 0 0)(0 0 -89.993134)))
(1.2 ((-5.9999746 0 0)(0 0 -89.993134)))
(1.201 ((-5.9916413 0 0)(0 0 -89.993134)))
(1.202 ((-5.983308 0 0)(0 0 -89.993134)))
(1.203 ((-5.9749746 0 0)(0 0 -89.993134)))
(1.204 ((-5.9666413 0 0)(0 0 -89.993134)))
(1.205 ((-5.958308 0 0)(0 0 -89.993134)))
(1.206 ((-5.9499746 0 0)(0 0 -89.993134)))
(1.207 ((-5.9416413 0 0)(0 0 -89.993134)))
(1.208 ((-5.933308 0 0)(0 0 -89.993134)))
(1.209 ((-5.9249746 0 0)(0 0 -89.993134)))
(1.21 ((-5.9166413 0 0)(0 0 -89.993134)))
(1.211 ((-5.908308 0 0)(0 0 -89.993134)))
(1.212 ((-5.8999746 0 0)(0 0 -89.993134)))
(1.213 ((-5.8916413 0 0)(0 0 -89.993134)))
(1.214 ((-5.883308 0 0)(0 0 -89.993134)))
(1.215 ((-5.8749746 0 0)(0 0 -89.993134)))
(1.216 ((-5.8666413 0 0)(0 0 -89.993134)))
(1.217 ((-5.858308 0 0)(0 0 -89.993134)))
(1.218 ((-5.8499746 0 0)(0 0 -89.993134)))
(1.219 ((-5.8416413 0 0)(0 0 -89.993134)))
(1.22 ((-5.833308 0 0)(0 0 -89.993134)))
(1.221 ((-5.8249746 0 0)(0 0 -89.993134)))
(1.222 ((-5.8166413 0 0)(0 0 -89.993134)))
(1.223 ((-5.808308 0 0)(0 0 -89.993134)))
(1.224 ((-5.7999746 0 0)(0 0 -89.993134)))
(1.225 ((-5.7916413 0 0)(0 0 -89.993134)))
(1.226 ((-5.783308 0 0)(0 0 -89.993134)))
(1.227 ((-5.7749746 0 0)(0 0 -89.993134)))
(1.228 ((-5.7666413 0 0)(0 0 -89.993134)))
(1.229 ((-5.758308 0 0)(0 0 -89.993134)))
(1.23 ((-5.7499746 0 0)(0 0 -89.993134)))
(1.231 ((-5.7416413 0 0)(0 0 -89.993134)))
(1.232 ((-5.733308 0 0)(0 0 -89.993134)))
(1.233 ((-5.7249746 0 0)(0 0 -89.993134)))
(1.234 ((-5.7166413 0 0)(0 0 -89.993134)))
(1.235 ((-5.708308 0 0)(0 0 -89.993134)))
(1.236 ((-5.6999746 0 0)(0 0 -89.993134)))
(1.237 ((-5.6916413 0 0)(0 0 -89.993134)))
(1.238 ((-5.683308 0 0)(0 0 -89.993134)))
(1.239 ((-5.6749746 0 0)(0 0 -89.993134)))
(1.24 ((-5.6666413 0 0)(0 0 -89.993134)))
(1.241 ((-5.658308 0 0)(0 0 -89.993134)))
(1.242 ((-5.6499746 0 0)(0 0 -89.993134)))
(1.243 ((-5.6416413 0 0)(0 0 -89.993134)))
(1.244 ((-5.633308 0 0)(0 0 -89.993134)))
(1.245 ((-5.6249746 0 0)(0 0 -89.993134)))
(1.246 ((-5.6166413 0 0)(0 0 -89.993134)))
(1.247 ((-5.608308 0 0)(0 0 -89.993134)))
(1.248 ((-5.5999746 0 0)(0 0 -89.993134)))
(1.249 ((-5.5916413 0 0)(0 0 -89.993134)))
(1.25 ((-5.583308 0 0)(0 0 -89.993134)))
(1.251 ((-5.5749746 0 0)(0 0 -89.993134)))
(1.252 ((-5.5666413 0 0)(0 0 -89.993134)))
(1.253 ((-5.558308 0 0)(0 0 -89.993134)))
(1.254 ((-5.5499746 0 0)(0 0 -89.993134)))
(1.255 ((-5.5416413 0 0)(0 0 -89.993134)))
(1.256 ((-5.533308 0 0)(0 0 -89.993134)))
(1.257 ((-5.5249746 0 0)(0 0 -89.993134)))
(1.258 ((-5.5166413 0 0)(0 0 -89.993134)))
(1.259 ((-5.508308 0 0)(0 0 -89.993134)))
(1.26 ((-5.4999746 0 0)(0 0 -89.993134)))
(1.261 ((-5.4916413 0 0)(0 0 -89.993134)))
(1.262 ((-5.483308 0 0)(0 0 -89.993134)))
(1.263 ((-5.4749746 0 0)(0 0 -89.993134)))
(1.264 ((-5.4666413 0 0)(0 0 -89.993134)))
(1.265 ((-5.458308 0 0)(0 0 -89.993134)))
(1.266 ((-5.4499746 0 0)(0 0 -89.993134)))
(1.267 ((-5.4416413 0 0)(0 0 -89.993134)))
(1.268 ((-5.433308 0 0)(0 0 -89.993134)))
(1.269 ((-5.4249746 0 0)(0 0 -89.993134)))
(1.27 ((-5.4166413 0 0)(0 0 -89.993134)))
(1.271 ((-5.408308 0 0)(0 0 -89.993134)))
(1.272 ((-5.3999746 0 0)(0 0 -89.993134)))
(1.273 ((-5.3916413 0 0)(0 0 -89.993134)))
(1.274 ((-5.383308 0 0)(0 0 -89.993134)))
(1.275 ((-5.3749746 0 0)(0 0 -89.993134)))
(1.276 ((-5.3666413 0 0)(0 0 -89.993134)))
(1.277 ((-5.358308 0 0)(0 0 -89.993134)))
(1.278 ((-5.3499746 0 0)(0 0 -89.993134)))
(1.279 ((-5.3416413 0 0)(0 0 -89.993134)))
(1.28 ((-5.333308 0 0)(0 0 -89.993134)))
(1.281 ((-5.3249746 0 0)(0 0 -89.993134)))
(1.282 ((-5.3166413 0 0)(0 0 -89.993134)))
(1.283 ((-5.308308 0 0)(0 0 -89.993134)))
(1.284 ((-5.2999746 0 0)(0 0 -89.993134)))
(1.285 ((-5.2916413 0 0)(0 0 -89.993134)))
(1.286 ((-5.283308 0 0)(0 0 -89.993134)))
(1.287 ((-5.2749746 0 0)(0 0 -89.993134)))
(1.288 ((-5.2666413 0 0)(0 0 -89.993134)))
(1.289 ((-5.258308 0 0)(0 0 -89.993134)))
(1.29 ((-5.2499746 0 0)(0 0 -89.993134)))
(1.291 ((-5.2416413 0 0)(0 0 -89.993134)))
(1.292 ((-5.233308 0 0)(0 0 -89.993134)))
(1.293 ((-5.2249746 0 0)(0 0 -89.993134)))
(1.294 ((-5.2166413 0 0)(0 0 -89.993134)))
(1.295 ((-5.208308 0 0)(0 0 -89.993134)))
(1.296 ((-5.1999746 0 0)(0 0 -89.993134)))
(1.297 ((-5.1916413 0 0)(0 0 -89.993134)))
(1.298 ((-5.183308 0 0)(0 0 -89.993134)))
(1.299 ((-5.1749746 0 0)(0 0 -89.993134)))
(1.3 ((-5.1666413 0 0)(0 0 -89.993134)))
(1.301 ((-5.158308 0 0)(0 0 -89.993134)))
(1.302 ((-5.1499746 0 0)(0 0 -89.993134)))
(1.303 ((-5.1416413 0 0)(0 0 -89.993134)))
(1.304 ((-5.133308 0 0)(0 0 -89.993134)))
(1.305 ((-5.1249746 0 0)(0 0 -89.993134)))
(1.306 ((-5.1166413 0 0)(0 0 -89.993134)))
(1.307 ((-5.108308 0 0)(0 0 -89.993134)))
(1.308 ((-5.0999746 0 0)(0 0 -89.993134)))
(1.309 ((-5.0916413 0 0)(0 0 -89.993134)))
(1.31 ((-5.083308 0 0)(0 0 -89.993134)))
(1.311 ((-5.0749746 0 0)(0 0 -89.993134)))
(1.312 ((-5.0666413 0 0)(0 0 -89.993134)))
(1.313 ((-5.058308 0 0)(0 0 -89.993134)))
(1.314 ((-5.0499746 0 0)(0 0 -89.993134)))
(1.315 ((-5.0416413 0 0)(0 0 -89.993134)))
(1.316 ((-5.033308 0 0)(0 0 -89.993134)))
(1.317 ((-5.0249746 0 0)(0 0 -89.993134)))
(1.318 ((-5.0166413 0 0)(0 0 -89.993134)))
(1.319 ((-5.008308 0 0)(0 0 -89.993134)))
(1.32 ((-4.9999746 0 0)(0 0 -89.993134)))
(1.321 ((-4.9916413 0 0)(0 0 -89.993134)))
(1.322 ((-4.983308 0 0)(0 0 -89.993134)))
(1.323 ((-4.9749746 0 0)(0 0 -89.993134)))
(1.324 ((-4.9666413 0 0)(0 0 -89.993134)))
(1.325 ((-4.958308 0 0)(0 0 -89.993134)))
(1.326 ((-4.9499746 0 0)(0 0 -89.993134)))
(1.327 ((-4.9416413 0 0)(0 0 -89.993134)))
(1.328 ((-4.933308 0 0)(0 0 -89.993134)))
(1.329 ((-4.9249746 0 0)(0 0 -89.993134)))
(1.33 ((-4.9166413 0 0)(0 0 -89.993134)))
(1.331 ((-4.908308 0 0)(0 0 -89.993134)))
(1.332 ((-4.8999746 0 0)(0 0 -89.993134)))
(1.333 ((-4.8916413 0 0)(0 0 -89.993134)))
(1.334 ((-4.883308 0 0)(0 0 -89.993134)))
(1.335 ((-4.8749746 0 0)(0 0 -89.993134)))
(1.336 ((-4.8666413 0 0)(0 0 -89.993134)))
(1.337 ((-4.858308 0 0)(0 0 -89.993134)))
(1.338 ((-4.8499746 0 0)(0 0 -89.993134)))
(1.339 ((-4.8416413 0 0)(0 0 -89.993134)))
(1.34 ((-4.833308 0 0)(0 0 -89.993134)))
(1.341 ((-4.8249746 0 0)(0 0 -89.993134)))
(1.342 ((-4.8166413 0 0)(0 0 -89.993134)))
(1.343 ((-4.808308 0 0)(0 0 -89.993134)))
(1.344 ((-4.7999746 0 0)(0 0 -89.993134)))
(1.345 ((-4.7916413 0 0)(0 0 -89.993134)))
(1.346 ((-4.783308 0 0)(0 0 -89.993134)))
(1.347 ((-4.7749746 0 0)(0 0 -89.993134)))
(1.348 ((-4.7666413 0 0)(0 0 -89.993134)))
(1.349 ((-4.758308 0 0)(0 0 -89.993134)))
(1.35 ((-4.7499746 0 0)(0 0 -89.993134)))
(1.351 ((-4.7416413 0 0)(0 0 -89.993134)))
(1.352 ((-4.733308 0 0)(0 0 -89.993134)))
(1.353 ((-4.7249746 0 0)(0 0 -89.993134)))
(1.354 ((-4.7166413 0 0)(0 0 -89.993134)))
(1.355 ((-4.708308 0 0)(0 0 -89.993134)))
(1.356 ((-4.6999746 0 0)(0 0 -89.993134)))
(1.357 ((-4.6916413 0 0)(0 0 -89.993134)))
(1.358 ((-4.683308 0 0)(0 0 -89.993134)))
(1.359 ((-4.6749746 0 0)(0 0 -89.993134)))
(1.36 ((-4.6666413 0 0)(0 0 -89.993134)))
(1.361 ((-4.658308 0 0)(0 0 -89.993134)))
(1.362 ((-4.6499746 0 0)(0 0 -89.993134)))
(1.363 ((-4.6416413 0 0)(0 0 -89.993134)))
(1.364 ((-4.633308 0 0)(0 0 -89.993134)))
(1.365 ((-4.6249746 0 0)(0 0 -89.993134)))
(1.366 ((-4.6166413 0 0)(0 0 -89.993134)))
(1.367 ((-4.608308 0 0)(0 0 -89.993134)))
(1.368 ((-4.5999746 0 0)(0 0 -89.993134)))
(1.369 ((-4.5916413 0 0)(0 0 -89.993134)))
(1.37 ((-4.583308 0 0)(0 0 -89.993134)))
(1.371 ((-4.5749746 0 0)(0 0 -89.993134)))
(1.372 ((-4.5666413 0 0)(0 0 -89.993134)))
(1.373 ((-4.558308 0 0)(0 0 -89.993134)))
(1.374 ((-4.5499746 0 0)(0 0 -89.993134)))
(1.375 ((-4.5416413 0 0)(0 0 -89.993134)))
(1.376 ((-4.533308 0 0)(0 0 -89.993134)))
(1.377 ((-4.5249746 0 0)(0 0 -89.993134)))
(1.378 ((-4.5166413 0 0)(0 0 -89.993134)))
(1.379 ((-4.508308 0 0)(0 0 -89.993134)))
(1.38 ((-4.4999746 0 0)(0 0 -89.993134)))
(1.381 ((-4.4916413 0 0)(0 0 -89.993134)))
(1.382 ((-4.483308 0 0)(0 0 -89.993134)))
(1.383 ((-4.4749746 0 0)(0 0 -89.993134)))
(1.384 ((-4.4666413 0 0)(0 0 -89.993134)))
(1.385 ((-4.458308 0 0)(0 0 -89.993134)))
(1.386 ((-4.4499746 0 0)(0 0 -89.993134)))
(1.387 ((-4.4416413 0 0)(0 0 -89.993134)))
(1.388 ((-4.433308 0 0)(0 0 -89.993134)))
(1.389 ((-4.4249746 0 0)(0 0 -89.993134)))
(1.39 ((-4.4166413 0 0)(0 0 -89.993134)))
(1.391 ((-4.408308 0 0)(0 0 -89.993134)))
(1.392 ((-4.3999746 0 0)(0 0 -89.993134)))
(1.393 ((-4.3916413 0 0)(0 0 -89.993134)))
(1.394 ((-4.383308 0 0)(0 0 -89.993134)))
(1.395 ((-4.3749746 0 0)(0 0 -89.993134)))
(1.396 ((-4.3666413 0 0)(0 0 -89.993134)))
(1.397 ((-4.358308 0 0)(0 0 -89.993134)))
(1.398 ((-4.3499746 0 0)(0 0 -89.993134)))
(1.399 ((-4.3416413 0 0)(0 0 -89.993134)))
(1.4 ((-4.333308 0 0)(0 0 -89.993134)))
(1.401 ((-4.3249746 0 0)(0 0 -89.993134)))
(1.402 ((-4.3166413 0 0)(0 0 -89.993134)))
(1.403 ((-4.308308 0 0)(0 0 -89.993134)))
(1.404 ((-4.2999746 0 0)(0 0 -89.993134)))
(1.405 ((-4.2916413 0 0)(0 0 -89.993134)))
(1.406 ((-4.283308 0 0)(0 0 -89.993134)))
(1.407 ((-4.2749746 0 0)(0 0 -89.993134)))
(1.408 ((-4.2666413 0 0)(0 0 -89.993134)))
(1.409 ((-4.258308 0 0)(0 0 -89.993134)))
(1.41 ((-4.2499746 0 0)(0 0 -89.993134)))
(1.411 ((-4.2416413 0 0)(0 0 -89.993134)))
(1.412 ((-4.233308 0 0)(0 0 -89.993134)))
(1.413 ((-4.2249746 0 0)(0 0 -89.993134)))
(1.414 ((-4.2166413 0 0)(0 0 -89.993134)))
(1.415 ((-4.208308 0 0)(0 0 -89.993134)))
(1.416 ((-4.1999746 0 0)(0 0 -89.993134)))
(1.417 ((-4.1916413 0 0)(0 0 -89.993134)))
(1.418 ((-4.183308 0 0)(0 0 -89.993134)))
(1.419 ((-4.1749746 0 0)(0 0 -89.993134)))
(1.42 ((-4.1666413 0 0)(0 0 -89.993134)))
(1.421 ((-4.158308 0 0)(0 0 -89.993134)))
(1.422 ((-4.1499746 0 0)(0 0 -89.993134)))
(1.423 ((-4.1416413 0 0)(0 0 -89.993134)))
(1.424 ((-4.133308 0 0)(0 0 -89.993134)))
(1.425 ((-4.1249746 0 0)(0 0 -89.993134)))
(1.426 ((-4.1166413 0 0)(0 0 -89.993134)))
(1.427 ((-4.108308 0 0)(0 0 -89.993134)))
(1.428 ((-4.0999746 0 0)(0 0 -89.993134)))
(1.429 ((-4.0916413 0 0)(0 0 -89.993134)))
(1.43 ((-4.083308 0 0)(0 0 -89.993134)))
(1.431 ((-4.0749746 0 0)(0 0 -89.993134)))
(1.432 ((-4.0666413 0 0)(0 0 -89.993134)))
(1.433 ((-4.058308 0 0)(0 0 -89.993134)))
(1.434 ((-4.0499746 0 0)(0 0 -89.993134)))
(1.435 ((-4.0416413 0 0)(0 0 -89.993134)))
(1.436 ((-4.033308 0 0)(0 0 -89.993134)))
(1.437 ((-4.0249746 0 0)(0 0 -89.993134)))
(1.438 ((-4.0166413 0 0)(0 0 -89.993134)))
(1.439 ((-4.008308 0 0)(0 0 -89.993134)))
(1.44 ((-3.9999746 0 0)(0 0 -89.993134)))
(1.441 ((-3.9916413 0 0)(0 0 -89.993134)))
(1.442 ((-3.983308 0 0)(0 0 -89.993134)))
(1.443 ((-3.9749746 0 0)(0 0 -89.993134)))
(1.444 ((-3.9666413 0 0)(0 0 -89.993134)))
(1.445 ((-3.958308 0 0)(0 0 -89.993134)))
(1.446 ((-3.9499746 0 0)(0 0 -89.993134)))
(1.447 ((-3.9416413 0 0)(0 0 -89.993134)))
(1.448 ((-3.933308 0 0)(0 0 -89.993134)))
(1.449 ((-3.9249746 0 0)(0 0 -89.993134)))
(1.45 ((-3.9166413 0 0)(0 0 -89.993134)))
(1.451 ((-3.908308 0 0)(0 0 -89.993134)))
(1.452 ((-3.8999746 0 0)(0 0 -89.993134)))
(1.453 ((-3.8916413 0 0)(0 0 -89.993134)))
(1.454 ((-3.883308 0 0)(0 0 -89.993134)))
(1.455 ((-3.8749746 0 0)(0 0 -89.993134)))
(1.456 ((-3.8666413 0 0)(0 0 -89.993134)))
(1.457 ((-3.858308 0 0)(0 0 -89.993134)))
(1.458 ((-3.8499746 0 0)(0 0 -89.993134)))
(1.459 ((-3.8416413 0 0)(0 0 -89.993134)))
(1.46 ((-3.833308 0 0)(0 0 -89.993134)))
(1.461 ((-3.8249746 0 0)(0 0 -89.993134)))
(1.462 ((-3.8166413 0 0)(0 0 -89.993134)))
(1.463 ((-3.808308 0 0)(0 0 -89.993134)))
(1.464 ((-3.7999746 0 0)(0 0 -89.993134)))
(1.465 ((-3.7916413 0 0)(0 0 -89.993134)))
(1.466 ((-3.783308 0 0)(0 0 -89.993134)))
(1.467 ((-3.7749746 0 0)(0 0 -89.993134)))
(1.468 ((-3.7666413 0 0)(0 0 -89.993134)))
(1.469 ((-3.758308 0 0)(0 0 -89.993134)))
(1.47 ((-3.7499746 0 0)(0 0 -89.993134)))
(1.471 ((-3.7416413 0 0)(0 0 -89.993134)))
(1.472 ((-3.733308 0 0)(0 0 -89.993134)))
(1.473 ((-3.7249746 0 0)(0 0 -89.993134)))
(1.474 ((-3.7166413 0 0)(0 0 -89.993134)))
(1.475 ((-3.708308 0 0)(0 0 -89.993134)))
(1.476 ((-3.6999746 0 0)(0 0 -89.993134)))
(1.477 ((-3.6916413 0 0)(0 0 -89.993134)))
(1.478 ((-3.683308 0 0)(0 0 -89.993134)))
(1.479 ((-3.6749746 0 0)(0 0 -89.993134)))
(1.48 ((-3.6666413 0 0)(0 0 -89.993134)))
(1.481 ((-3.658308 0 0)(0 0 -89.993134)))
(1.482 ((-3.6499746 0 0)(0 0 -89.993134)))
(1.483 ((-3.6416413 0 0)(0 0 -89.993134)))
(1.484 ((-3.633308 0 0)(0 0 -89.993134)))
(1.485 ((-3.6249746 0 0)(0 0 -89.993134)))
(1.486 ((-3.6166413 0 0)(0 0 -89.993134)))
(1.487 ((-3.608308 0 0)(0 0 -89.993134)))
(1.488 ((-3.5999746 0 0)(0 0 -89.993134)))
(1.489 ((-3.5916413 0 0)(0 0 -89.993134)))
(1.49 ((-3.583308 0 0)(0 0 -89.993134)))
(1.491 ((-3.5749746 0 0)(0 0 -89.993134)))
(1.492 ((-3.5666413 0 0)(0 0 -89.993134)))
(1.493 ((-3.558308 0 0)(0 0 -89.993134)))
(1.494 ((-3.5499746 0 0)(0 0 -89.993134)))
(1.495 ((-3.5416413 0 0)(0 0 -89.993134)))
(1.496 ((-3.533308 0 0)(0 0 -89.993134)))
(1.497 ((-3.5249746 0 0)(0 0 -89.993134)))
(1.498 ((-3.5166413 0 0)(0 0 -89.993134)))
(1.499 ((-3.508308 0 0)(0 0 -89.993134)))
(1.5 ((-3.4999746 0 0)(0 0 -89.993134)))
(1.501 ((-3.4916413 0 0)(0 0 -89.993134)))
(1.502 ((-3.483308 0 0)(0 0 -89.993134)))
(1.503 ((-3.4749746 0 0)(0 0 -89.993134)))
(1.504 ((-3.4666413 0 0)(0 0 -89.993134)))
(1.505 ((-3.458308 0 0)(0 0 -89.993134)))
(1.506 ((-3.4499746 0 0)(0 0 -89.993134)))
(1.507 ((-3.4416413 0 0)(0 0 -89.993134)))
(1.508 ((-3.433308 0 0)(0 0 -89.993134)))
(1.509 ((-3.4249746 0 0)(0 0 -89.993134)))
(1.51 ((-3.4166413 0 0)(0 0 -89.993134)))
(1.511 ((-3.408308 0 0)(0 0 -89.993134)))
(1.512 ((-3.3999746 0 0)(0 0 -89.993134)))
(1.513 ((-3.3916413 0 0)(0 0 -89.993134)))
(1.514 ((-3.383308 0 0)(0 0 -89.993134)))
(1.515 ((-3.3749746 0 0)(0 0 -89.993134)))
(1.516 ((-3.3666413 0 0)(0 0 -89.993134)))
(1.517 ((-3.358308 0 0)(0 0 -89.993134)))
(1.518 ((-3.3499746 0 0)(0 0 -89.993134)))
(1.519 ((-3.3416413 0 0)(0 0 -89.993134)))
(1.52 ((-3.333308 0 0)(0 0 -89.993134)))
(1.521 ((-3.3249746 0 0)(0 0 -89.993134)))
(1.522 ((-3.3166413 0 0)(0 0 -89.993134)))
(1.523 ((-3.308308 0 0)(0 0 -89.993134)))
(1.524 ((-3.2999746 0 0)(0 0 -89.993134)))
(1.525 ((-3.2916413 0 0)(0 0 -89.993134)))
(1.526 ((-3.283308 0 0)(0 0 -89.993134)))
(1.527 ((-3.2749746 0 0)(0 0 -89.993134)))
(1.528 ((-3.2666413 0 0)(0 0 -89.993134)))
(1.529 ((-3.258308 0 0)(0 0 -89.993134)))
(1.53 ((-3.2499746 0 0)(0 0 -89.993134)))
(1.531 ((-3.2416413 0 0)(0 0 -89.993134)))
(1.532 ((-3.233308 0 0)(0 0 -89.993134)))
(1.533 ((-3.2249746 0 0)(0 0 -89.993134)))
(1.534 ((-3.2166413 0 0)(0 0 -89.993134)))
(1.535 ((-3.208308 0 0)(0 0 -89.993134)))
(1.536 ((-3.1999746 0 0)(0 0 -89.993134)))
(1.537 ((-3.1916413 0 0)(0 0 -89.993134)))
(1.538 ((-3.183308 0 0)(0 0 -89.993134)))
(1.539 ((-3.1749746 0 0)(0 0 -89.993134)))
(1.54 ((-3.1666413 0 0)(0 0 -89.993134)))
(1.541 ((-3.158308 0 0)(0 0 -89.993134)))
(1.542 ((-3.1499746 0 0)(0 0 -89.993134)))
(1.543 ((-3.1416413 0 0)(0 0 -89.993134)))
(1.544 ((-3.133308 0 0)(0 0 -89.993134)))
(1.545 ((-3.1249746 0 0)(0 0 -89.993134)))
(1.546 ((-3.1166413 0 0)(0 0 -89.993134)))
(1.547 ((-3.108308 0 0)(0 0 -89.993134)))
(1.548 ((-3.0999746 0 0)(0 0 -89.993134)))
(1.549 ((-3.0916413 0 0)(0 0 -89.993134)))
(1.55 ((-3.083308 0 0)(0 0 -89.993134)))
(1.551 ((-3.0749746 0 0)(0 0 -89.993134)))
(1.552 ((-3.0666413 0 0)(0 0 -89.993134)))
(1.553 ((-3.058308 0 0)(0 0 -89.993134)))
(1.554 ((-3.0499746 0 0)(0 0 -89.993134)))
(1.555 ((-3.0416413 0 0)(0 0 -89.993134)))
(1.556 ((-3.033308 0 0)(0 0 -89.993134)))
(1.557 ((-3.0249746 0 0)(0 0 -89.993134)))
(1.558 ((-3.0166413 0 0)(0 0 -89.993134)))
(1.559 ((-3.008308 0 0)(0 0 -89.993134)))
(1.56 ((-2.9999746 0 0)(0 0 -89.993134)))
(1.561 ((-2.9916413 0 0)(0 0 -89.993134)))
(1.562 ((-2.983308 0 0)(0 0 -89.993134)))
(1.563 ((-2.9749746 0 0)(0 0 -89.993134)))
(1.564 ((-2.9666413 0 0)(0 0 -89.993134)))
(1.565 ((-2.958308 0 0)(0 0 -89.993134)))
(1.566 ((-2.9499746 0 0)(0 0 -89.993134)))
(1.567 ((-2.9416413 0 0)(0 0 -89.993134)))
(1.568 ((-2.933308 0 0)(0 0 -89.993134)))
(1.569 ((-2.9249746 0 0)(0 0 -89.993134)))
(1.57 ((-2.9166413 0 0)(0 0 -89.993134)))
(1.571 ((-2.908308 0 0)(0 0 -89.993134)))
(1.572 ((-2.8999746 0 0)(0 0 -89.993134)))
(1.573 ((-2.8916413 0 0)(0 0 -89.993134)))
(1.574 ((-2.883308 0 0)(0 0 -89.993134)))
(1.575 ((-2.8749746 0 0)(0 0 -89.993134)))
(1.576 ((-2.8666413 0 0)(0 0 -89.993134)))
(1.577 ((-2.858308 0 0)(0 0 -89.993134)))
(1.578 ((-2.8499746 0 0)(0 0 -89.993134)))
(1.579 ((-2.8416413 0 0)(0 0 -89.993134)))
(1.58 ((-2.833308 0 0)(0 0 -89.993134)))
(1.581 ((-2.8249746 0 0)(0 0 -89.993134)))
(1.582 ((-2.8166413 0 0)(0 0 -89.993134)))
(1.583 ((-2.808308 0 0)(0 0 -89.993134)))
(1.584 ((-2.7999746 0 0)(0 0 -89.993134)))
(1.585 ((-2.7916413 0 0)(0 0 -89.993134)))
(1.586 ((-2.783308 0 0)(0 0 -89.993134)))
(1.587 ((-2.7749746 0 0)(0 0 -89.993134)))
(1.588 ((-2.7666413 0 0)(0 0 -89.993134)))
(1.589 ((-2.758308 0 0)(0 0 -89.993134)))
(1.59 ((-2.7499746 0 0)(0 0 -89.993134)))
(1.591 ((-2.7416413 0 0)(0 0 -89.993134)))
(1.592 ((-2.733308 0 0)(0 0 -89.993134)))
(1.593 ((-2.7249746 0 0)(0 0 -89.993134)))
(1.594 ((-2.7166413 0 0)(0 0 -89.993134)))
(1.595 ((-2.708308 0 0)(0 0 -89.993134)))
(1.596 ((-2.6999746 0 0)(0 0 -89.993134)))
(1.597 ((-2.6916413 0 0)(0 0 -89.993134)))
(1.598 ((-2.683308 0 0)(0 0 -89.993134)))
(1.599 ((-2.6749746 0 0)(0 0 -89.993134)))
(1.6 ((-2.6666413 0 0)(0 0 -89.993134)))
(1.601 ((-2.658308 0 0)(0 0 -89.993134)))
(1.602 ((-2.6499746 0 0)(0 0 -89.993134)))
(1.603 ((-2.6416413 0 0)(0 0 -89.993134)))
(1.604 ((-2.633308 0 0)(0 0 -89.993134)))
(1.605 ((-2.6249746 0 0)(0 0 -89.993134)))
(1.606 ((-2.6166413 0 0)(0 0 -89.993134)))
(1.607 ((-2.608308 0 0)(0 0 -89.993134)))
(1.608 ((-2.5999746 0 0)(0 0 -89.993134)))
(1.609 ((-2.5916413 0 0)(0 0 -89.993134)))
(1.61 ((-2.583308 0 0)(0 0 -89.993134)))
(1.611 ((-2.5749746 0 0)(0 0 -89.993134)))
(1.612 ((-2.5666413 0 0)(0 0 -89.993134)))
(1.613 ((-2.558308 0 0)(0 0 -89.993134)))
(1.614 ((-2.5499746 0 0)(0 0 -89.993134)))
(1.615 ((-2.5416413 0 0)(0 0 -89.993134)))
(1.616 ((-2.533308 0 0)(0 0 -89.993134)))
(1.617 ((-2.5249746 0 0)(0 0 -89.993134)))
(1.618 ((-2.5166413 0 0)(0 0 -89.993134)))
(1.619 ((-2.508308 0 0)(0 0 -89.993134)))
(1.62 ((-2.4999746 0 0)(0 0 -89.993134)))
(1.621 ((-2.4916413 0 0)(0 0 -89.993134)))
(1.622 ((-2.483308 0 0)(0 0 -89.993134)))
(1.623 ((-2.4749746 0 0)(0 0 -89.993134)))
(1.624 ((-2.4666413 0 0)(0 0 -89.993134)))
(1.625 ((-2.458308 0 0)(0 0 -89.993134)))
(1.626 ((-2.4499746 0 0)(0 0 -89.993134)))
(1.627 ((-2.4416413 0 0)(0 0 -89.993134)))
(1.628 ((-2.433308 0 0)(0 0 -89.993134)))
(1.629 ((-2.4249746 0 0)(0 0 -89.993134)))
(1.63 ((-2.4166413 0 0)(0 0 -89.993134)))
(1.631 ((-2.408308 0 0)(0 0 -89.993134)))
(1.632 ((-2.3999746 0 0)(0 0 -89.993134)))
(1.633 ((-2.3916413 0 0)(0 0 -89.993134)))
(1.634 ((-2.383308 0 0)(0 0 -89.993134)))
(1.635 ((-2.3749746 0 0)(0 0 -89.993134)))
(1.636 ((-2.3666413 0 0)(0 0 -89.993134)))
(1.637 ((-2.358308 0 0)(0 0 -89.993134)))
(1.638 ((-2.3499746 0 0)(0 0 -89.993134)))
(1.639 ((-2.3416413 0 0)(0 0 -89.993134)))
(1.64 ((-2.333308 0 0)(0 0 -89.993134)))
(1.641 ((-2.3249746 0 0)(0 0 -89.993134)))
(1.642 ((-2.3166413 0 0)(0 0 -89.993134)))
(1.643 ((-2.308308 0 0)(0 0 -89.993134)))
(1.644 ((-2.2999746 0 0)(0 0 -89.993134)))
(1.645 ((-2.2916413 0 0)(0 0 -89.993134)))
(1.646 ((-2.283308 0 0)(0 0 -89.993134)))
(1.647 ((-2.2749746 0 0)(0 0 -89.993134)))
(1.648 ((-2.2666413 0 0)(0 0 -89.993134)))
(1.649 ((-2.258308 0 0)(0 0 -89.993134)))
(1.65 ((-2.2499746 0 0)(0 0 -89.993134)))
(1.651 ((-2.2416413 0 0)(0 0 -89.993134)))
(1.652 ((-2.233308 0 0)(0 0 -89.993134)))
(1.653 ((-2.2249746 0 0)(0 0 -89.993134)))
(1.654 ((-2.2166413 0 0)(0 0 -89.993134)))
(1.655 ((-2.208308 0 0)(0 0 -89.993134)))
(1.656 ((-2.1999746 0 0)(0 0 -89.993134)))
(1.657 ((-2.1916413 0 0)(0 0 -89.993134)))
(1.658 ((-2.183308 0 0)(0 0 -89.993134)))
(1.659 ((-2.1749746 0 0)(0 0 -89.993134)))
(1.66 ((-2.1666413 0 0)(0 0 -89.993134)))
(1.661 ((-2.158308 0 0)(0 0 -89.993134)))
(1.662 ((-2.1499746 0 0)(0 0 -89.993134)))
(1.663 ((-2.1416413 0 0)(0 0 -89.993134)))
(1.664 ((-2.133308 0 0)(0 0 -89.993134)))
(1.665 ((-2.1249746 0 0)(0 0 -89.993134)))
(1.666 ((-2.1166413 0 0)(0 0 -89.993134)))
(1.667 ((-2.108308 0 0)(0 0 -89.993134)))
(1.668 ((-2.0999746 0 0)(0 0 -89.993134)))
(1.669 ((-2.0916413 0 0)(0 0 -89.993134)))
(1.67 ((-2.083308 0 0)(0 0 -89.993134)))
(1.671 ((-2.0749746 0 0)(0 0 -89.993134)))
(1.672 ((-2.0666413 0 0)(0 0 -89.993134)))
(1.673 ((-2.058308 0 0)(0 0 -89.993134)))
(1.674 ((-2.0499746 0 0)(0 0 -89.993134)))
(1.675 ((-2.0416413 0 0)(0 0 -89.993134)))
(1.676 ((-2.033308 0 0)(0 0 -89.993134)))
(1.677 ((-2.0249746 0 0)(0 0 -89.993134)))
(1.678 ((-2.0166413 0 0)(0 0 -89.993134)))
(1.679 ((-2.008308 0 0)(0 0 -89.993134)))
(1.68 ((-1.9999746 0 0)(0 0 -89.993134)))
(1.681 ((-1.9916413 0 0)(0 0 -89.993134)))
(1.682 ((-1.983308 0 0)(0 0 -89.993134)))
(1.683 ((-1.9749746 0 0)(0 0 -89.993134)))
(1.684 ((-1.9666413 0 0)(0 0 -89.993134)))
(1.685 ((-1.958308 0 0)(0 0 -89.993134)))
(1.686 ((-1.9499746 0 0)(0 0 -89.993134)))
(1.687 ((-1.9416413 0 0)(0 0 -89.993134)))
(1.688 ((-1.933308 0 0)(0 0 -89.993134)))
(1.689 ((-1.9249746 0 0)(0 0 -89.993134)))
(1.69 ((-1.9166413 0 0)(0 0 -89.993134)))
(1.691 ((-1.908308 0 0)(0 0 -89.993134)))
(1.692 ((-1.8999746 0 0)(0 0 -89.993134)))
(1.693 ((-1.8916413 0 0)(0 0 -89.993134)))
(1.694 ((-1.883308 0 0)(0 0 -89.993134)))
(1.695 ((-1.8749746 0 0)(0 0 -89.993134)))
(1.696 ((-1.8666413 0 0)(0 0 -89.993134)))
(1.697 ((-1.858308 0 0)(0 0 -89.993134)))
(1.698 ((-1.8499746 0 0)(0 0 -89.993134)))
(1.699 ((-1.8416413 0 0)(0 0 -89.993134)))
(1.7 ((-1.833308 0 0)(0 0 -89.993134)))
(1.701 ((-1.8249746 0 0)(0 0 -89.993134)))
(1.702 ((-1.8166413 0 0)(0 0 -89.993134)))
(1.703 ((-1.808308 0 0)(0 0 -89.993134)))
(1.704 ((-1.7999746 0 0)(0 0 -89.993134)))
(1.705 ((-1.7916413 0 0)(0 0 -89.993134)))
(1.706 ((-1.783308 0 0)(0 0 -89.993134)))
(1.707 ((-1.7749746 0 0)(0 0 -89.993134)))
(1.708 ((-1.7666413 0 0)(0 0 -89.993134)))
(1.709 ((-1.758308 0 0)(0 0 -89.993134)))
(1.71 ((-1.7499746 0 0)(0 0 -89.993134)))
(1.711 ((-1.7416413 0 0)(0 0 -89.993134)))
(1.712 ((-1.733308 0 0)(0 0 -89.993134)))
(1.713 ((-1.7249746 0 0)(0 0 -89.993134)))
(1.714 ((-1.7166413 0 0)(0 0 -89.993134)))
(1.715 ((-1.708308 0 0)(0 0 -89.993134)))
(1.716 ((-1.6999746 0 0)(0 0 -89.993134)))
(1.717 ((-1.6916413 0 0)(0 0 -89.993134)))
(1.718 ((-1.683308 0 0)(0 0 -89.993134)))
(1.719 ((-1.6749746 0 0)(0 0 -89.993134)))
(1.72 ((-1.6666413 0 0)(0 0 -89.993134)))
(1.721 ((-1.658308 0 0)(0 0 -89.993134)))
(1.722 ((-1.6499746 0 0)(0 0 -89.993134)))
(1.723 ((-1.6416413 0 0)(0 0 -89.993134)))
(1.724 ((-1.633308 0 0)(0 0 -89.993134)))
(1.725 ((-1.6249746 0 0)(0 0 -89.993134)))
(1.726 ((-1.6166413 0 0)(0 0 -89.993134)))
(1.727 ((-1.608308 0 0)(0 0 -89.993134)))
(1.728 ((-1.5999746 0 0)(0 0 -89.993134)))
(1.729 ((-1.5916413 0 0)(0 0 -89.993134)))
(1.73 ((-1.583308 0 0)(0 0 -89.993134)))
(1.731 ((-1.5749746 0 0)(0 0 -89.993134)))
(1.732 ((-1.5666413 0 0)(0 0 -89.993134)))
(1.733 ((-1.558308 0 0)(0 0 -89.993134)))
(1.734 ((-1.5499746 0 0)(0 0 -89.993134)))
(1.735 ((-1.5416413 0 0)(0 0 -89.993134)))
(1.736 ((-1.533308 0 0)(0 0 -89.993134)))
(1.737 ((-1.5249746 0 0)(0 0 -89.993134)))
(1.738 ((-1.5166413 0 0)(0 0 -89.993134)))
(1.739 ((-1.508308 0 0)(0 0 -89.993134)))
(1.74 ((-1.4999746 0 0)(0 0 -89.993134)))
(1.741 ((-1.4916413 0 0)(0 0 -89.993134)))
(1.742 ((-1.483308 0 0)(0 0 -89.993134)))
(1.743 ((-1.4749746 0 0)(0 0 -89.993134)))
(1.744 ((-1.4666413 0 0)(0 0 -89.993134)))
(1.745 ((-1.458308 0 0)(0 0 -89.993134)))
(1.746 ((-1.4499746 0 0)(0 0 -89.993134)))
(1.747 ((-1.4416413 0 0)(0 0 -89.993134)))
(1.748 ((-1.433308 0 0)(0 0 -89.993134)))
(1.749 ((-1.4249746 0 0)(0 0 -89.993134)))
(1.75 ((-1.4166413 0 0)(0 0 -89.993134)))
(1.751 ((-1.408308 0 0)(0 0 -89.993134)))
(1.752 ((-1.3999746 0 0)(0 0 -89.993134)))
(1.753 ((-1.3916413 0 0)(0 0 -89.993134)))
(1.754 ((-1.383308 0 0)(0 0 -89.993134)))
(1.755 ((-1.3749746 0 0)(0 0 -89.993134)))
(1.756 ((-1.3666413 0 0)(0 0 -89.993134)))
(1.757 ((-1.358308 0 0)(0 0 -89.993134)))
(1.758 ((-1.3499746 0 0)(0 0 -89.993134)))
(1.759 ((-1.3416413 0 0)(0 0 -89.993134)))
(1.76 ((-1.333308 0 0)(0 0 -89.993134)))
(1.761 ((-1.3249746 0 0)(0 0 -89.993134)))
(1.762 ((-1.3166413 0 0)(0 0 -89.993134)))
(1.763 ((-1.308308 0 0)(0 0 -89.993134)))
(1.764 ((-1.2999746 0 0)(0 0 -89.993134)))
(1.765 ((-1.2916413 0 0)(0 0 -89.993134)))
(1.766 ((-1.283308 0 0)(0 0 -89.993134)))
(1.767 ((-1.2749746 0 0)(0 0 -89.993134)))
(1.768 ((-1.2666413 0 0)(0 0 -89.993134)))
(1.769 ((-1.258308 0 0)(0 0 -89.993134)))
(1.77 ((-1.2499746 0 0)(0 0 -89.993134)))
(1.771 ((-1.2416413 0 0)(0 0 -89.993134)))
(1.772 ((-1.233308 0 0)(0 0 -89.993134)))
(1.773 ((-1.2249746 0 0)(0 0 -89.993134)))
(1.774 ((-1.2166413 0 0)(0 0 -89.993134)))
(1.775 ((-1.208308 0 0)(0 0 -89.993134)))
(1.776 ((-1.1999746 0 0)(0 0 -89.993134)))
(1.777 ((-1.1916413 0 0)(0 0 -89.993134)))
(1.778 ((-1.183308 0 0)(0 0 -89.993134)))
(1.779 ((-1.1749746 0 0)(0 0 -89.993134)))
(1.78 ((-1.1666413 0 0)(0 0 -89.993134)))
(1.781 ((-1.158308 0 0)(0 0 -89.993134)))
(1.782 ((-1.1499746 0 0)(0 0 -89.993134)))
(1.783 ((-1.1416413 0 0)(0 0 -89.993134)))
(1.784 ((-1.133308 0 0)(0 0 -89.993134)))
(1.785 ((-1.1249746 0 0)(0 0 -89.993134)))
(1.786 ((-1.1166413 0 0)(0 0 -89.993134)))
(1.787 ((-1.108308 0 0)(0 0 -89.993134)))
(1.788 ((-1.0999746 0 0)(0 0 -89.993134)))
(1.789 ((-1.0916413 0 0)(0 0 -89.993134)))
(1.79 ((-1.083308 0 0)(0 0 -89.993134)))
(1.791 ((-1.0749747 0 0)(0 0 -89.993134)))
(1.792 ((-1.0666413 0 0)(0 0 -89.993134)))
(1.793 ((-1.058308 0 0)(0 0 -89.993134)))
(1.794 ((-1.0499747 0 0)(0 0 -89.993134)))
(1.795 ((-1.0416413 0 0)(0 0 -89.993134)))
(1.796 ((-1.033308 0 0)(0 0 -89.993134)))
(1.797 ((-1.0249747 0 0)(0 0 -89.993134)))
(1.798 ((-1.0166413 0 0)(0 0 -89.993134)))
(1.799 ((-1.008308 0 0)(0 0 -89.993134)))
(1.8 ((-0.99997466 0 0)(0 0 -89.993134)))
(1.801 ((-0.99164133 0 0)(0 0 -89.993134)))
(1.802 ((-0.983308 0 0)(0 0 -89.993134)))
(1.803 ((-0.97497467 0 0)(0 0 -89.993134)))
(1.804 ((-0.96664134 0 0)(0 0 -89.993134)))
(1.805 ((-0.95830801 0 0)(0 0 -89.993134)))
(1.806 ((-0.94997468 0 0)(0 0 -89.993134)))
(1.807 ((-0.94164136 0 0)(0 0 -89.993134)))
(1.808 ((-0.93330803 0 0)(0 0 -89.993134)))
(1.809 ((-0.92497471 0 0)(0 0 -89.993134)))
(1.81 ((-0.91664139 0 0)(0 0 -89.993134)))
(1.811 ((-0.90830808 0 0)(0 0 -89.993134)))
(1.812 ((-0.89997477 0 0)(0 0 -89.993134)))
(1.813 ((-0.89164146 0 0)(0 0 -89.993134)))
(1.814 ((-0.88330816 0 0)(0 0 -89.993134)))
(1.815 ((-0.87497486 0 0)(0 0 -89.993134)))
(1.816 ((-0.86664158 0 0)(0 0 -89.993134)))
(1.817 ((-0.8583083 0 0)(0 0 -89.993134)))
(1.818 ((-0.84997504 0 0)(0 0 -89.993134)))
(1.819 ((-0.84164179 0 0)(0 0 -89.993134)))
(1.82 ((-0.83330856 0 0)(0 0 -89.993134)))
(1.821 ((-0.82497536 0 0)(0 0 -89.993134)))
(1.822 ((-0.81664218 0 0)(0 0 -89.993134)))
(1.823 ((-0.80830904 0 0)(0 0 -89.993134)))
(1.824 ((-0.79997594 0 0)(0 0 -89.993134)))
(1.825 ((-0.7916429 0 0)(0 0 -89.993134)))
(1.826 ((-0.78330992 0 0)(0 0 -89.993134)))
(1.827 ((-0.77497701 0 0)(0 0 -89.993134)))
(1.828 ((-0.7666442 0 0)(0 0 -89.993134)))
(1.829 ((-0.7583115 0 0)(0 0 -89.993134)))
(1.83 ((-0.74997895 0 0)(0 0 -89.993134)))
(1.831 ((-0.74164657 0 0)(0 0 -89.993134)))
(1.832 ((-0.7333144 0 0)(0 0 -89.993134)))
(1.833 ((-0.72498248 0 0)(0 0 -89.993134)))
(1.834 ((-0.71665088 0 0)(0 0 -89.993134)))
(1.835 ((-0.70831966 0 0)(0 0 -89.993134)))
(1.836 ((-0.69998891 0 0)(0 0 -89.993134)))
(1.837 ((-0.69165872 0 0)(0 0 -89.993134)))
(1.838 ((-0.68332923 0 0)(0 0 -89.993134)))
(1.839 ((-0.67500059 0 0)(0 0 -89.993134)))
(1.84 ((-0.66667297 0 0)(0 0 -89.993134)))
(1.841 ((-0.65834661 0 0)(0 0 -89.993134)))
(1.842 ((-0.65002177 0 0)(0 0 -89.993134)))
(1.843 ((-0.64169878 0 0)(0 0 -89.993134)))
(1.844 ((-0.63337804 0 0)(0 0 -89.993134)))
(1.845 ((-0.62506003 0 0)(0 0 -89.993134)))
(1.846 ((-0.61674533 0 0)(0 0 -89.993134)))
(1.847 ((-0.60843461 0 0)(0 0 -89.993134)))
(1.848 ((-0.60012871 0 0)(0 0 -89.993134)))
(1.849 ((-0.5918286 0 0)(0 0 -89.993134)))
(1.85 ((-0.58353543 0 0)(0 0 -89.993134)))
(1.851 ((-0.57525056 0 0)(0 0 -89.993134)))
(1.852 ((-0.56697557 0 0)(0 0 -89.993134)))
(1.853 ((-0.55871225 0 0)(0 0 -89.993134)))
(1.854 ((-0.5504627 0 0)(0 0 -89.993134)))
(1.855 ((-0.54222925 0 0)(0 0 -89.993134)))
(1.856 ((-0.53401449 0 0)(0 0 -89.993134)))
(1.857 ((-0.52582128 0 0)(0 0 -89.993134)))
(1.858 ((-0.51765269 0 0)(0 0 -89.993134)))
(1.859 ((-0.50951198 0 0)(0 0 -89.993134)))
(1.86 ((-0.50140254 0 0)(0 0 -89.993134)))
(1.861 ((-0.49332782 0 0)(0 0 -89.993134)))
(1.862 ((-0.48529128 0 0)(0 0 -89.993134)))
(1.863 ((-0.47729631 0 0)(0 0 -89.993134)))
(1.864 ((-0.46934615 0 0)(0 0 -89.993134)))
(1.865 ((-0.4614439 0 0)(0 0 -89.993134)))
(1.866 ((-0.45359238 0 0)(0 0 -89.993134)))
(1.867 ((-0.44579422 0 0)(0 0 -89.993134)))
(1.868 ((-0.43805174 0 0)(0 0 -89.993134)))
(1.869 ((-0.43036702 0 0)(0 0 -89.993134)))
(1.87 ((-0.42274187 0 0)(0 0 -89.993134)))
(1.871 ((-0.41517787 0 0)(0 0 -89.993134)))
(1.872 ((-0.40767638 0 0)(0 0 -89.993134)))
(1.873 ((-0.40023853 0 0)(0 0 -89.993134)))
(1.874 ((-0.39286532 0 0)(0 0 -89.993134)))
(1.875 ((-0.38555755 0 0)(0 0 -89.993134)))
(1.876 ((-0.37831593 0 0)(0 0 -89.993134)))
(1.877 ((-0.37114103 0 0)(0 0 -89.993134)))
(1.878 ((-0.36403332 0 0)(0 0 -89.993134)))
(1.879 ((-0.3569932 0 0)(0 0 -89.993134)))
(1.88 ((-0.35002101 0 0)(0 0 -89.993134)))
(1.881 ((-0.343117 0 0)(0 0 -89.993134)))
(1.882 ((-0.33628141 0 0)(0 0 -89.993134)))
(1.883 ((-0.32951442 0 0)(0 0 -89.993134)))
(1.884 ((-0.32281618 0 0)(0 0 -89.993134)))
(1.885 ((-0.31618681 0 0)(0 0 -89.993134)))
(1.886 ((-0.30962643 0 0)(0 0 -89.993134)))
(1.887 ((-0.3031351 0 0)(0 0 -89.993134)))
(1.888 ((-0.29671291 0 0)(0 0 -89.993134)))
(1.889 ((-0.29035991 0 0)(0 0 -89.993134)))
(1.89 ((-0.28407614 0 0)(0 0 -89.993134)))
(1.891 ((-0.27786164 0 0)(0 0 -89.993134)))
(1.892 ((-0.27171644 0 0)(0 0 -89.993134)))
(1.893 ((-0.26564058 0 0)(0 0 -89.993134)))
(1.894 ((-0.25963406 0 0)(0 0 -89.993134)))
(1.895 ((-0.25369691 0 0)(0 0 -89.993134)))
(1.896 ((-0.24782914 0 0)(0 0 -89.993134)))
(1.897 ((-0.24203076 0 0)(0 0 -89.993134)))
(1.898 ((-0.23630179 0 0)(0 0 -89.993134)))
(1.899 ((-0.23064223 0 0)(0 0 -89.993134)))
(1.9 ((-0.22505208 0 0)(0 0 -89.993134)))
(1.901 ((-0.21953135 0 0)(0 0 -89.993134)))
(1.902 ((-0.21408005 0 0)(0 0 -89.993134)))
(1.903 ((-0.20869817 0 0)(0 0 -89.993134)))
(1.904 ((-0.20338573 0 0)(0 0 -89.993134)))
(1.905 ((-0.19814272 0 0)(0 0 -89.993134)))
(1.906 ((-0.19296915 0 0)(0 0 -89.993134)))
(1.907 ((-0.18786501 0 0)(0 0 -89.993134)))
(1.908 ((-0.18283032 0 0)(0 0 -89.993134)))
(1.909 ((-0.17786506 0 0)(0 0 -89.993134)))
(1.91 ((-0.17296925 0 0)(0 0 -89.993134)))
(1.911 ((-0.16814287 0 0)(0 0 -89.993134)))
(1.912 ((-0.16338594 0 0)(0 0 -89.993134)))
(1.913 ((-0.15869845 0 0)(0 0 -89.993134)))
(1.914 ((-0.1540804 0 0)(0 0 -89.993134)))
(1.915 ((-0.14953179 0 0)(0 0 -89.993134)))
(1.916 ((-0.14505263 0 0)(0 0 -89.993134)))
(1.917 ((-0.14064291 0 0)(0 0 -89.993134)))
(1.918 ((-0.13630264 0 0)(0 0 -89.993134)))
(1.919 ((-0.1320318 0 0)(0 0 -89.993134)))
(1.92 ((-0.12783042 0 0)(0 0 -89.993134)))
(1.921 ((-0.12369847 0 0)(0 0 -89.993134)))
(1.922 ((-0.11963597 0 0)(0 0 -89.993134)))
(1.923 ((-0.11564291 0 0)(0 0 -89.993134)))
(1.924 ((-0.1117193 0 0)(0 0 -89.993134)))
(1.925 ((-0.10786513 0 0)(0 0 -89.993134)))
(1.926 ((-0.1040804 0 0)(0 0 -89.993134)))
(1.927 ((-0.10036511 0 0)(0 0 -89.993134)))
(1.928 ((-0.096719271 0 0)(0 0 -89.993134)))
(1.929 ((-0.093142871 0 0)(0 0 -89.993134)))
(1.93 ((-0.089635912 0 0)(0 0 -89.993134)))
(1.931 ((-0.086198395 0 0)(0 0 -89.993134)))
(1.932 ((-0.082830318 0 0)(0 0 -89.993134)))
(1.933 ((-0.079531682 0 0)(0 0 -89.993134)))
(1.934 ((-0.076302483 0 0)(0 0 -89.993134)))
(1.935 ((-0.073142722 0 0)(0 0 -89.993134)))
(1.936 ((-0.070052397 0 0)(0 0 -89.993134)))
(1.937 ((-0.067031506 0 0)(0 0 -89.993134)))
(1.938 ((-0.064080046 0 0)(0 0 -89.993134)))
(1.939 ((-0.061198016 0 0)(0 0 -89.993134)))
(1.94 ((-0.05838541 0 0)(0 0 -89.993134)))
(1.941 ((-0.055642226 0 0)(0 0 -89.993134)))
(1.942 ((-0.052968457 0 0)(0 0 -89.993134)))
(1.943 ((-0.050364098 0 0)(0 0 -89.993134)))
(1.944 ((-0.047829141 0 0)(0 0 -89.993134)))
(1.945 ((-0.045363576 0 0)(0 0 -89.993134)))
(1.946 ((-0.042967393 0 0)(0 0 -89.993134)))
(1.947 ((-0.040640576 0 0)(0 0 -89.993134)))
(1.948 ((-0.038383109 0 0)(0 0 -89.993134)))
(1.949 ((-0.036194971 0 0)(0 0 -89.993134)))
(1.95 ((-0.034076136 0 0)(0 0 -89.993134)))
(1.951 ((-0.032026574 0 0)(0 0 -89.993134)))
(1.952 ((-0.030046245 0 0)(0 0 -89.993134)))
(1.953 ((-0.028135105 0 0)(0 0 -89.993134)))
(1.954 ((-0.026293095 0 0)(0 0 -89.993134)))
(1.955 ((-0.024520148 0 0)(0 0 -89.993134)))
(1.956 ((-0.022816179 0 0)(0 0 -89.993134)))
(1.957 ((-0.021181085 0 0)(0 0 -89.993134)))
(1.958 ((-0.019614743 0 0)(0 0 -89.993134)))
(1.959 ((-0.018117 0 0)(0 0 -89.993134)))
(1.96 ((-0.016687672 0 0)(0 0 -89.993134)))
(1.961 ((-0.015326536 0 0)(0 0 -89.993134)))
(1.962 ((-0.01403332 0 0)(0 0 -89.993134)))
(1.963 ((-0.012807696 0 0)(0 0 -89.993134)))
(1.964 ((-0.011649267 0 0)(0 0 -89.993134)))
(1.965 ((-0.010557554 0 0)(0 0 -89.993134)))
(1.966 ((-0.0095319828 0 0)(0 0 -89.993134)))
(1.967 ((-0.0085718641 0 0)(0 0 -89.993134)))
(1.968 ((-0.0076763757 0 0)(0 0 -89.993134)))
(1.969 ((-0.0068445412 0 0)(0 0 -89.993134)))
(1.97 ((-0.0060752073 0 0)(0 0 -89.993134)))
(1.971 ((-0.0053670215 0 0)(0 0 -89.993134)))
(1.972 ((-0.0047184091 0 0)(0 0 -89.993134)))
(1.973 ((-0.0041275543 0 0)(0 0 -89.993134)))
(1.974 ((-0.0035923845 0 0)(0 0 -89.993134)))
(1.975 ((-0.0031105624 0 0)(0 0 -89.993134)))
(1.976 ((-0.0026794872 0 0)(0 0 -89.993134)))
(1.977 ((-0.0022963082 0 0)(0 0 -89.993134)))
(1.978 ((-0.001957951 0 0)(0 0 -89.993134)))
(1.979 ((-0.0016611583 0 0)(0 0 -89.993134)))
(1.98 ((-0.0014025429 0 0)(0 0 -89.993134)))
(1.981 ((-0.0011786497 0 0)(0 0 -89.993134)))
(1.982 ((-0.00098602367 0 0)(0 0 -89.993134)))
(1.983 ((-0.00082127756 0 0)(0 0 -89.993134)))
(1.984 ((-0.00068115407 0 0)(0 0 -89.993134)))
(1.985 ((-0.00056257891 0 0)(0 0 -89.993134)))
(1.986 ((-0.00046270126 0 0)(0 0 -89.993134)))
(1.987 ((-0.00037892038 0 0)(0 0 -89.993134)))
(1.988 ((-0.00030889891 0 0)(0 0 -89.993134)))
(1.989 ((-0.0002505643 0 0)(0 0 -89.993134)))
(1.99 ((-0.00020210064 0 0)(0 0 -89.993134)))
(1.991 ((-0.00016193347 0 0)(0 0 -89.993134)))
(1.992 ((-0.00012871005 0 0)(0 0 -89.993134)))
(1.993 ((-0.00010127726 0 0)(0 0 -89.993134)))
(1.994 ((-7.8658431e-05 0 0)(0 0 -89.993134)))
(1.995 ((-6.0032151e-05 0 0)(0 0 -89.993134)))
(1.996 ((-4.4706451e-05 0 0)(0 0 -89.993134)))
(1.997 ((-3.2117404e-05 0 0)(0 0 -89.993134)))
(1.998 ((-2.1745103e-05 0 0)(0 0 -89.993134)))
(1.999 ((-1.3347767e-05 0 0)(0 0 -89.993134)))
(2 ((-6.0183692e-06 0 0)(0 0 -89.993134)))
(2.001 ((-2.9370582e-06 0 0)(0 0 -89.993134)))
(2.002 ((-3.3405351e-06 0 0)(0 0 -89.993134)))
(2.003 ((-3.2324238e-06 0 0)(0 0 -89.993134)))
(2.004 ((-3.2613921e-06 0 0)(0 0 -89.993134)))
(2.005 ((-3.2536301e-06 0 0)(0 0 -89.993134)))
(2.006 ((-3.2557099e-06 0 0)(0 0 -89.993134)))
(2.007 ((-3.2551526e-06 0 0)(0 0 -89.993134)))
(2.008 ((-3.255302e-06 0 0)(0 0 -89.993134)))
(2.009 ((-3.2552619e-06 0 0)(0 0 -89.993134)))
(2.01 ((-3.2552727e-06 0 0)(0 0 -89.993134)))
(2.011 ((-3.2552698e-06 0 0)(0 0 -89.993134)))
(2.012 ((-3.2552706e-06 0 0)(0 0 -89.993134)))
(2.013 ((-3.2552704e-06 0 0)(0 0 -89.993134)))
(2.014 ((-3.2552704e-06 0 0)(0 0 -89.993134)))
(2.015 ((-3.2552704e-06 0 0)(0 0 -89.993134)))
(2.016 ((-3.2552704e-06 0 0)(0 0 -89.993134)))
(2.017 ((-3.2552704e-06 0 0)(0 0 -89.993134)))
(2.018 ((-3.2552704e-06 0 0)(0 0 -89.993134)))
(2.019 ((-3.2552704e-06 0 0)(0 0 -89.993134)))
(2.02 ((-3.2552704e-06 0 0)(0 0 -89.993134)))
(2.021 ((-3.2552704e-06 0 0)(0 0 -89.993134)))
(2.022 ((-3.2552704e-06 0 0)(0 0 -89.993134)))
(2.023 ((-3.2552704e-06 0 0)(0 0 -89.993134)))
(2.024 ((-3.2552704e-06 0 0)(0 0 -89.993134)))
(2.025 ((-3.2552704e-06 0 0)(0 0 -89.993134)))
(2.026 ((-3.2552704e-06 0 0)(0 0 -89.993134)))
(2.027 ((-3.2552704e-06 0 0)(0 0 -89.993134)))
(2.028 ((-3.2552704e-06 0 0)(0 0 -89.993134)))
(2.029 ((-3.2552704e-06 0 0)(0 0 -89.993134)))
(2.03 ((-3.2552704e-06 0 0)(0 0 -89.993134)))
(2.031 ((-3.2552704e-06 0 0)(0 0 -89.993134)))
(2.032 ((-3.2552704e-06 0 0)(0 0 -89.993134)))
(2.033 ((-3.2552704e-06 0 0)(0 0 -89.993134)))
(2.034 ((-3.2552704e-06 0 0)(0 0 -89.993134)))
(2.035 ((-3.2552704e-06 0 0)(0 0 -89.993134)))
(2.036 ((-3.2552704e-06 0 0)(0 0 -89.993134)))
(2.037 ((-3.2552704e-06 0 0)(0 0 -89.993134)))
(2.038 ((-3.2552704e-06 0 0)(0 0 -89.993134)))
(2.039 ((-3.2552704e-06 0 0)(0 0 -89.993134)))
(2.04 ((-3.2552704e-06 0 0)(0 0 -89.993134)))
(2.041 ((-3.2552704e-06 0 0)(0 0 -89.993134)))
(2.042 ((-3.2552704e-06 0 0)(0 0 -89.993134)))
(2.043 ((-3.2552704e-06 0 0)(0 0 -89.993134)))
(2.044 ((-3.2552704e-06 0 0)(0 0 -89.993134)))
(2.045 ((-3.2552704e-06 0 0)(0 0 -89.993134)))
(2.046 ((-3.2552704e-06 0 0)(0 0 -89.993134)))
(2.047 ((-3.2552704e-06 0 0)(0 0 -89.993134)))
(2.048 ((-3.2552704e-06 0 0)(0 0 -89.993134)))
(2.049 ((-3.2552704e-06 0 0)(0 0 -89.993134)))
(2.05 ((-3.2552704e-06 0 0)(0 0 -89.993134)))
(2.051 ((-3.2552704e-06 0 0)(0 0 -89.993134)))
(2.052 ((-3.2552704e-06 0 0)(0 0 -89.993134)))
(2.053 ((-3.2552704e-06 0 0)(0 0 -89.993134)))
(2.054 ((-3.2552704e-06 0 0)(0 0 -89.993134)))
(2.055 ((-3.2552704e-06 0 0)(0 0 -89.993134)))
(2.056 ((-3.2552704e-06 0 0)(0 0 -89.993134)))
(2.057 ((-3.2552704e-06 0 0)(0 0 -89.993134)))
(2.058 ((-3.2552704e-06 0 0)(0 0 -89.993134)))
(2.059 ((-3.2552704e-06 0 0)(0 0 -89.993134)))
(2.06 ((-3.2552704e-06 0 0)(0 0 -89.993134)))
(2.061 ((-3.2552704e-06 0 0)(0 0 -89.993134)))
(2.062 ((-3.2552704e-06 0 0)(0 0 -89.993134)))
(2.063 ((-3.2552704e-06 0 0)(0 0 -89.993134)))
(2.064 ((-3.2552704e-06 0 0)(0 0 -89.993134)))
(2.065 ((-3.2552704e-06 0 0)(0 0 -89.993134)))
(2.066 ((-3.2552704e-06 0 0)(0 0 -89.993134)))
(2.067 ((-3.2552704e-06 0 0)(0 0 -89.993134)))
(2.068 ((-3.2552704e-06 0 0)(0 0 -89.993134)))
(2.069 ((-3.2552704e-06 0 0)(0 0 -89.993134)))
(2.07 ((-3.2552704e-06 0 0)(0 0 -89.993134)))
(2.071 ((-3.2552704e-06 0 0)(0 0 -89.993134)))
(2.072 ((-3.2552704e-06 0 0)(0 0 -89.993134)))
(2.073 ((-3.2552704e-06 0 0)(0 0 -89.993134)))
(2.074 ((-3.2552704e-06 0 0)(0 0 -89.993134)))
(2.075 ((-3.2552704e-06 0 0)(0 0 -89.993134)))
(2.076 ((-3.2552704e-06 0 0)(0 0 -89.993134)))
(2.077 ((-3.2552704e-06 0 0)(0 0 -89.993134)))
(2.078 ((-3.2552704e-06 0 0)(0 0 -89.993134)))
(2.079 ((-3.2552704e-06 0 0)(0 0 -89.993134)))
(2.08 ((-3.2552704e-06 0 0)(0 0 -89.993134)))
(2.081 ((-3.2552704e-06 0 0)(0 0 -89.993134)))
(2.082 ((-3.2552704e-06 0 0)(0 0 -89.993134)))
(2.083 ((-3.2552704e-06 0 0)(0 0 -89.993134)))
(2.084 ((-3.2552704e-06 0 0)(0 0 -89.993134)))
(2.085 ((-3.2552704e-06 0 0)(0 0 -89.993134)))
(2.086 ((-3.2552704e-06 0 0)(0 0 -89.993134)))
(2.087 ((-3.2552704e-06 0 0)(0 0 -89.993134)))
(2.088 ((-3.2552704e-06 0 0)(0 0 -89.993134)))
(2.089 ((-3.2552704e-06 0 0)(0 0 -89.993134)))
(2.09 ((-3.2552704e-06 0 0)(0 0 -89.993134)))
(2.091 ((-3.2552704e-06 0 0)(0 0 -89.993134)))
(2.092 ((-3.2552704e-06 0 0)(0 0 -89.993134)))
(2.093 ((-3.2552704e-06 0 0)(0 0 -89.993134)))
(2.094 ((-3.2552704e-06 0 0)(0 0 -89.993134)))
(2.095 ((-3.2552704e-06 0 0)(0 0 -89.993134)))
(2.096 ((-3.2552704e-06 0 0)(0 0 -89.993134)))
(2.097 ((-3.2552704e-06 0 0)(0 0 -89.993134)))
(2.098 ((-3.2552704e-06 0 0)(0 0 -89.993134)))
(2.099 ((-3.2552704e-06 0 0)(0 0 -89.993134)))
)
