2100
(
(0 ((-0 0 0)(0 0 -0)))
(0.001 ((-5.974024118e-06 0 0)(0 0 -2.558964099e-16)))
(0.002 ((-1.325435384e-05 0 0)(0 0 1.973729822e-16)))
(0.003 ((-2.2122761e-05 0 0)(0 0 1.204891899e-16)))
(0.004 ((-3.291930467e-05 0 0)(0 0 1.227847033e-16)))
(0.005 ((-4.605402969e-05 0 0)(0 0 1.904864419e-16)))
(0.006 ((-6.201983808e-05 0 0)(0 0 -2.306457624e-16)))
(0.007 ((-8.140729482e-05 0 0)(0 0 -9.411604988e-17)))
(0.008 ((-0.000104921139 0 0)(0 0 -5.151621689e-16)))
(0.009 ((-0.0001333983526 0 0)(0 0 -4.478047716e-16)))
(0.01 ((-0.0001678273573 0 0)(0 0 -4.442179782e-16)))
(0.011 ((-0.0002093676368 0 0)(0 0 -5.259225493e-16)))
(0.012 ((-0.000259368727 0 0)(0 0 -5.466132157e-17)))
(0.013 ((-0.0003193871288 0 0)(0 0 -5.257340318e-16)))
(0.014 ((-0.0003911993164 0 0)(0 0 -4.449720482e-16)))
(0.015 ((-0.0004768087326 0 0)(0 0 -4.449770091e-16)))
(0.016 ((-0.0005784445781 0 0)(0 0 -5.257191488e-16)))
(0.017 ((-0.0006985504334 0 0)(0 0 -5.471589241e-17)))
(0.018 ((-0.0008397613842 0 0)(0 0 -5.257191489e-16)))
(0.019 ((-0.001004869372 0 0)(0 0 -4.449770089e-16)))
(0.02 ((-0.001196777844 0 0)(0 0 -4.449720491e-16)))
(0.021 ((-0.001418448221 0 0)(0 0 -5.257340283e-16)))
(0.022 ((-0.001672841923 0 0)(0 0 -5.466133446e-17)))
(0.023 ((-0.001962862397 0 0)(0 0 -5.259225012e-16)))
(0.024 ((-0.002291301586 0 0)(0 0 -4.442181577e-16)))
(0.025 ((-0.002660794574 0 0)(0 0 -4.478041016e-16)))
(0.026 ((-0.003073784943 0 0)(0 0 -5.151646694e-16)))
(0.027 ((-0.003532501892 0 0)(0 0 -9.41067176e-17)))
(0.028 ((-0.004038948866 0 0)(0 0 -2.306805909e-16)))
(0.029 ((-0.004594902337 0 0)(0 0 1.906164238e-16)))
(0.03 ((-0.005201918806 0 0)(0 0 1.222996043e-16)))
(0.031 ((-0.005861347811 0 0)(0 0 1.222996043e-16)))
(0.032 ((-0.006574348834 0 0)(0 0 1.906164238e-16)))
(0.033 ((-0.007341910297 0 0)(0 0 -2.306805909e-16)))
(0.034 ((-0.008164869182 0 0)(0 0 -9.41067176e-17)))
(0.035 ((-0.009043930229 0 0)(0 0 -5.151646694e-16)))
(0.036 ((-0.009979684 0 0)(0 0 -4.478041016e-16)))
(0.037 ((-0.0109726234 0 0)(0 0 -4.442181577e-16)))
(0.038 ((-0.01202315847 0 0)(0 0 -5.259225012e-16)))
(0.039 ((-0.01313162932 0 0)(0 0 -5.466133456e-17)))
(0.04 ((-0.01429831746 0 0)(0 0 -5.25734028e-16)))
(0.041 ((-0.01552345542 0 0)(0 0 -4.449720505e-16)))
(0.042 ((-0.01680723498 0 0)(0 0 -4.449770035e-16)))
(0.043 ((-0.0181498141 0 0)(0 0 -5.257191691e-16)))
(0.044 ((-0.01955132274 0 0)(0 0 -5.471581721e-17)))
(0.045 ((-0.02101186774 0 0)(0 0 -5.257194295e-16)))
(0.046 ((-0.02253153687 0 0)(0 0 -4.449759618e-16)))
(0.047 ((-0.02411040216 0 0)(0 0 -4.449759568e-16)))
(0.048 ((-0.02574852276 0 0)(0 0 -5.257194445e-16)))
(0.049 ((-0.02744594713 0 0)(0 0 -5.471576205e-17)))
(0.05 ((-0.02920271505 0 0)(0 0 -5.257193747e-16)))
(0.051 ((-0.03101885912 0 0)(0 0 -4.449762362e-16)))
(0.052 ((-0.03289440604 0 0)(0 0 -4.449749141e-16)))
(0.053 ((-0.0348293777 0 0)(0 0 -5.257233411e-16)))
(0.054 ((-0.03682379204 0 0)(0 0 -5.470121865e-17)))
(0.055 ((-0.03887766374 0 0)(0 0 -5.257736517e-16)))
(0.056 ((-0.04099100484 0 0)(0 0 -4.447736713e-16)))
(0.057 ((-0.04316382519 0 0)(0 0 -4.457308964e-16)))
(0.058 ((-0.04539613286 0 0)(0 0 -5.229019765e-16)))
(0.059 ((-0.04768793446 0 0)(0 0 -6.52306945e-17)))
(0.06 ((-0.05003923541 0 0)(0 0 -4.864771129e-16)))
(0.061 ((-0.05245004014 0 0)(0 0 -7.394600876e-16)))
(0.062 ((-0.05492035227 0 0)(0 0 -1.08263861e-15)))
(0.063 ((-0.05745017477 0 0)(0 0 -1.085268649e-15)))
(0.064 ((-0.06003951007 0 0)(0 0 -7.315699699e-16)))
(0.065 ((-0.06268836017 0 0)(0 0 -5.154075443e-16)))
(0.066 ((-0.06539672669 0 0)(0 0 1.906306501e-16)))
(0.067 ((-0.06816461096 0 0)(0 0 4.069696526e-16)))
(0.068 ((-0.07099201408 0 0)(0 0 7.599620244e-16)))
(0.069 ((-0.07387893692 0 0)(0 0 7.599806374e-16)))
(0.07 ((-0.07682538023 0 0)(0 0 4.069138133e-16)))
(0.071 ((-0.07983134458 0 0)(0 0 1.908353939e-16)))
(0.072 ((-0.08289683046 0 0)(0 0 -5.161706801e-16)))
(0.073 ((-0.08602183826 0 0)(0 0 -7.287221703e-16)))
(0.074 ((-0.0892063683 0 0)(0 0 -1.095896712e-15)))
(0.075 ((-0.09245042081 0 0)(0 0 -1.042974159e-15)))
(0.076 ((-0.095753996 0 0)(0 0 -1.035519567e-15)))
(0.077 ((-0.09911709401 0 0)(0 0 -1.118260487e-15)))
(0.078 ((-0.102539715 0 0)(0 0 -6.467216592e-16)))
(0.079 ((-0.1060218589 0 0)(0 0 -1.117868422e-15)))
(0.08 ((-0.109563526 0 0)(0 0 -1.037087829e-15)))
(0.081 ((-0.1131647161 0 0)(0 0 -1.037093173e-15)))
(0.082 ((-0.1168254293 0 0)(0 0 -1.117852391e-15)))
(0.083 ((-0.1205456654 0 0)(0 0 -6.467804373e-16)))
(0.084 ((-0.1243254246 0 0)(0 0 -1.118041406e-15)))
(0.085 ((-0.1281647065 0 0)(0 0 -1.036337115e-15)))
(0.086 ((-0.1320635112 0 0)(0 0 -1.039923045e-15)))
(0.087 ((-0.1360218383 0 0)(0 0 -1.107283617e-15)))
(0.088 ((-0.1400396876 0 0)(0 0 -6.86225664e-16)))
(0.089 ((-0.1441170589 0 0)(0 0 -8.227995371e-16)))
(0.09 ((-0.1482539517 0 0)(0 0 -4.015025241e-16)))
(0.091 ((-0.1524503655 0 0)(0 0 -4.698193368e-16)))
(0.092 ((-0.1567062998 0 0)(0 0 -4.698193624e-16)))
(0.093 ((-0.1610217538 0 0)(0 0 -4.015024471e-16)))
(0.094 ((-0.1653967267 0 0)(0 0 -8.227998194e-16)))
(0.095 ((-0.1698312173 0 0)(0 0 -6.862246116e-16)))
(0.096 ((-0.1743252244 0 0)(0 0 -1.107287544e-15)))
(0.097 ((-0.1788787462 0 0)(0 0 -1.039908389e-15)))
(0.098 ((-0.1834917808 0 0)(0 0 -1.036391814e-15)))
(0.099 ((-0.1881643259 0 0)(0 0 -1.117837268e-15)))
(0.1 ((-0.1928963783 0 0)(0 0 -6.475422887e-16)))
(0.101 ((-0.1976879345 0 0)(0 0 -1.115009123e-15)))
(0.102 ((-0.20253899 0 0)(0 0 -1.047704394e-15)))
(0.103 ((-0.2074495395 0 0)(0 0 -9.974862113e-16)))
(0.104 ((-0.2124195763 0 0)(0 0 -1.413693409e-15)))
(0.105 ((-0.2174490923 0 0)(0 0 -1.279380166e-15)))
(0.106 ((-0.2225380777 0 0)(0 0 -1.696485414e-15)))
(0.107 ((-0.2276865206 0 0)(0 0 -1.642675032e-15)))
(0.108 ((-0.232894406 0 0)(0 0 -1.588841049e-15)))
(0.109 ((-0.2381617163 0 0)(0 0 -2.006017098e-15)))
(0.11 ((-0.2434884293 0 0)(0 0 -1.871444252e-15)))
(0.111 ((-0.2488745186 0 0)(0 0 -2.288619061e-15)))
(0.112 ((-0.2543199513 0 0)(0 0 -2.234790037e-15)))
(0.113 ((-0.2598246879 0 0)(0 0 -2.180961063e-15)))
(0.114 ((-0.2653886797 0 0)(0 0 -2.59813572e-15)))
(0.115 ((-0.2710118677 0 0)(0 0 -2.463563431e-15)))
(0.116 ((-0.2766941799 0 0)(0 0 -2.880737404e-15)))
(0.117 ((-0.2824355284 0 0)(0 0 -2.826911166e-15)))
(0.118 ((-0.2882358064 0 0)(0 0 -2.77307188e-15)))
(0.119 ((-0.294094884 0 0)(0 0 -3.190284999e-15)))
(0.12 ((-0.3000126032 0 0)(0 0 -3.055569176e-15)))
(0.121 ((-0.3059887722 0 0)(0 0 -3.473278823e-15)))
(0.122 ((-0.3120231585 0 0)(0 0 -3.417453423e-15)))
(0.123 ((-0.3181154805 0 0)(0 0 -3.371075113e-15)))
(0.124 ((-0.3242653983 0 0)(0 0 -3.76044349e-15)))
(0.125 ((-0.3304725017 0 0)(0 0 -3.729645656e-15)))
(0.126 ((-0.3367362978 0 0)(0 0 -3.463468617e-15)))
(0.127 ((-0.343056196 0 0)(0 0 -2.782617767e-15)))
(0.128 ((-0.3494314917 0 0)(0 0 -2.515544e-15)))
(0.129 ((-0.3558613478 0 0)(0 0 -2.488333081e-15)))
(0.13 ((-0.3623447759 0 0)(0 0 -2.864250524e-15)))
(0.131 ((-0.3688806166 0 0)(0 0 -2.868089035e-15)))
(0.132 ((-0.3754675203 0 0)(0 0 -2.476817547e-15)))
(0.133 ((-0.3821039305 0 0)(0 0 -2.557767621e-15)))
(0.134 ((-0.3887880707 0 0)(0 0 -2.477209077e-15)))
(0.135 ((-0.3955179374 0 0)(0 0 -2.866522917e-15)))
(0.136 ((-0.4022913016 0 0)(0 0 -2.870123467e-15)))
(0.137 ((-0.4091057195 0 0)(0 0 -2.466407426e-15)))
(0.138 ((-0.4159585562 0 0)(0 0 -2.597373674e-15)))
(0.139 ((-0.4228470196 0 0)(0 0 -2.181165251e-15)))
(0.14 ((-0.4297682064 0 0)(0 0 -2.234735329e-15)))
(0.141 ((-0.4367191551 0 0)(0 0 -2.288633701e-15)))
(0.142 ((-0.4436969042 0 0)(0 0 -1.871440399e-15)))
(0.143 ((-0.4506985504 0 0)(0 0 -2.00601787e-15)))
(0.144 ((-0.4577213017 0 0)(0 0 -1.588841815e-15)))
(0.145 ((-0.464762523 0 0)(0 0 -1.642671196e-15)))
(0.146 ((-0.4718197707 0 0)(0 0 -1.696499992e-15)))
(0.147 ((-0.4788908157 0 0)(0 0 -1.279325691e-15)))
(0.148 ((-0.4859736544 0 0)(0 0 -1.413896733e-15)))
(0.149 ((-0.4930665105 0 0)(0 0 -9.96727393e-16)))
(0.15 ((-0.5001678274 0 0)(0 0 -1.050536344e-15)))
(0.151 ((-0.5072762555 0 0)(0 0 -1.104440143e-15)))
(0.152 ((-0.5143906354 0 0)(0 0 -6.869862612e-16)))
(0.153 ((-0.5215099787 0 0)(0 0 -8.22600622e-16)))
(0.154 ((-0.5286334484 0 0)(0 0 -4.01537587e-16)))
(0.155 ((-0.5357603397 0 0)(0 0 -4.69878e-16)))
(0.156 ((-0.5428900622 0 0)(0 0 -4.695496465e-16)))
(0.157 ((-0.5500221228 0 0)(0 0 -4.025226474e-16)))
(0.158 ((-0.5571561115 0 0)(0 0 -8.189887341e-16)))
(0.159 ((-0.5642916883 0 0)(0 0 -7.004487526e-16)))
(0.16 ((-0.5714285716 0 0)(0 0 -1.054202065e-15)))
(0.161 ((-0.5785665288 0 0)(0 0 -1.3860559e-15)))
(0.162 ((-0.5857053683 0 0)(0 0 -1.33321435e-15)))
(0.163 ((-0.5928449321 0 0)(0 0 -1.360756452e-15)))
(0.164 ((-0.5999850901 0 0)(0 0 -1.303429595e-15)))
(0.165 ((-0.6071257356 0 0)(0 0 -1.653224655e-15)))
(0.166 ((-0.6142667807 0 0)(0 0 -1.939698376e-15)))
(0.167 ((-0.6214081535 0 0)(0 0 -2.220365273e-15)))
(0.168 ((-0.6285497948 0 0)(0 0 -2.587580803e-15)))
(0.169 ((-0.6356916562 0 0)(0 0 -2.46637889e-15)))
(0.17 ((-0.6428336978 0 0)(0 0 -2.880030485e-15)))
(0.171 ((-0.649975887 0 0)(0 0 -2.826923383e-15)))
(0.172 ((-0.6571181972 0 0)(0 0 -2.773729932e-15)))
(0.173 ((-0.6642606065 0 0)(0 0 -3.187640573e-15)))
(0.174 ((-0.6714030969 0 0)(0 0 -3.065488826e-15)))
(0.175 ((-0.6785456538 0 0)(0 0 -3.436244649e-15)))
(0.176 ((-0.6856882651 0 0)(0 0 -3.703700207e-15)))
(0.177 ((-0.6928309209 0 0)(0 0 -4.039478989e-15)))
(0.178 ((-0.6999736132 0 0)(0 0 -4.057235407e-15)))
(0.179 ((-0.7071163354 0 0)(0 0 -3.650430951e-15)))
(0.18 ((-0.714259082 0 0)(0 0 -3.779594992e-15)))
(0.181 ((-0.7214018487 0 0)(0 0 -3.373683813e-15)))
(0.182 ((-0.7285446317 0 0)(0 0 -3.387867122e-15)))
(0.183 ((-0.7356874282 0 0)(0 0 -3.737045063e-15)))
(0.184 ((-0.7428302357 0 0)(0 0 -3.954477093e-15)))
(0.185 ((-0.7499730522 0 0)(0 0 -4.65995761e-15)))
(0.186 ((-0.7571158761 0 0)(0 0 -4.877257717e-15)))
(0.187 ((-0.764258706 0 0)(0 0 -5.226963347e-15)))
(0.188 ((-0.7714015408 0 0)(0 0 -5.239167821e-15)))
(0.189 ((-0.7785443797 0 0)(0 0 -4.840644295e-15)))
(0.19 ((-0.7856872218 0 0)(0 0 -4.942236562e-15)))
(0.191 ((-0.7928300667 0 0)(0 0 -4.638331547e-15)))
(0.192 ((-0.7999729139 0 0)(0 0 -3.9760025e-15)))
(0.193 ((-0.8071157628 0 0)(0 0 -3.672569495e-15)))
(0.194 ((-0.8142586132 0 0)(0 0 -3.772273724e-15)))
(0.195 ((-0.8214014649 0 0)(0 0 -3.380830339e-15)))
(0.196 ((-0.8285443175 0 0)(0 0 -3.366602285e-15)))
(0.197 ((-0.8356871709 0 0)(0 0 -3.814957886e-15)))
(0.198 ((-0.8428300251 0 0)(0 0 -3.368031164e-15)))
(0.199 ((-0.8499728797 0 0)(0 0 -3.375114821e-15)))
(0.2 ((-0.8571157349 0 0)(0 0 -3.793706915e-15)))
(0.201 ((-0.8642585903 0 0)(0 0 -3.444522514e-15)))
(0.202 ((-0.8714014461 0 0)(0 0 -2.794340921e-15)))
(0.203 ((-0.8785443022 0 0)(0 0 -2.487597487e-15)))
(0.204 ((-0.8856871584 0 0)(0 0 -2.588395976e-15)))
(0.205 ((-0.8928300148 0 0)(0 0 -2.19588598e-15)))
(0.206 ((-0.8999728713 0 0)(0 0 -2.18483011e-15)))
(0.207 ((-0.907115728 0 0)(0 0 -2.621563588e-15)))
(0.208 ((-0.9142585847 0 0)(0 0 -2.217953175e-15)))
(0.209 ((-0.9214014415 0 0)(0 0 -1.915363982e-15)))
(0.21 ((-0.9285442984 0 0)(0 0 -1.901004064e-15)))
(0.211 ((-0.9356871553 0 0)(0 0 -2.261032928e-15)))
(0.212 ((-0.9428300123 0 0)(0 0 -2.315574758e-15)))
(0.213 ((-0.9499728692 0 0)(0 0 -1.589348836e-15)))
(0.214 ((-0.9571157263 0 0)(0 0 -1.331086225e-15)))
(0.215 ((-0.9642585833 0 0)(0 0 -1.314005751e-15)))
(0.216 ((-0.9714014404 0 0)(0 0 -1.640590258e-15)))
(0.217 ((-0.9785442974 0 0)(0 0 -1.979659808e-15)))
(0.218 ((-0.9856871545 0 0)(0 0 -1.925124204e-15)))
(0.219 ((-0.9928300116 0 0)(0 0 -1.952226805e-15)))
(0.22 ((-0.9999728687 0 0)(0 0 -1.898352007e-15)))
(0.221 ((-1.007115726 0 0)(0 0 -2.234778335e-15)))
(0.222 ((-1.014258583 0 0)(0 0 -2.571274922e-15)))
(0.223 ((-1.02140144 0 0)(0 0 -2.517189349e-15)))
(0.224 ((-1.028544297 0 0)(0 0 -2.545064791e-15)))
(0.225 ((-1.035687154 0 0)(0 0 -2.487648595e-15)))
(0.226 ((-1.042830011 0 0)(0 0 -2.837467675e-15)))
(0.227 ((-1.049972869 0 0)(0 0 -3.123934653e-15)))
(0.228 ((-1.057115726 0 0)(0 0 -3.404604502e-15)))
(0.229 ((-1.064258583 0 0)(0 0 -3.771814967e-15)))
(0.23 ((-1.07140144 0 0)(0 0 -3.650630359e-15)))
(0.231 ((-1.078544297 0 0)(0 0 -4.0642178e-15)))
(0.232 ((-1.085687154 0 0)(0 0 -4.011350011e-15)))
(0.233 ((-1.092830011 0 0)(0 0 -3.957263462e-15)))
(0.234 ((-1.099972869 0 0)(0 0 -4.374507185e-15)))
(0.235 ((-1.107115726 0 0)(0 0 -4.239916206e-15)))
(0.236 ((-1.114258583 0 0)(0 0 -4.657095874e-15)))
(0.237 ((-1.12140144 0 0)(0 0 -4.603265547e-15)))
(0.238 ((-1.128544297 0 0)(0 0 -4.549436922e-15)))
(0.239 ((-1.135687154 0 0)(0 0 -4.966611486e-15)))
(0.24 ((-1.142830011 0 0)(0 0 -4.832039222e-15)))
(0.241 ((-1.149972869 0 0)(0 0 -5.249213188e-15)))
(0.242 ((-1.157115726 0 0)(0 0 -5.195386953e-15)))
(0.243 ((-1.164258583 0 0)(0 0 -5.141547664e-15)))
(0.244 ((-1.17140144 0 0)(0 0 -5.55876079e-15)))
(0.245 ((-1.178544297 0 0)(0 0 -5.424044941e-15)))
(0.246 ((-1.185687154 0 0)(0 0 -5.841754685e-15)))
(0.247 ((-1.192830011 0 0)(0 0 -5.785928927e-15)))
(0.248 ((-1.199972869 0 0)(0 0 -5.739551951e-15)))
(0.249 ((-1.207115726 0 0)(0 0 -6.128915348e-15)))
(0.25 ((-1.214258583 0 0)(0 0 -6.098136102e-15)))
(0.251 ((-1.22140144 0 0)(0 0 -5.831889688e-15)))
(0.252 ((-1.228544297 0 0)(0 0 -5.151297753e-15)))
(0.253 ((-1.235687154 0 0)(0 0 -4.883257702e-15)))
(0.254 ((-1.242830011 0 0)(0 0 -4.859653e-15)))
(0.255 ((-1.249972869 0 0)(0 0 -5.22211186e-15)))
(0.256 ((-1.257115726 0 0)(0 0 -5.276178488e-15)))
(0.257 ((-1.264258583 0 0)(0 0 -4.54942338e-15)))
(0.258 ((-1.27140144 0 0)(0 0 -4.293752714e-15)))
(0.259 ((-1.278544297 0 0)(0 0 -4.266833645e-15)))
(0.26 ((-1.285687154 0 0)(0 0 -4.630180587e-15)))
(0.261 ((-1.292830011 0 0)(0 0 -4.684009257e-15)))
(0.262 ((-1.299972869 0 0)(0 0 -3.957317898e-15)))
(0.263 ((-1.307115726 0 0)(0 0 -3.701630193e-15)))
(0.264 ((-1.314258583 0 0)(0 0 -3.674715532e-15)))
(0.265 ((-1.32140144 0 0)(0 0 -4.038061883e-15)))
(0.266 ((-1.328544297 0 0)(0 0 -4.091888505e-15)))
(0.267 ((-1.335687154 0 0)(0 0 -3.365205928e-15)))
(0.268 ((-1.342830011 0 0)(0 0 -3.109485146e-15)))
(0.269 ((-1.349972869 0 0)(0 0 -3.082694013e-15)))
(0.27 ((-1.357115726 0 0)(0 0 -3.445579325e-15)))
(0.271 ((-1.364258583 0 0)(0 0 -3.501126577e-15)))
(0.272 ((-1.37140144 0 0)(0 0 -2.768022521e-15)))
(0.273 ((-1.378544297 0 0)(0 0 -2.536267026e-15)))
(0.274 ((-1.385687154 0 0)(0 0 -2.346021353e-15)))
(0.275 ((-1.392830011 0 0)(0 0 -2.52459599e-15)))
(0.276 ((-1.399972869 0 0)(0 0 -2.740691797e-15)))
(0.277 ((-1.407115726 0 0)(0 0 -2.363867745e-15)))
(0.278 ((-1.414258583 0 0)(0 0 -2.100755911e-15)))
(0.279 ((-1.42140144 0 0)(0 0 -1.75367046e-15)))
(0.28 ((-1.428544297 0 0)(0 0 -1.776796995e-15)))
(0.281 ((-1.435687154 0 0)(0 0 -1.95736144e-15)))
(0.282 ((-1.442830011 0 0)(0 0 -1.952125806e-15)))
(0.283 ((-1.449972869 0 0)(0 0 -1.792503898e-15)))
(0.284 ((-1.457115726 0 0)(0 0 -1.622063614e-15)))
(0.285 ((-1.464258583 0 0)(0 0 -1.649283106e-15)))
(0.286 ((-1.47140144 0 0)(0 0 -1.636830554e-15)))
(0.287 ((-1.478544297 0 0)(0 0 -1.65942127e-15)))
(0.288 ((-1.485687154 0 0)(0 0 -1.507496087e-15)))
(0.289 ((-1.492830011 0 0)(0 0 -1.278442552e-15)))
(0.29 ((-1.499972869 0 0)(0 0 -1.680448061e-15)))
(0.291 ((-1.507115726 0 0)(0 0 -1.781776925e-15)))
(0.292 ((-1.514258583 0 0)(0 0 -1.936649249e-15)))
(0.293 ((-1.52140144 0 0)(0 0 -2.104009511e-15)))
(0.294 ((-1.528544297 0 0)(0 0 -2.09385969e-15)))
(0.295 ((-1.535687154 0 0)(0 0 -1.967098712e-15)))
(0.296 ((-1.542830011 0 0)(0 0 -1.596114026e-15)))
(0.297 ((-1.549972869 0 0)(0 0 -1.652501512e-15)))
(0.298 ((-1.557115726 0 0)(0 0 -1.649906516e-15)))
(0.299 ((-1.564258583 0 0)(0 0 -1.603899013e-15)))
(0.3 ((-1.57140144 0 0)(0 0 -1.938553759e-15)))
(0.301 ((-1.578544297 0 0)(0 0 -2.274269383e-15)))
(0.302 ((-1.585687154 0 0)(0 0 -2.225079244e-15)))
(0.303 ((-1.592830011 0 0)(0 0 -2.234153913e-15)))
(0.304 ((-1.599972869 0 0)(0 0 -2.247045376e-15)))
(0.305 ((-1.607115726 0 0)(0 0 -2.112389985e-15)))
(0.306 ((-1.614258583 0 0)(0 0 -1.749941667e-15)))
(0.307 ((-1.62140144 0 0)(0 0 -1.780078095e-15)))
(0.308 ((-1.628544297 0 0)(0 0 -1.947965832e-15)))
(0.309 ((-1.635687154 0 0)(0 0 -2.060442006e-15)))
(0.31 ((-1.642830011 0 0)(0 0 -2.404842862e-15)))
(0.311 ((-1.649972869 0 0)(0 0 -2.543090369e-15)))
(0.312 ((-1.657115726 0 0)(0 0 -2.533877904e-15)))
(0.313 ((-1.664258583 0 0)(0 0 -2.506495125e-15)))
(0.314 ((-1.67140144 0 0)(0 0 -2.699253573e-15)))
(0.315 ((-1.678544297 0 0)(0 0 -2.695751243e-15)))
(0.316 ((-1.685687154 0 0)(0 0 -2.517002114e-15)))
(0.317 ((-1.692830011 0 0)(0 0 -2.421337411e-15)))
(0.318 ((-1.699972869 0 0)(0 0 -2.020552065e-15)))
(0.319 ((-1.707115726 0 0)(0 0 -2.239060786e-15)))
(0.32 ((-1.714258583 0 0)(0 0 -2.43194506e-15)))
(0.321 ((-1.72140144 0 0)(0 0 -2.182047926e-15)))
(0.322 ((-1.728544297 0 0)(0 0 -2.396633243e-15)))
(0.323 ((-1.735687154 0 0)(0 0 -2.528337792e-15)))
(0.324 ((-1.742830011 0 0)(0 0 -2.6751127e-15)))
(0.325 ((-1.749972869 0 0)(0 0 -2.844486938e-15)))
(0.326 ((-1.757115726 0 0)(0 0 -2.834378627e-15)))
(0.327 ((-1.764258583 0 0)(0 0 -2.705437635e-15)))
(0.328 ((-1.77140144 0 0)(0 0 -2.343131495e-15)))
(0.329 ((-1.778544297 0 0)(0 0 -2.366984812e-15)))
(0.33 ((-1.785687154 0 0)(0 0 -2.559862815e-15)))
(0.331 ((-1.792830011 0 0)(0 0 -2.504646169e-15)))
(0.332 ((-1.799972869 0 0)(0 0 -2.680664487e-15)))
(0.333 ((-1.807115726 0 0)(0 0 -2.845971411e-15)))
(0.334 ((-1.814258583 0 0)(0 0 -2.822888951e-15)))
(0.335 ((-1.82140144 0 0)(0 0 -2.823926735e-15)))
(0.336 ((-1.828544297 0 0)(0 0 -2.842858057e-15)))
(0.337 ((-1.835687154 0 0)(0 0 -2.692080117e-15)))
(0.338 ((-1.842830011 0 0)(0 0 -2.388082135e-15)))
(0.339 ((-1.849972869 0 0)(0 0 -2.052510032e-15)))
(0.34 ((-1.857115726 0 0)(0 0 -2.070469322e-15)))
(0.341 ((-1.864258583 0 0)(0 0 -2.260189398e-15)))
(0.342 ((-1.87140144 0 0)(0 0 -2.223498489e-15)))
(0.343 ((-1.878544297 0 0)(0 0 -2.254556915e-15)))
(0.344 ((-1.885687154 0 0)(0 0 -2.092999253e-15)))
(0.345 ((-1.892830011 0 0)(0 0 -1.894007925e-15)))
(0.346 ((-1.899972869 0 0)(0 0 -2.111382215e-15)))
(0.347 ((-1.907115726 0 0)(0 0 -2.107010197e-15)))
(0.348 ((-1.914258583 0 0)(0 0 -1.907123977e-15)))
(0.349 ((-1.92140144 0 0)(0 0 -1.970892192e-15)))
(0.35 ((-1.928544297 0 0)(0 0 -1.767675816e-15)))
(0.351 ((-1.935687154 0 0)(0 0 -1.776624422e-15)))
(0.352 ((-1.942830011 0 0)(0 0 -1.944046376e-15)))
(0.353 ((-1.949972869 0 0)(0 0 -2.079573506e-15)))
(0.354 ((-1.957115726 0 0)(0 0 -2.258221451e-15)))
(0.355 ((-1.964258583 0 0)(0 0 -2.22226609e-15)))
(0.356 ((-1.97140144 0 0)(0 0 -2.261454458e-15)))
(0.357 ((-1.978544297 0 0)(0 0 -2.06664148e-15)))
(0.358 ((-1.985687154 0 0)(0 0 -2.06655634e-15)))
(0.359 ((-1.992830011 0 0)(0 0 -2.261709877e-15)))
(0.36 ((-1.999972869 0 0)(0 0 -2.221329554e-15)))
(0.361 ((-2.007115726 0 0)(0 0 -2.261712177e-15)))
(0.362 ((-2.014258583 0 0)(0 0 -2.066547139e-15)))
(0.363 ((-2.02140144 0 0)(0 0 -2.066675986e-15)))
(0.364 ((-2.028544297 0 0)(0 0 -2.261325637e-15)))
(0.365 ((-2.035687154 0 0)(0 0 -2.22274687e-15)))
(0.366 ((-2.042830011 0 0)(0 0 -2.256427155e-15)))
(0.367 ((-2.049972869 0 0)(0 0 -2.086269913e-15)))
(0.368 ((-2.057115726 0 0)(0 0 -1.919055043e-15)))
(0.369 ((-2.064258583 0 0)(0 0 -1.943908212e-15)))
(0.37 ((-2.07140144 0 0)(0 0 -1.937695539e-15)))
(0.371 ((-2.078544297 0 0)(0 0 -1.937693063e-15)))
(0.372 ((-2.085687154 0 0)(0 0 -1.943915641e-15)))
(0.373 ((-2.092830011 0 0)(0 0 -1.919027802e-15)))
(0.374 ((-2.099972869 0 0)(0 0 -2.086371449e-15)))
(0.375 ((-2.107115726 0 0)(0 0 -2.256048253e-15)))
(0.376 ((-2.114258583 0 0)(0 0 -2.224160941e-15)))
(0.377 ((-2.12140144 0 0)(0 0 -2.256048253e-15)))
(0.378 ((-2.128544297 0 0)(0 0 -2.086371449e-15)))
(0.379 ((-2.135687154 0 0)(0 0 -1.919027802e-15)))
(0.38 ((-2.142830011 0 0)(0 0 -1.943915641e-15)))
(0.381 ((-2.149972869 0 0)(0 0 -1.937693063e-15)))
(0.382 ((-2.157115726 0 0)(0 0 -1.937695539e-15)))
(0.383 ((-2.164258583 0 0)(0 0 -1.943908212e-15)))
(0.384 ((-2.17140144 0 0)(0 0 -1.919055043e-15)))
(0.385 ((-2.178544297 0 0)(0 0 -2.086269913e-15)))
(0.386 ((-2.185687154 0 0)(0 0 -2.256427154e-15)))
(0.387 ((-2.192830011 0 0)(0 0 -2.222746871e-15)))
(0.388 ((-2.199972869 0 0)(0 0 -2.261325633e-15)))
(0.389 ((-2.207115726 0 0)(0 0 -2.066675999e-15)))
(0.39 ((-2.214258583 0 0)(0 0 -2.066547091e-15)))
(0.391 ((-2.22140144 0 0)(0 0 -2.261712355e-15)))
(0.392 ((-2.228544297 0 0)(0 0 -2.22132889e-15)))
(0.393 ((-2.235687154 0 0)(0 0 -2.261712355e-15)))
(0.394 ((-2.242830011 0 0)(0 0 -2.066547091e-15)))
(0.395 ((-2.249972869 0 0)(0 0 -2.066675999e-15)))
(0.396 ((-2.257115726 0 0)(0 0 -2.261325633e-15)))
(0.397 ((-2.264258583 0 0)(0 0 -2.222746871e-15)))
(0.398 ((-2.27140144 0 0)(0 0 -2.256427155e-15)))
(0.399 ((-2.278544297 0 0)(0 0 -2.086269913e-15)))
(0.4 ((-2.285687154 0 0)(0 0 -1.919055044e-15)))
(0.401 ((-2.292830011 0 0)(0 0 -1.943908209e-15)))
(0.402 ((-2.299972869 0 0)(0 0 -1.937695549e-15)))
(0.403 ((-2.307115726 0 0)(0 0 -1.937693025e-15)))
(0.404 ((-2.314258583 0 0)(0 0 -1.943915783e-15)))
(0.405 ((-2.32140144 0 0)(0 0 -1.919027276e-15)))
(0.406 ((-2.328544297 0 0)(0 0 -2.086373413e-15)))
(0.407 ((-2.335687154 0 0)(0 0 -2.256040921e-15)))
(0.408 ((-2.342830011 0 0)(0 0 -2.224188303e-15)))
(0.409 ((-2.349972869 0 0)(0 0 -2.255946135e-15)))
(0.41 ((-2.357115726 0 0)(0 0 -2.086752557e-15)))
(0.411 ((-2.364258583 0 0)(0 0 -1.917605487e-15)))
(0.412 ((-2.37140144 0 0)(0 0 -1.949223795e-15)))
(0.413 ((-2.378544297 0 0)(0 0 -1.917882763e-15)))
(0.414 ((-2.385687154 0 0)(0 0 -2.085643452e-15)))
(0.415 ((-2.392830011 0 0)(0 0 -2.26010528e-15)))
(0.416 ((-2.399972869 0 0)(0 0 -2.208660831e-15)))
(0.417 ((-2.407115726 0 0)(0 0 -2.388006536e-15)))
(0.418 ((-2.414258583 0 0)(0 0 -2.536231715e-15)))
(0.419 ((-2.42140144 0 0)(0 0 -2.652163715e-15)))
(0.42 ((-2.428544297 0 0)(0 0 -3.002403824e-15)))
(0.421 ((-2.435687154 0 0)(0 0 -3.113838491e-15)))
(0.422 ((-2.442830011 0 0)(0 0 -3.280052999e-15)))
(0.423 ((-2.449972869 0 0)(0 0 -3.391938719e-15)))
(0.424 ((-2.457115726 0 0)(0 0 -3.74037462e-15)))
(0.425 ((-2.464258583 0 0)(0 0 -3.8630724e-15)))
(0.426 ((-2.47140144 0 0)(0 0 -3.986038668e-15)))
(0.427 ((-2.478544297 0 0)(0 0 -4.333669103e-15)))
(0.428 ((-2.485687154 0 0)(0 0 -4.448508199e-15)))
(0.429 ((-2.492830011 0 0)(0 0 -4.603714666e-15)))
(0.43 ((-2.499972869 0 0)(0 0 -4.75622812e-15)))
(0.431 ((-2.507115726 0 0)(0 0 -4.879146257e-15)))
(0.432 ((-2.514258583 0 0)(0 0 -5.197153543e-15)))
(0.433 ((-2.52140144 0 0)(0 0 -5.504548234e-15)))
(0.434 ((-2.528544297 0 0)(0 0 -5.659304155e-15)))
(0.435 ((-2.535687154 0 0)(0 0 -5.6210642e-15)))
(0.436 ((-2.542830011 0 0)(0 0 -5.767297836e-15)))
(0.437 ((-2.549972869 0 0)(0 0 -6.108781666e-15)))
(0.438 ((-2.557115726 0 0)(0 0 -6.224939815e-15)))
(0.439 ((-2.564258583 0 0)(0 0 -6.381016677e-15)))
(0.44 ((-2.57140144 0 0)(0 0 -6.528729498e-15)))
(0.441 ((-2.578544297 0 0)(0 0 -6.669979772e-15)))
(0.442 ((-2.585687154 0 0)(0 0 -6.845444275e-15)))
(0.443 ((-2.592830011 0 0)(0 0 -6.816499542e-15)))
(0.444 ((-2.599972869 0 0)(0 0 -6.830828838e-15)))
(0.445 ((-2.607115726 0 0)(0 0 -6.802456386e-15)))
(0.446 ((-2.614258583 0 0)(0 0 -6.975631765e-15)))
(0.447 ((-2.62140144 0 0)(0 0 -7.125466254e-15)))
(0.448 ((-2.628544297 0 0)(0 0 -7.241131339e-15)))
(0.449 ((-2.635687154 0 0)(0 0 -7.590829798e-15)))
(0.45 ((-2.642830011 0 0)(0 0 -7.70469798e-15)))
(0.451 ((-2.649972869 0 0)(0 0 -7.86172008e-15)))
(0.452 ((-2.657115726 0 0)(0 0 -8.007941917e-15)))
(0.453 ((-2.664258583 0 0)(0 0 -8.154210892e-15)))
(0.454 ((-2.67140144 0 0)(0 0 -8.311091575e-15)))
(0.455 ((-2.678544297 0 0)(0 0 -8.425478286e-15)))
(0.456 ((-2.685687154 0 0)(0 0 -8.773244048e-15)))
(0.457 ((-2.692830011 0 0)(0 0 -8.896121391e-15)))
(0.458 ((-2.699972869 0 0)(0 0 -9.019039545e-15)))
(0.459 ((-2.707115726 0 0)(0 0 -9.366682872e-15)))
(0.46 ((-2.714258583 0 0)(0 0 -9.481518514e-15)))
(0.461 ((-2.72140144 0 0)(0 0 -9.636725907e-15)))
(0.462 ((-2.728544297 0 0)(0 0 -9.789239112e-15)))
(0.463 ((-2.735687154 0 0)(0 0 -9.912157319e-15)))
(0.464 ((-2.742830011 0 0)(0 0 -1.023016457e-14)))
(0.465 ((-2.749972869 0 0)(0 0 -1.053755932e-14)))
(0.466 ((-2.757115726 0 0)(0 0 -1.069231505e-14)))
(0.467 ((-2.764258583 0 0)(0 0 -1.065407582e-14)))
(0.468 ((-2.77140144 0 0)(0 0 -1.080030675e-14)))
(0.469 ((-2.778544297 0 0)(0 0 -1.114180066e-14)))
(0.47 ((-2.785687154 0 0)(0 0 -1.125792121e-14)))
(0.471 ((-2.792830011 0 0)(0 0 -1.141413839e-14)))
(0.472 ((-2.799972869 0 0)(0 0 -1.156132753e-14)))
(0.473 ((-2.807115726 0 0)(0 0 -1.170453219e-14)))
(0.474 ((-2.814258583 0 0)(0 0 -1.187270286e-14)))
(0.475 ((-2.82140144 0 0)(0 0 -1.187097907e-14)))
(0.476 ((-2.828544297 0 0)(0 0 -1.170970353e-14)))
(0.477 ((-2.835687154 0 0)(0 0 -1.154236593e-14)))
(0.478 ((-2.842830011 0 0)(0 0 -1.155882834e-14)))
(0.479 ((-2.849972869 0 0)(0 0 -1.158630142e-14)))
(0.48 ((-2.857115726 0 0)(0 0 -1.138593182e-14)))
(0.481 ((-2.864258583 0 0)(0 0 -1.141978846e-14)))
(0.482 ((-2.87140144 0 0)(0 0 -1.141071664e-14)))
(0.483 ((-2.878544297 0 0)(0 0 -1.141314727e-14)))
(0.484 ((-2.885687154 0 0)(0 0 -1.141249656e-14)))
(0.485 ((-2.892830011 0 0)(0 0 -1.141266878e-14)))
(0.486 ((-2.899972869 0 0)(0 0 -1.14126306e-14)))
(0.487 ((-2.907115726 0 0)(0 0 -1.141261111e-14)))
(0.488 ((-2.914258583 0 0)(0 0 -1.141272724e-14)))
(0.489 ((-2.92140144 0 0)(0 0 -1.141228222e-14)))
(0.49 ((-2.928544297 0 0)(0 0 -1.141394616e-14)))
(0.491 ((-2.935687154 0 0)(0 0 -1.140773543e-14)))
(0.492 ((-2.942830011 0 0)(0 0 -1.143091441e-14)))
(0.493 ((-2.949972869 0 0)(0 0 -1.127039434e-14)))
(0.494 ((-2.957115726 0 0)(0 0 -1.107513211e-14)))
(0.495 ((-2.964258583 0 0)(0 0 -1.12765524e-14)))
(0.496 ((-2.97140144 0 0)(0 0 -1.140628218e-14)))
(0.497 ((-2.978544297 0 0)(0 0 -1.157412119e-14)))
(0.498 ((-2.985687154 0 0)(0 0 -1.158719891e-14)))
(0.499 ((-2.992830011 0 0)(0 0 -1.136704902e-14)))
(0.5 ((-2.999972869 0 0)(0 0 -1.156843706e-14)))
(0.501 ((-3.007115726 0 0)(0 0 -1.172318346e-14)))
(0.502 ((-3.014258583 0 0)(0 0 -1.171697335e-14)))
(0.503 ((-3.02140144 0 0)(0 0 -1.158706741e-14)))
(0.504 ((-3.028544297 0 0)(0 0 -1.122472285e-14)))
(0.505 ((-3.035687154 0 0)(0 0 -1.124969482e-14)))
(0.506 ((-3.042830011 0 0)(0 0 -1.143813663e-14)))
(0.507 ((-3.049972869 0 0)(0 0 -1.139954607e-14)))
(0.508 ((-3.057115726 0 0)(0 0 -1.143948137e-14)))
(0.509 ((-3.064258583 0 0)(0 0 -1.124431586e-14)))
(0.51 ((-3.07140144 0 0)(0 0 -1.124489391e-14)))
(0.511 ((-3.078544297 0 0)(0 0 -1.143774724e-14)))
(0.512 ((-3.085687154 0 0)(0 0 -1.140590457e-14)))
(0.513 ((-3.092830011 0 0)(0 0 -1.141443678e-14)))
(0.514 ((-3.099972869 0 0)(0 0 -1.141215062e-14)))
(0.515 ((-3.107115726 0 0)(0 0 -1.141276304e-14)))
(0.516 ((-3.114258583 0 0)(0 0 -1.141259951e-14)))
(0.517 ((-3.12140144 0 0)(0 0 -1.14126412e-14)))
(0.518 ((-3.128544297 0 0)(0 0 -1.141263799e-14)))
(0.519 ((-3.135687154 0 0)(0 0 -1.141260913e-14)))
(0.52 ((-3.142830011 0 0)(0 0 -1.141272777e-14)))
(0.521 ((-3.149972869 0 0)(0 0 -1.141228208e-14)))
(0.522 ((-3.157115726 0 0)(0 0 -1.14139462e-14)))
(0.523 ((-3.164258583 0 0)(0 0 -1.140773542e-14)))
(0.524 ((-3.17140144 0 0)(0 0 -1.143091442e-14)))
(0.525 ((-3.178544297 0 0)(0 0 -1.127039433e-14)))
(0.526 ((-3.185687154 0 0)(0 0 -1.107513211e-14)))
(0.527 ((-3.192830011 0 0)(0 0 -1.12765524e-14)))
(0.528 ((-3.199972869 0 0)(0 0 -1.140628218e-14)))
(0.529 ((-3.207115726 0 0)(0 0 -1.157412119e-14)))
(0.53 ((-3.214258583 0 0)(0 0 -1.158719891e-14)))
(0.531 ((-3.22140144 0 0)(0 0 -1.136704902e-14)))
(0.532 ((-3.228544297 0 0)(0 0 -1.156843706e-14)))
(0.533 ((-3.235687154 0 0)(0 0 -1.172318346e-14)))
(0.534 ((-3.242830011 0 0)(0 0 -1.171697335e-14)))
(0.535 ((-3.249972869 0 0)(0 0 -1.158706741e-14)))
(0.536 ((-3.257115726 0 0)(0 0 -1.122472285e-14)))
(0.537 ((-3.264258583 0 0)(0 0 -1.124969482e-14)))
(0.538 ((-3.27140144 0 0)(0 0 -1.143813663e-14)))
(0.539 ((-3.278544297 0 0)(0 0 -1.139954607e-14)))
(0.54 ((-3.285687154 0 0)(0 0 -1.143948137e-14)))
(0.541 ((-3.292830011 0 0)(0 0 -1.124431586e-14)))
(0.542 ((-3.299972869 0 0)(0 0 -1.124489391e-14)))
(0.543 ((-3.307115726 0 0)(0 0 -1.143774724e-14)))
(0.544 ((-3.314258583 0 0)(0 0 -1.140590457e-14)))
(0.545 ((-3.32140144 0 0)(0 0 -1.141443678e-14)))
(0.546 ((-3.328544297 0 0)(0 0 -1.141215062e-14)))
(0.547 ((-3.335687154 0 0)(0 0 -1.141276304e-14)))
(0.548 ((-3.342830011 0 0)(0 0 -1.141259951e-14)))
(0.549 ((-3.349972869 0 0)(0 0 -1.14126412e-14)))
(0.55 ((-3.357115726 0 0)(0 0 -1.141263799e-14)))
(0.551 ((-3.364258583 0 0)(0 0 -1.141260913e-14)))
(0.552 ((-3.37140144 0 0)(0 0 -1.141272777e-14)))
(0.553 ((-3.378544297 0 0)(0 0 -1.141228208e-14)))
(0.554 ((-3.385687154 0 0)(0 0 -1.14139462e-14)))
(0.555 ((-3.392830011 0 0)(0 0 -1.140773542e-14)))
(0.556 ((-3.399972869 0 0)(0 0 -1.143091442e-14)))
(0.557 ((-3.407115726 0 0)(0 0 -1.127039434e-14)))
(0.558 ((-3.414258583 0 0)(0 0 -1.107513211e-14)))
(0.559 ((-3.42140144 0 0)(0 0 -1.12765524e-14)))
(0.56 ((-3.428544297 0 0)(0 0 -1.140628215e-14)))
(0.561 ((-3.435687154 0 0)(0 0 -1.15741213e-14)))
(0.562 ((-3.442830011 0 0)(0 0 -1.158719848e-14)))
(0.563 ((-3.449972869 0 0)(0 0 -1.13670506e-14)))
(0.564 ((-3.457115726 0 0)(0 0 -1.156843113e-14)))
(0.565 ((-3.464258583 0 0)(0 0 -1.17232056e-14)))
(0.566 ((-3.47140144 0 0)(0 0 -1.171689075e-14)))
(0.567 ((-3.478544297 0 0)(0 0 -1.158737566e-14)))
(0.568 ((-3.485687154 0 0)(0 0 -1.122357246e-14)))
(0.569 ((-3.492830011 0 0)(0 0 -1.125398809e-14)))
(0.57 ((-3.499972869 0 0)(0 0 -1.14221139e-14)))
(0.571 ((-3.507115726 0 0)(0 0 -1.153335859e-14)))
(0.572 ((-3.514258583 0 0)(0 0 -1.18824473e-14)))
(0.573 ((-3.52140144 0 0)(0 0 -1.200317489e-14)))
(0.574 ((-3.528544297 0 0)(0 0 -1.213336911e-14)))
(0.575 ((-3.535687154 0 0)(0 0 -1.245405792e-14)))
(0.576 ((-3.542830011 0 0)(0 0 -1.274345042e-14)))
(0.577 ((-3.549972869 0 0)(0 0 -1.304154845e-14)))
(0.578 ((-3.557115726 0 0)(0 0 -1.33361207e-14)))
(0.579 ((-3.564258583 0 0)(0 0 -1.363609051e-14)))
(0.58 ((-3.57140144 0 0)(0 0 -1.391799584e-14)))
(0.581 ((-3.578544297 0 0)(0 0 -1.434077643e-14)))
(0.582 ((-3.585687154 0 0)(0 0 -1.510629887e-14)))
(0.583 ((-3.592830011 0 0)(0 0 -1.598830575e-14)))
(0.584 ((-3.599972869 0 0)(0 0 -1.702382632e-14)))
(0.585 ((-3.607115726 0 0)(0 0 -1.82169861e-14)))
(0.586 ((-3.614258583 0 0)(0 0 -1.951425375e-14)))
(0.587 ((-3.62140144 0 0)(0 0 -2.127365888e-14)))
(0.588 ((-3.628544297 0 0)(0 0 -2.367092663e-14)))
(0.589 ((-3.635687154 0 0)(0 0 -2.645929033e-14)))
(0.59 ((-3.642830011 0 0)(0 0 -2.985797264e-14)))
(0.591 ((-3.649972869 0 0)(0 0 -3.397699821e-14)))
(0.592 ((-3.657115726 0 0)(0 0 -3.911923909e-14)))
(0.593 ((-3.664258583 0 0)(0 0 -4.566552443e-14)))
(0.594 ((-3.67140144 0 0)(0 0 -5.338098524e-14)))
(0.595 ((-3.678544297 0 0)(0 0 -6.282426828e-14)))
(0.596 ((-3.685687154 0 0)(0 0 -7.436413134e-14)))
(0.597 ((-3.692830011 0 0)(0 0 -8.818734255e-14)))
(0.598 ((-3.699972869 0 0)(0 0 -1.052874953e-13)))
(0.599 ((-3.707115726 0 0)(0 0 -1.264994516e-13)))
(0.6 ((-3.714258583 0 0)(0 0 -1.523011365e-13)))
(0.601 ((-3.72140144 0 0)(0 0 -1.838687755e-13)))
(0.602 ((-3.728544297 0 0)(0 0 -2.225328501e-13)))
(0.603 ((-3.735687154 0 0)(0 0 -2.697888148e-13)))
(0.604 ((-3.742830011 0 0)(0 0 -3.277982732e-13)))
(0.605 ((-3.749972869 0 0)(0 0 -3.986318093e-13)))
(0.606 ((-3.757115726 0 0)(0 0 -4.84983123e-13)))
(0.607 ((-3.764258583 0 0)(0 0 -5.906231686e-13)))
(0.608 ((-3.77140144 0 0)(0 0 -7.197938522e-13)))
(0.609 ((-3.778544297 0 0)(0 0 -8.776617989e-13)))
(0.61 ((-3.785687154 0 0)(0 0 -1.07051587e-12)))
(0.611 ((-3.792830011 0 0)(0 0 -1.3058926e-12)))
(0.612 ((-3.799972869 0 0)(0 0 -1.593431242e-12)))
(0.613 ((-3.807115726 0 0)(0 0 -1.944806859e-12)))
(0.614 ((-3.814258583 0 0)(0 0 -2.373994068e-12)))
(0.615 ((-3.82140144 0 0)(0 0 -2.898203372e-12)))
(0.616 ((-3.828544297 0 0)(0 0 -3.53842399e-12)))
(0.617 ((-3.835687154 0 0)(0 0 -4.320535066e-12)))
(0.618 ((-3.842830011 0 0)(0 0 -5.275832108e-12)))
(0.619 ((-3.849972869 0 0)(0 0 -6.442769006e-12)))
(0.62 ((-3.857115726 0 0)(0 0 -7.868308308e-12)))
(0.621 ((-3.864258583 0 0)(0 0 -9.60940084e-12)))
(0.622 ((-3.87140144 0 0)(0 0 -1.173593098e-11)))
(0.623 ((-3.878544297 0 0)(0 0 -1.433333215e-11)))
(0.624 ((-3.885687154 0 0)(0 0 -1.750590692e-11)))
(0.625 ((-3.892830011 0 0)(0 0 -2.138106315e-11)))
(0.626 ((-3.899972869 0 0)(0 0 -2.611432543e-11)))
(0.627 ((-3.907115726 0 0)(0 0 -3.189543617e-11)))
(0.628 ((-3.914258583 0 0)(0 0 -3.89565395e-11)))
(0.629 ((-3.92140144 0 0)(0 0 -4.758093607e-11)))
(0.63 ((-3.928544297 0 0)(0 0 -5.811483596e-11)))
(0.631 ((-3.935687154 0 0)(0 0 -7.098112927e-11)))
(0.632 ((-3.942830011 0 0)(0 0 -8.669596552e-11)))
(0.633 ((-3.949972869 0 0)(0 0 -1.05890214e-10)))
(0.634 ((-3.957115726 0 0)(0 0 -1.293342003e-10)))
(0.635 ((-3.964258583 0 0)(0 0 -1.579689564e-10)))
(0.636 ((-3.97140144 0 0)(0 0 -1.929436679e-10)))
(0.637 ((-3.978544297 0 0)(0 0 -2.356617117e-10)))
(0.638 ((-3.985687154 0 0)(0 0 -2.878376874e-10)))
(0.639 ((-3.992830011 0 0)(0 0 -3.51565684e-10)))
(0.64 ((-3.999972869 0 0)(0 0 -4.294032208e-10)))
(0.641 ((-4.007115726 0 0)(0 0 -5.244743299e-10)))
(0.642 ((-4.014258583 0 0)(0 0 -6.405943809e-10)))
(0.643 ((-4.02140144 0 0)(0 0 -7.824235402e-10)))
(0.644 ((-4.028544297 0 0)(0 0 -9.556541818e-10)))
(0.645 ((-4.035687154 0 0)(0 0 -1.167238733e-09)))
(0.646 ((-4.042830011 0 0)(0 0 -1.425668704e-09)))
(0.647 ((-4.049972869 0 0)(0 0 -1.741315821e-09)))
(0.648 ((-4.057115726 0 0)(0 0 -2.126848041e-09)))
(0.649 ((-4.064258583 0 0)(0 0 -2.597738118e-09)))
(0.65 ((-4.07140144 0 0)(0 0 -3.172884547e-09)))
(0.651 ((-4.078544297 0 0)(0 0 -3.875370096e-09)))
(0.652 ((-4.085687154 0 0)(0 0 -4.733388039e-09)))
(0.653 ((-4.092830011 0 0)(0 0 -5.781373447e-09)))
(0.654 ((-4.099972869 0 0)(0 0 -7.061385753e-09)))
(0.655 ((-4.107115726 0 0)(0 0 -8.624796309e-09)))
(0.656 ((-4.114258583 0 0)(0 0 -1.053435036e-08)))
(0.657 ((-4.12140144 0 0)(0 0 -1.286668512e-08)))
(0.658 ((-4.128544297 0 0)(0 0 -1.571540521e-08)))
(0.659 ((-4.135687154 0 0)(0 0 -1.919483958e-08)))
(0.66 ((-4.142830011 0 0)(0 0 -2.344463031e-08)))
(0.661 ((-4.149972869 0 0)(0 0 -2.863533634e-08)))
(0.662 ((-4.157115726 0 0)(0 0 -3.497527875e-08)))
(0.663 ((-4.164258583 0 0)(0 0 -4.271890197e-08)))
(0.664 ((-4.17140144 0 0)(0 0 -5.21769845e-08)))
(0.665 ((-4.178544297 0 0)(0 0 -6.372911218e-08)))
(0.666 ((-4.185687154 0 0)(0 0 -7.783891254e-08)))
(0.667 ((-4.192830011 0 0)(0 0 -9.507266094e-08)))
(0.668 ((-4.199972869 0 0)(0 0 -1.161220078e-07)))
(0.669 ((-4.207115726 0 0)(0 0 -1.418317367e-07)))
(0.67 ((-4.214258583 0 0)(0 0 -1.732336682e-07)))
(0.671 ((-4.22140144 0 0)(0 0 -2.115880709e-07)))
(0.672 ((-4.228544297 0 0)(0 0 -2.584342392e-07)))
(0.673 ((-4.235687154 0 0)(0 0 -3.156522712e-07)))
(0.674 ((-4.242830011 0 0)(0 0 -3.855385228e-07)))
(0.675 ((-4.249972869 0 0)(0 0 -4.708977673e-07)))
(0.676 ((-4.257115726 0 0)(0 0 -5.751557602e-07)))
(0.677 ((-4.264258583 0 0)(0 0 -7.024967249e-07)))
(0.678 ((-4.27140144 0 0)(0 0 -8.580312775e-07)))
(0.679 ((-4.278544297 0 0)(0 0 -1.04800153e-06)))
(0.68 ((-4.285687154 0 0)(0 0 -1.280031604e-06)))
(0.681 ((-4.292830011 0 0)(0 0 -1.5634336e-06)))
(0.682 ((-4.299972869 0 0)(0 0 -1.909581318e-06)))
(0.683 ((-4.307115726 0 0)(0 0 -2.332366706e-06)))
(0.684 ((-4.314258583 0 0)(0 0 -2.848757363e-06)))
(0.685 ((-4.32140144 0 0)(0 0 -3.479477468e-06)))
(0.686 ((-4.328544297 0 0)(0 0 -4.249839448e-06)))
(0.687 ((-4.335687154 0 0)(0 0 -5.190759763e-06)))
(0.688 ((-4.342830011 0 0)(0 0 -6.339999548e-06)))
(0.689 ((-4.349972869 0 0)(0 0 -7.743679892e-06)))
(0.69 ((-4.357115726 0 0)(0 0 -9.45813252e-06)))
(0.691 ((-4.364258583 0 0)(0 0 -1.155216012e-05)))
(0.692 ((-4.37140144 0 0)(0 0 -1.410979693e-05)))
(0.693 ((-4.378544297 0 0)(0 0 -1.723368028e-05)))
(0.694 ((-4.385687154 0 0)(0 0 -2.104916826e-05)))
(0.695 ((-4.392830011 0 0)(0 0 -2.57093684e-05)))
(0.696 ((-4.399972869 0 0)(0 0 -3.1401279e-05)))
(0.697 ((-4.407115726 0 0)(0 0 -3.835328884e-05)))
(0.698 ((-4.414258583 0 0)(0 0 -4.684433548e-05)))
(0.699 ((-4.42140144 0 0)(0 0 -5.721508856e-05)))
(0.7 ((-4.428544297 0 0)(0 0 -6.988160484e-05)))
(0.701 ((-4.435687154 0 0)(0 0 -8.535200047e-05)))
(0.702 ((-4.442830011 0 0)(0 0 -0.0001042468053)))
(0.703 ((-4.449972869 0 0)(0 0 -0.0001273238099)))
(0.704 ((-4.457115726 0 0)(0 0 -0.0001555083935)))
(0.705 ((-4.464258583 0 0)(0 0 -0.0001899305363)))
(0.706 ((-4.47140144 0 0)(0 0 -0.0002319699802)))
(0.707 ((-4.478544297 0 0)(0 0 -0.0002833113216)))
(0.708 ((-4.485687154 0 0)(0 0 -0.0003460112007)))
(0.709 ((-4.492830011 0 0)(0 0 -0.0004225802159)))
(0.71 ((-4.499972869 0 0)(0 0 -0.000516082751)))
(0.711 ((-4.507115726 0 0)(0 0 -0.0006302585717)))
(0.712 ((-4.514258583 0 0)(0 0 -0.0007696708473)))
(0.713 ((-4.52140144 0 0)(0 0 -0.0009398862089)))
(0.714 ((-4.528544297 0 0)(0 0 -0.001147693577)))
(0.715 ((-4.535687154 0 0)(0 0 -0.001401369811)))
(0.716 ((-4.542830011 0 0)(0 0 -0.001711001766)))
(0.717 ((-4.549972869 0 0)(0 0 -0.002088876075)))
(0.718 ((-4.557115726 0 0)(0 0 -0.002549949948)))
(0.719 ((-4.564258583 0 0)(0 0 -0.003112418411)))
(0.72 ((-4.57140144 0 0)(0 0 -0.00379839563)))
(0.721 ((-4.578544297 0 0)(0 0 -0.004634730221)))
(0.722 ((-4.585687154 0 0)(0 0 -0.005653976365)))
(0.723 ((-4.592830011 0 0)(0 0 -0.00689554393)))
(0.724 ((-4.599972869 0 0)(0 0 -0.008407051039)))
(0.725 ((-4.607115726 0 0)(0 0 -0.01024590087)))
(0.726 ((-4.614258583 0 0)(0 0 -0.01248109996)))
(0.727 ((-4.62140144 0 0)(0 0 -0.01519532667)))
(0.728 ((-4.628544297 0 0)(0 0 -0.0184872438)))
(0.729 ((-4.635687154 0 0)(0 0 -0.022474028)))
(0.73 ((-4.642830011 0 0)(0 0 -0.02729405726)))
(0.731 ((-4.649972869 0 0)(0 0 -0.03310965802)))
(0.732 ((-4.657115726 0 0)(0 0 -0.04010976381)))
(0.733 ((-4.664258583 0 0)(0 0 -0.04851228285)))
(0.734 ((-4.67140144 0 0)(0 0 -0.05856591922)))
(0.735 ((-4.678544297 0 0)(0 0 -0.07055115213)))
(0.736 ((-4.685687154 0 0)(0 0 -0.08478006625)))
(0.737 ((-4.692830011 0 0)(0 0 -0.1015947586)))
(0.738 ((-4.699972869 0 0)(0 0 -0.1213641362)))
(0.739 ((-4.707115726 0 0)(0 0 -0.1444790646)))
(0.74 ((-4.714258583 0 0)(0 0 -0.1713460186)))
(0.741 ((-4.72140144 0 0)(0 0 -0.2023795879)))
(0.742 ((-4.728544297 0 0)(0 0 -0.2379943601)))
(0.743 ((-4.735687154 0 0)(0 0 -0.2785968037)))
(0.744 ((-4.742830011 0 0)(0 0 -0.3245777737)))
(0.745 ((-4.749972869 0 0)(0 0 -0.3763061614)))
(0.746 ((-4.757115726 0 0)(0 0 -0.4341240426)))
(0.747 ((-4.764258583 0 0)(0 0 -0.4983434746)))
(0.748 ((-4.77140144 0 0)(0 0 -0.5692449016)))
(0.749 ((-4.778544297 0 0)(0 0 -0.6470769839)))
(0.75 ((-4.785687154 0 0)(0 0 -0.7320575752)))
(0.751 ((-4.792830011 0 0)(0 0 -0.8243755419)))
(0.752 ((-4.799972869 0 0)(0 0 -0.9241931275)))
(0.753 ((-4.807115726 0 0)(0 0 -1.031648608)))
(0.754 ((-4.814258583 0 0)(0 0 -1.146859037)))
(0.755 ((-4.82140144 0 0)(0 0 -1.269922923)))
(0.756 ((-4.828544297 0 0)(0 0 -1.400922759)))
(0.757 ((-4.835687154 0 0)(0 0 -1.539927324)))
(0.758 ((-4.842830011 0 0)(0 0 -1.686993741)))
(0.759 ((-4.849972869 0 0)(0 0 -1.84216929)))
(0.76 ((-4.857115726 0 0)(0 0 -2.005492963)))
(0.761 ((-4.864258583 0 0)(0 0 -2.176996807)))
(0.762 ((-4.87140144 0 0)(0 0 -2.356707051)))
(0.763 ((-4.878544297 0 0)(0 0 -2.54464505)))
(0.764 ((-4.885687154 0 0)(0 0 -2.740828076)))
(0.765 ((-4.892830011 0 0)(0 0 -2.945269954)))
(0.766 ((-4.899972869 0 0)(0 0 -3.157981592)))
(0.767 ((-4.907115726 0 0)(0 0 -3.378971392)))
(0.768 ((-4.914258583 0 0)(0 0 -3.608245575)))
(0.769 ((-4.92140144 0 0)(0 0 -3.845808419)))
(0.77 ((-4.928544297 0 0)(0 0 -4.091662425)))
(0.771 ((-4.935687154 0 0)(0 0 -4.345808419)))
(0.772 ((-4.942830011 0 0)(0 0 -4.608245575)))
(0.773 ((-4.949972869 0 0)(0 0 -4.878971392)))
(0.774 ((-4.957115726 0 0)(0 0 -5.157981592)))
(0.775 ((-4.964258583 0 0)(0 0 -5.445269954)))
(0.776 ((-4.97140144 0 0)(0 0 -5.740828076)))
(0.777 ((-4.978544297 0 0)(0 0 -6.04464505)))
(0.778 ((-4.985687154 0 0)(0 0 -6.356707051)))
(0.779 ((-4.992830011 0 0)(0 0 -6.676996807)))
(0.78 ((-4.999972868 0 0)(0 0 -7.005492963)))
(0.781 ((-5.007115726 0 0)(0 0 -7.34216929)))
(0.782 ((-5.014258583 0 0)(0 0 -7.686993741)))
(0.783 ((-5.02140144 0 0)(0 0 -8.039927324)))
(0.784 ((-5.028544297 0 0)(0 0 -8.400922759)))
(0.785 ((-5.035687154 0 0)(0 0 -8.769922923)))
(0.786 ((-5.042830011 0 0)(0 0 -9.146859037)))
(0.787 ((-5.049972868 0 0)(0 0 -9.531648608)))
(0.788 ((-5.057115725 0 0)(0 0 -9.924193127)))
(0.789 ((-5.064258582 0 0)(0 0 -10.32437554)))
(0.79 ((-5.071401439 0 0)(0 0 -10.73205758)))
(0.791 ((-5.078544296 0 0)(0 0 -11.14707698)))
(0.792 ((-5.085687152 0 0)(0 0 -11.5692449)))
(0.793 ((-5.092830009 0 0)(0 0 -11.99834347)))
(0.794 ((-5.099972866 0 0)(0 0 -12.43412404)))
(0.795 ((-5.107115722 0 0)(0 0 -12.87630616)))
(0.796 ((-5.114258579 0 0)(0 0 -13.32457777)))
(0.797 ((-5.121401435 0 0)(0 0 -13.7785968)))
(0.798 ((-5.128544291 0 0)(0 0 -14.23799436)))
(0.799 ((-5.135687147 0 0)(0 0 -14.70237959)))
(0.8 ((-5.142830002 0 0)(0 0 -15.17134602)))
(0.801 ((-5.149972857 0 0)(0 0 -15.64447906)))
(0.802 ((-5.157115712 0 0)(0 0 -16.12136414)))
(0.803 ((-5.164258566 0 0)(0 0 -16.60159476)))
(0.804 ((-5.17140142 0 0)(0 0 -17.08478007)))
(0.805 ((-5.178544272 0 0)(0 0 -17.57055115)))
(0.806 ((-5.185687124 0 0)(0 0 -18.05856592)))
(0.807 ((-5.192829974 0 0)(0 0 -18.54851228)))
(0.808 ((-5.199972823 0 0)(0 0 -19.04010976)))
(0.809 ((-5.20711567 0 0)(0 0 -19.53310966)))
(0.81 ((-5.214258515 0 0)(0 0 -20.02729406)))
(0.811 ((-5.221401357 0 0)(0 0 -20.52247403)))
(0.812 ((-5.228544196 0 0)(0 0 -21.01848724)))
(0.813 ((-5.235687031 0 0)(0 0 -21.51519533)))
(0.814 ((-5.242829861 0 0)(0 0 -22.0124811)))
(0.815 ((-5.249972685 0 0)(0 0 -22.5102459)))
(0.816 ((-5.257115501 0 0)(0 0 -23.00840705)))
(0.817 ((-5.264258309 0 0)(0 0 -23.50689554)))
(0.818 ((-5.271401105 0 0)(0 0 -24.00565398)))
(0.819 ((-5.278543888 0 0)(0 0 -24.50463473)))
(0.82 ((-5.285686655 0 0)(0 0 -25.0037984)))
(0.821 ((-5.292829402 0 0)(0 0 -25.50311242)))
(0.822 ((-5.299972124 0 0)(0 0 -26.00254995)))
(0.823 ((-5.307114816 0 0)(0 0 -26.50208888)))
(0.824 ((-5.314257472 0 0)(0 0 -27.001711)))
(0.825 ((-5.321400083 0 0)(0 0 -27.50140137)))
(0.826 ((-5.32854264 0 0)(0 0 -28.00114769)))
(0.827 ((-5.335685131 0 0)(0 0 -28.50093988)))
(0.828 ((-5.34282754 0 0)(0 0 -29.00076967)))
(0.829 ((-5.34996985 0 0)(0 0 -29.50063026)))
(0.83 ((-5.357112039 0 0)(0 0 -30.00051608)))
(0.831 ((-5.364254081 0 0)(0 0 -30.50042258)))
(0.832 ((-5.371395942 0 0)(0 0 -31.00034601)))
(0.833 ((-5.378537584 0 0)(0 0 -31.50028331)))
(0.834 ((-5.385678956 0 0)(0 0 -32.00023196)))
(0.835 ((-5.392820002 0 0)(0 0 -32.50018992)))
(0.836 ((-5.399960647 0 0)(0 0 -33.0001555)))
(0.837 ((-5.407100805 0 0)(0 0 -33.50012731)))
(0.838 ((-5.414240369 0 0)(0 0 -34.00010423)))
(0.839 ((-5.421379208 0 0)(0 0 -34.50008533)))
(0.84 ((-5.428517166 0 0)(0 0 -35.00006986)))
(0.841 ((-5.435654049 0 0)(0 0 -35.50005719)))
(0.842 ((-5.442789626 0 0)(0 0 -36.00004681)))
(0.843 ((-5.449923614 0 0)(0 0 -36.50003831)))
(0.844 ((-5.457055675 0 0)(0 0 -37.00003135)))
(0.845 ((-5.464185397 0 0)(0 0 -37.50002565)))
(0.846 ((-5.471312289 0 0)(0 0 -38.00002097)))
(0.847 ((-5.478435758 0 0)(0 0 -38.50001714)))
(0.848 ((-5.485555102 0 0)(0 0 -39.00001399)))
(0.849 ((-5.492669482 0 0)(0 0 -39.50001141)))
(0.85 ((-5.49977791 0 0)(0 0 -40.00000928)))
(0.851 ((-5.506879227 0 0)(0 0 -40.50000753)))
(0.852 ((-5.513972083 0 0)(0 0 -41.00000608)))
(0.853 ((-5.521054921 0 0)(0 0 -41.50000488)))
(0.854 ((-5.528125966 0 0)(0 0 -42.00000386)))
(0.855 ((-5.535183214 0 0)(0 0 -42.50000301)))
(0.856 ((-5.542224435 0 0)(0 0 -43.00000227)))
(0.857 ((-5.549247187 0 0)(0 0 -43.50000163)))
(0.858 ((-5.556248833 0 0)(0 0 -44.00000105)))
(0.859 ((-5.563226582 0 0)(0 0 -44.50000052)))
(0.86 ((-5.570177531 0 0)(0 0 -45)))
(0.861 ((-5.577098717 0 0)(0 0 -45.49999948)))
(0.862 ((-5.583987181 0 0)(0 0 -45.99999895)))
(0.863 ((-5.590840018 0 0)(0 0 -46.49999837)))
(0.864 ((-5.597654436 0 0)(0 0 -46.99999773)))
(0.865 ((-5.6044278 0 0)(0 0 -47.49999699)))
(0.866 ((-5.611157666 0 0)(0 0 -47.99999614)))
(0.867 ((-5.617841807 0 0)(0 0 -48.49999512)))
(0.868 ((-5.624478217 0 0)(0 0 -48.99999392)))
(0.869 ((-5.631065121 0 0)(0 0 -49.49999247)))
(0.87 ((-5.637600961 0 0)(0 0 -49.99999072)))
(0.871 ((-5.644084389 0 0)(0 0 -50.49998859)))
(0.872 ((-5.650514245 0 0)(0 0 -50.99998601)))
(0.873 ((-5.656889541 0 0)(0 0 -51.49998286)))
(0.874 ((-5.663209439 0 0)(0 0 -51.99997903)))
(0.875 ((-5.669473235 0 0)(0 0 -52.49997435)))
(0.876 ((-5.675680339 0 0)(0 0 -52.99996865)))
(0.877 ((-5.681830257 0 0)(0 0 -53.49996169)))
(0.878 ((-5.687922579 0 0)(0 0 -53.99995319)))
(0.879 ((-5.693956965 0 0)(0 0 -54.49994281)))
(0.88 ((-5.699933134 0 0)(0 0 -54.99993014)))
(0.881 ((-5.705850853 0 0)(0 0 -55.49991467)))
(0.882 ((-5.711709931 0 0)(0 0 -55.99989577)))
(0.883 ((-5.717510209 0 0)(0 0 -56.49987269)))
(0.884 ((-5.723251557 0 0)(0 0 -56.9998445)))
(0.885 ((-5.728933869 0 0)(0 0 -57.49981008)))
(0.886 ((-5.734557057 0 0)(0 0 -57.99976804)))
(0.887 ((-5.740121049 0 0)(0 0 -58.49971669)))
(0.888 ((-5.745625786 0 0)(0 0 -58.99965399)))
(0.889 ((-5.751071219 0 0)(0 0 -59.49957742)))
(0.89 ((-5.756457308 0 0)(0 0 -59.99948392)))
(0.891 ((-5.761784021 0 0)(0 0 -60.49936974)))
(0.892 ((-5.767051331 0 0)(0 0 -60.99923033)))
(0.893 ((-5.772259217 0 0)(0 0 -61.49906012)))
(0.894 ((-5.777407659 0 0)(0 0 -61.99885231)))
(0.895 ((-5.782496645 0 0)(0 0 -62.49859863)))
(0.896 ((-5.787526161 0 0)(0 0 -62.998289)))
(0.897 ((-5.792496198 0 0)(0 0 -63.49791112)))
(0.898 ((-5.797406747 0 0)(0 0 -63.99745005)))
(0.899 ((-5.802257803 0 0)(0 0 -64.49688758)))
(0.9 ((-5.807049359 0 0)(0 0 -64.9962016)))
(0.901 ((-5.811781411 0 0)(0 0 -65.49536527)))
(0.902 ((-5.816453956 0 0)(0 0 -65.99434602)))
(0.903 ((-5.821066991 0 0)(0 0 -66.49310446)))
(0.904 ((-5.825620513 0 0)(0 0 -66.99159295)))
(0.905 ((-5.83011452 0 0)(0 0 -67.4897541)))
(0.906 ((-5.83454901 0 0)(0 0 -67.9875189)))
(0.907 ((-5.838923983 0 0)(0 0 -68.48480467)))
(0.908 ((-5.843239437 0 0)(0 0 -68.98151276)))
(0.909 ((-5.847495372 0 0)(0 0 -69.47752597)))
(0.91 ((-5.851691785 0 0)(0 0 -69.97270594)))
(0.911 ((-5.855828678 0 0)(0 0 -70.46689034)))
(0.912 ((-5.85990605 0 0)(0 0 -70.95989024)))
(0.913 ((-5.863923899 0 0)(0 0 -71.45148772)))
(0.914 ((-5.867882226 0 0)(0 0 -71.94143408)))
(0.915 ((-5.871781031 0 0)(0 0 -72.42944885)))
(0.916 ((-5.875620313 0 0)(0 0 -72.91521993)))
(0.917 ((-5.879400072 0 0)(0 0 -73.39840524)))
(0.918 ((-5.883120308 0 0)(0 0 -73.87863586)))
(0.919 ((-5.886781021 0 0)(0 0 -74.35552094)))
(0.92 ((-5.890382211 0 0)(0 0 -74.82865398)))
(0.921 ((-5.893923878 0 0)(0 0 -75.29762041)))
(0.922 ((-5.897406022 0 0)(0 0 -75.76200564)))
(0.923 ((-5.900828643 0 0)(0 0 -76.2214032)))
(0.924 ((-5.904191741 0 0)(0 0 -76.67542223)))
(0.925 ((-5.907495316 0 0)(0 0 -77.12369384)))
(0.926 ((-5.910739369 0 0)(0 0 -77.56587596)))
(0.927 ((-5.913923899 0 0)(0 0 -78.00165653)))
(0.928 ((-5.917048907 0 0)(0 0 -78.4307551)))
(0.929 ((-5.920114393 0 0)(0 0 -78.85292302)))
(0.93 ((-5.923120357 0 0)(0 0 -79.26794242)))
(0.931 ((-5.9260668 0 0)(0 0 -79.67562446)))
(0.932 ((-5.928953723 0 0)(0 0 -80.07580687)))
(0.933 ((-5.931781126 0 0)(0 0 -80.46835139)))
(0.934 ((-5.93454901 0 0)(0 0 -80.85314096)))
(0.935 ((-5.937257377 0 0)(0 0 -81.23007708)))
(0.936 ((-5.939906227 0 0)(0 0 -81.59907724)))
(0.937 ((-5.942495562 0 0)(0 0 -81.96007268)))
(0.938 ((-5.945025385 0 0)(0 0 -82.31300626)))
(0.939 ((-5.947495697 0 0)(0 0 -82.65783071)))
(0.94 ((-5.949906502 0 0)(0 0 -82.99450704)))
(0.941 ((-5.952257803 0 0)(0 0 -83.32300319)))
(0.942 ((-5.954549604 0 0)(0 0 -83.64329295)))
(0.943 ((-5.956781912 0 0)(0 0 -83.95535495)))
(0.944 ((-5.958954732 0 0)(0 0 -84.25917192)))
(0.945 ((-5.961068073 0 0)(0 0 -84.55473005)))
(0.946 ((-5.963121945 0 0)(0 0 -84.84201841)))
(0.947 ((-5.965116359 0 0)(0 0 -85.12102861)))
(0.948 ((-5.967051331 0 0)(0 0 -85.39175442)))
(0.949 ((-5.968926878 0 0)(0 0 -85.65419158)))
(0.95 ((-5.970743022 0 0)(0 0 -85.90833757)))
(0.951 ((-5.97249979 0 0)(0 0 -86.15419158)))
(0.952 ((-5.974197214 0 0)(0 0 -86.39175442)))
(0.953 ((-5.975835335 0 0)(0 0 -86.62102861)))
(0.954 ((-5.9774142 0 0)(0 0 -86.84201841)))
(0.955 ((-5.978933869 0 0)(0 0 -87.05473005)))
(0.956 ((-5.980394414 0 0)(0 0 -87.25917192)))
(0.957 ((-5.981795923 0 0)(0 0 -87.45535495)))
(0.958 ((-5.983138502 0 0)(0 0 -87.64329295)))
(0.959 ((-5.984422282 0 0)(0 0 -87.82300319)))
(0.96 ((-5.98564742 0 0)(0 0 -87.99450704)))
(0.961 ((-5.986814108 0 0)(0 0 -88.15783071)))
(0.962 ((-5.987922579 0 0)(0 0 -88.31300626)))
(0.963 ((-5.988973114 0 0)(0 0 -88.46007268)))
(0.964 ((-5.989966053 0 0)(0 0 -88.59907724)))
(0.965 ((-5.990901807 0 0)(0 0 -88.73007708)))
(0.966 ((-5.991780868 0 0)(0 0 -88.85314096)))
(0.967 ((-5.992603827 0 0)(0 0 -88.96835139)))
(0.968 ((-5.993371388 0 0)(0 0 -89.07580687)))
(0.969 ((-5.994084389 0 0)(0 0 -89.17562446)))
(0.97 ((-5.994743818 0 0)(0 0 -89.26794242)))
(0.971 ((-5.995350835 0 0)(0 0 -89.35292302)))
(0.972 ((-5.995906788 0 0)(0 0 -89.4307551)))
(0.973 ((-5.996413235 0 0)(0 0 -89.50165653)))
(0.974 ((-5.996871952 0 0)(0 0 -89.56587596)))
(0.975 ((-5.997284943 0 0)(0 0 -89.62369384)))
(0.976 ((-5.997654436 0 0)(0 0 -89.67542223)))
(0.977 ((-5.997982875 0 0)(0 0 -89.7214032)))
(0.978 ((-5.998272895 0 0)(0 0 -89.76200564)))
(0.979 ((-5.998527289 0 0)(0 0 -89.79762041)))
(0.98 ((-5.998748959 0 0)(0 0 -89.82865398)))
(0.981 ((-5.998940868 0 0)(0 0 -89.85552094)))
(0.982 ((-5.999105976 0 0)(0 0 -89.87863586)))
(0.983 ((-5.999247187 0 0)(0 0 -89.89840524)))
(0.984 ((-5.999367293 0 0)(0 0 -89.91521993)))
(0.985 ((-5.999468928 0 0)(0 0 -89.92944885)))
(0.986 ((-5.999554538 0 0)(0 0 -89.94143408)))
(0.987 ((-5.99962635 0 0)(0 0 -89.95148772)))
(0.988 ((-5.999686368 0 0)(0 0 -89.95989024)))
(0.989 ((-5.999736369 0 0)(0 0 -89.96689034)))
(0.99 ((-5.99977791 0 0)(0 0 -89.97270594)))
(0.991 ((-5.999812339 0 0)(0 0 -89.97752597)))
(0.992 ((-5.999840816 0 0)(0 0 -89.98151276)))
(0.993 ((-5.99986433 0 0)(0 0 -89.98480467)))
(0.994 ((-5.999883717 0 0)(0 0 -89.9875189)))
(0.995 ((-5.999899683 0 0)(0 0 -89.9897541)))
(0.996 ((-5.999912818 0 0)(0 0 -89.99159295)))
(0.997 ((-5.999923614 0 0)(0 0 -89.99310446)))
(0.998 ((-5.999932483 0 0)(0 0 -89.99434602)))
(0.999 ((-5.999939763 0 0)(0 0 -89.99536527)))
(1 ((-5.999945737 0 0)(0 0 -89.9962016)))
(1.001 ((-5.999950637 0 0)(0 0 -89.99688758)))
(1.002 ((-5.999954655 0 0)(0 0 -89.99745005)))
(1.003 ((-5.999957948 0 0)(0 0 -89.99791112)))
(1.004 ((-5.999960647 0 0)(0 0 -89.998289)))
(1.005 ((-5.999962859 0 0)(0 0 -89.99859863)))
(1.006 ((-5.999964671 0 0)(0 0 -89.99885231)))
(1.007 ((-5.999966155 0 0)(0 0 -89.99906011)))
(1.008 ((-5.999967371 0 0)(0 0 -89.99923033)))
(1.009 ((-5.999968367 0 0)(0 0 -89.99936974)))
(1.01 ((-5.999969182 0 0)(0 0 -89.99948392)))
(1.011 ((-5.99996985 0 0)(0 0 -89.99957742)))
(1.012 ((-5.999970397 0 0)(0 0 -89.99965399)))
(1.013 ((-5.999970845 0 0)(0 0 -89.99971669)))
(1.014 ((-5.999971212 0 0)(0 0 -89.99976803)))
(1.015 ((-5.999971512 0 0)(0 0 -89.99981007)))
(1.016 ((-5.999971758 0 0)(0 0 -89.99984449)))
(1.017 ((-5.999971959 0 0)(0 0 -89.99987268)))
(1.018 ((-5.999972124 0 0)(0 0 -89.99989575)))
(1.019 ((-5.999972259 0 0)(0 0 -89.99991465)))
(1.02 ((-5.999972369 0 0)(0 0 -89.99993012)))
(1.021 ((-5.99997246 0 0)(0 0 -89.99994278)))
(1.022 ((-5.999972534 0 0)(0 0 -89.99995316)))
(1.023 ((-5.999972595 0 0)(0 0 -89.99996165)))
(1.024 ((-5.999972644 0 0)(0 0 -89.9999686)))
(1.025 ((-5.999972685 0 0)(0 0 -89.99997429)))
(1.026 ((-5.999972718 0 0)(0 0 -89.99997895)))
(1.027 ((-5.999972745 0 0)(0 0 -89.99998277)))
(1.028 ((-5.999972768 0 0)(0 0 -89.99998589)))
(1.029 ((-5.999972786 0 0)(0 0 -89.99998845)))
(1.03 ((-5.999972801 0 0)(0 0 -89.99999054)))
(1.031 ((-5.999972813 0 0)(0 0 -89.99999226)))
(1.032 ((-5.999972823 0 0)(0 0 -89.99999366)))
(1.033 ((-5.999972831 0 0)(0 0 -89.99999481)))
(1.034 ((-5.999972838 0 0)(0 0 -89.99999575)))
(1.035 ((-5.999972844 0 0)(0 0 -89.99999652)))
(1.036 ((-5.999972848 0 0)(0 0 -89.99999715)))
(1.037 ((-5.999972852 0 0)(0 0 -89.99999767)))
(1.038 ((-5.999972855 0 0)(0 0 -89.99999809)))
(1.039 ((-5.999972857 0 0)(0 0 -89.99999844)))
(1.04 ((-5.999972859 0 0)(0 0 -89.99999872)))
(1.041 ((-5.999972861 0 0)(0 0 -89.99999895)))
(1.042 ((-5.999972862 0 0)(0 0 -89.99999914)))
(1.043 ((-5.999972864 0 0)(0 0 -89.9999993)))
(1.044 ((-5.999972864 0 0)(0 0 -89.99999942)))
(1.045 ((-5.999972865 0 0)(0 0 -89.99999953)))
(1.046 ((-5.999972866 0 0)(0 0 -89.99999961)))
(1.047 ((-5.999972866 0 0)(0 0 -89.99999968)))
(1.048 ((-5.999972867 0 0)(0 0 -89.99999974)))
(1.049 ((-5.999972867 0 0)(0 0 -89.99999979)))
(1.05 ((-5.999972867 0 0)(0 0 -89.99999983)))
(1.051 ((-5.999972868 0 0)(0 0 -89.99999986)))
(1.052 ((-5.999972868 0 0)(0 0 -89.99999988)))
(1.053 ((-5.999972868 0 0)(0 0 -89.9999999)))
(1.054 ((-5.999972868 0 0)(0 0 -89.99999992)))
(1.055 ((-5.999972868 0 0)(0 0 -89.99999994)))
(1.056 ((-5.999972868 0 0)(0 0 -89.99999995)))
(1.057 ((-5.999972868 0 0)(0 0 -89.99999996)))
(1.058 ((-5.999972868 0 0)(0 0 -89.99999997)))
(1.059 ((-5.999972868 0 0)(0 0 -89.99999997)))
(1.06 ((-5.999972868 0 0)(0 0 -89.99999998)))
(1.061 ((-5.999972868 0 0)(0 0 -89.99999998)))
(1.062 ((-5.999972868 0 0)(0 0 -89.99999998)))
(1.063 ((-5.999972868 0 0)(0 0 -89.99999999)))
(1.064 ((-5.999972868 0 0)(0 0 -89.99999999)))
(1.065 ((-5.999972869 0 0)(0 0 -89.99999999)))
(1.066 ((-5.999972869 0 0)(0 0 -89.99999999)))
(1.067 ((-5.999972869 0 0)(0 0 -89.99999999)))
(1.068 ((-5.999972869 0 0)(0 0 -90)))
(1.069 ((-5.999972869 0 0)(0 0 -90)))
(1.07 ((-5.999972869 0 0)(0 0 -90)))
(1.071 ((-5.999972869 0 0)(0 0 -90)))
(1.072 ((-5.999972869 0 0)(0 0 -90)))
(1.073 ((-5.999972869 0 0)(0 0 -90)))
(1.074 ((-5.999972869 0 0)(0 0 -90)))
(1.075 ((-5.999972869 0 0)(0 0 -90)))
(1.076 ((-5.999972869 0 0)(0 0 -90)))
(1.077 ((-5.999972869 0 0)(0 0 -90)))
(1.078 ((-5.999972869 0 0)(0 0 -90)))
(1.079 ((-5.999972869 0 0)(0 0 -90)))
(1.08 ((-5.999972869 0 0)(0 0 -90)))
(1.081 ((-5.999972869 0 0)(0 0 -90)))
(1.082 ((-5.999972869 0 0)(0 0 -90)))
(1.083 ((-5.999972869 0 0)(0 0 -90)))
(1.084 ((-5.999972869 0 0)(0 0 -90)))
(1.085 ((-5.999972869 0 0)(0 0 -90)))
(1.086 ((-5.999972869 0 0)(0 0 -90)))
(1.087 ((-5.999972869 0 0)(0 0 -90)))
(1.088 ((-5.999972869 0 0)(0 0 -90)))
(1.089 ((-5.999972869 0 0)(0 0 -90)))
(1.09 ((-5.999972869 0 0)(0 0 -90)))
(1.091 ((-5.999972869 0 0)(0 0 -90)))
(1.092 ((-5.999972869 0 0)(0 0 -90)))
(1.093 ((-5.999972869 0 0)(0 0 -90)))
(1.094 ((-5.999972869 0 0)(0 0 -90)))
(1.095 ((-5.999972869 0 0)(0 0 -90)))
(1.096 ((-5.999972869 0 0)(0 0 -90)))
(1.097 ((-5.999972869 0 0)(0 0 -90)))
(1.098 ((-5.999972869 0 0)(0 0 -90)))
(1.099 ((-5.999972869 0 0)(0 0 -90)))
(1.1 ((-5.999972869 0 0)(0 0 -90)))
(1.101 ((-5.999972869 0 0)(0 0 -90)))
(1.102 ((-5.999972869 0 0)(0 0 -90)))
(1.103 ((-5.999972869 0 0)(0 0 -90)))
(1.104 ((-5.999972869 0 0)(0 0 -90)))
(1.105 ((-5.999972869 0 0)(0 0 -90)))
(1.106 ((-5.999972869 0 0)(0 0 -90)))
(1.107 ((-5.999972869 0 0)(0 0 -90)))
(1.108 ((-5.999972869 0 0)(0 0 -90)))
(1.109 ((-5.999972869 0 0)(0 0 -90)))
(1.11 ((-5.999972869 0 0)(0 0 -90)))
(1.111 ((-5.999972869 0 0)(0 0 -90)))
(1.112 ((-5.999972869 0 0)(0 0 -90)))
(1.113 ((-5.999972869 0 0)(0 0 -90)))
(1.114 ((-5.999972869 0 0)(0 0 -90)))
(1.115 ((-5.999972869 0 0)(0 0 -90)))
(1.116 ((-5.999972869 0 0)(0 0 -90)))
(1.117 ((-5.999972869 0 0)(0 0 -90)))
(1.118 ((-5.999972869 0 0)(0 0 -90)))
(1.119 ((-5.999972869 0 0)(0 0 -90)))
(1.12 ((-5.999972869 0 0)(0 0 -90)))
(1.121 ((-5.999972869 0 0)(0 0 -90)))
(1.122 ((-5.999972869 0 0)(0 0 -90)))
(1.123 ((-5.999972869 0 0)(0 0 -90)))
(1.124 ((-5.999972869 0 0)(0 0 -90)))
(1.125 ((-5.999972869 0 0)(0 0 -90)))
(1.126 ((-5.999972869 0 0)(0 0 -90)))
(1.127 ((-5.999972869 0 0)(0 0 -90)))
(1.128 ((-5.999972869 0 0)(0 0 -90)))
(1.129 ((-5.999972869 0 0)(0 0 -90)))
(1.13 ((-5.999972869 0 0)(0 0 -90)))
(1.131 ((-5.999972869 0 0)(0 0 -90)))
(1.132 ((-5.999972869 0 0)(0 0 -90)))
(1.133 ((-5.999972869 0 0)(0 0 -90)))
(1.134 ((-5.999972869 0 0)(0 0 -90)))
(1.135 ((-5.999972869 0 0)(0 0 -90)))
(1.136 ((-5.999972869 0 0)(0 0 -90)))
(1.137 ((-5.999972869 0 0)(0 0 -90)))
(1.138 ((-5.999972869 0 0)(0 0 -90)))
(1.139 ((-5.999972869 0 0)(0 0 -90)))
(1.14 ((-5.999972869 0 0)(0 0 -90)))
(1.141 ((-5.999972869 0 0)(0 0 -90)))
(1.142 ((-5.999972869 0 0)(0 0 -90)))
(1.143 ((-5.999972869 0 0)(0 0 -90)))
(1.144 ((-5.999972869 0 0)(0 0 -90)))
(1.145 ((-5.999972869 0 0)(0 0 -90)))
(1.146 ((-5.999972869 0 0)(0 0 -90)))
(1.147 ((-5.999972869 0 0)(0 0 -90)))
(1.148 ((-5.999972869 0 0)(0 0 -90)))
(1.149 ((-5.999972869 0 0)(0 0 -90)))
(1.15 ((-5.999972869 0 0)(0 0 -90)))
(1.151 ((-5.999972869 0 0)(0 0 -90)))
(1.152 ((-5.999972869 0 0)(0 0 -90)))
(1.153 ((-5.999972869 0 0)(0 0 -90)))
(1.154 ((-5.999972869 0 0)(0 0 -90)))
(1.155 ((-5.999972869 0 0)(0 0 -90)))
(1.156 ((-5.999972869 0 0)(0 0 -90)))
(1.157 ((-5.999972869 0 0)(0 0 -90)))
(1.158 ((-5.999972869 0 0)(0 0 -90)))
(1.159 ((-5.999972869 0 0)(0 0 -90)))
(1.16 ((-5.999972869 0 0)(0 0 -90)))
(1.161 ((-5.999972869 0 0)(0 0 -90)))
(1.162 ((-5.999972869 0 0)(0 0 -90)))
(1.163 ((-5.999972869 0 0)(0 0 -90)))
(1.164 ((-5.999972869 0 0)(0 0 -90)))
(1.165 ((-5.999972869 0 0)(0 0 -90)))
(1.166 ((-5.999972869 0 0)(0 0 -90)))
(1.167 ((-5.999972869 0 0)(0 0 -90)))
(1.168 ((-5.999972869 0 0)(0 0 -90)))
(1.169 ((-5.999972869 0 0)(0 0 -90)))
(1.17 ((-5.999972869 0 0)(0 0 -90)))
(1.171 ((-5.999972869 0 0)(0 0 -90)))
(1.172 ((-5.999972869 0 0)(0 0 -90)))
(1.173 ((-5.999972869 0 0)(0 0 -90)))
(1.174 ((-5.999972869 0 0)(0 0 -90)))
(1.175 ((-5.999972869 0 0)(0 0 -90)))
(1.176 ((-5.999972869 0 0)(0 0 -90)))
(1.177 ((-5.999972869 0 0)(0 0 -90)))
(1.178 ((-5.999972869 0 0)(0 0 -90)))
(1.179 ((-5.999972869 0 0)(0 0 -90)))
(1.18 ((-5.999972869 0 0)(0 0 -90)))
(1.181 ((-5.999972869 0 0)(0 0 -90)))
(1.182 ((-5.999972869 0 0)(0 0 -90)))
(1.183 ((-5.999972869 0 0)(0 0 -90)))
(1.184 ((-5.999972869 0 0)(0 0 -90)))
(1.185 ((-5.999972869 0 0)(0 0 -90)))
(1.186 ((-5.999972869 0 0)(0 0 -90)))
(1.187 ((-5.999972869 0 0)(0 0 -90)))
(1.188 ((-5.999972869 0 0)(0 0 -90)))
(1.189 ((-5.999972869 0 0)(0 0 -90)))
(1.19 ((-5.999972869 0 0)(0 0 -90)))
(1.191 ((-5.999972869 0 0)(0 0 -90)))
(1.192 ((-5.999972869 0 0)(0 0 -90)))
(1.193 ((-5.999972869 0 0)(0 0 -90)))
(1.194 ((-5.999972869 0 0)(0 0 -90)))
(1.195 ((-5.999972869 0 0)(0 0 -90)))
(1.196 ((-5.999972869 0 0)(0 0 -90)))
(1.197 ((-5.999972869 0 0)(0 0 -90)))
(1.198 ((-5.999972869 0 0)(0 0 -90)))
(1.199 ((-5.999972869 0 0)(0 0 -90)))
(1.2 ((-5.999972869 0 0)(0 0 -90)))
(1.201 ((-5.999972869 0 0)(0 0 -90)))
(1.202 ((-5.999972869 0 0)(0 0 -90)))
(1.203 ((-5.999972869 0 0)(0 0 -90)))
(1.204 ((-5.999972869 0 0)(0 0 -90)))
(1.205 ((-5.999972869 0 0)(0 0 -90)))
(1.206 ((-5.999972869 0 0)(0 0 -90)))
(1.207 ((-5.999972869 0 0)(0 0 -90)))
(1.208 ((-5.999972869 0 0)(0 0 -90)))
(1.209 ((-5.999972869 0 0)(0 0 -90)))
(1.21 ((-5.999972869 0 0)(0 0 -90)))
(1.211 ((-5.999972869 0 0)(0 0 -90)))
(1.212 ((-5.999972869 0 0)(0 0 -90)))
(1.213 ((-5.999972869 0 0)(0 0 -90)))
(1.214 ((-5.999972869 0 0)(0 0 -90)))
(1.215 ((-5.999972869 0 0)(0 0 -90)))
(1.216 ((-5.999972869 0 0)(0 0 -90)))
(1.217 ((-5.999972869 0 0)(0 0 -90)))
(1.218 ((-5.999972869 0 0)(0 0 -90)))
(1.219 ((-5.999972869 0 0)(0 0 -90)))
(1.22 ((-5.999972869 0 0)(0 0 -90)))
(1.221 ((-5.999972869 0 0)(0 0 -90)))
(1.222 ((-5.999972869 0 0)(0 0 -90)))
(1.223 ((-5.999972869 0 0)(0 0 -90)))
(1.224 ((-5.999972869 0 0)(0 0 -90)))
(1.225 ((-5.999972869 0 0)(0 0 -90)))
(1.226 ((-5.999972869 0 0)(0 0 -90)))
(1.227 ((-5.999972869 0 0)(0 0 -90)))
(1.228 ((-5.999972869 0 0)(0 0 -90)))
(1.229 ((-5.999972869 0 0)(0 0 -90)))
(1.23 ((-5.999972869 0 0)(0 0 -90)))
(1.231 ((-5.999972869 0 0)(0 0 -90)))
(1.232 ((-5.999972869 0 0)(0 0 -90)))
(1.233 ((-5.999972869 0 0)(0 0 -90)))
(1.234 ((-5.999972869 0 0)(0 0 -90)))
(1.235 ((-5.999972869 0 0)(0 0 -90)))
(1.236 ((-5.999972869 0 0)(0 0 -90)))
(1.237 ((-5.999972869 0 0)(0 0 -90)))
(1.238 ((-5.999972869 0 0)(0 0 -90)))
(1.239 ((-5.999972869 0 0)(0 0 -90)))
(1.24 ((-5.999972869 0 0)(0 0 -90)))
(1.241 ((-5.999972869 0 0)(0 0 -90)))
(1.242 ((-5.999972869 0 0)(0 0 -90)))
(1.243 ((-5.999972869 0 0)(0 0 -90)))
(1.244 ((-5.999972869 0 0)(0 0 -90)))
(1.245 ((-5.999972869 0 0)(0 0 -90)))
(1.246 ((-5.999972869 0 0)(0 0 -90)))
(1.247 ((-5.999972869 0 0)(0 0 -90)))
(1.248 ((-5.999972869 0 0)(0 0 -90)))
(1.249 ((-5.999972869 0 0)(0 0 -90)))
(1.25 ((-5.999972869 0 0)(0 0 -90)))
(1.251 ((-5.999972869 0 0)(0 0 -90)))
(1.252 ((-5.999972869 0 0)(0 0 -90)))
(1.253 ((-5.999972869 0 0)(0 0 -90)))
(1.254 ((-5.999972869 0 0)(0 0 -90)))
(1.255 ((-5.999972869 0 0)(0 0 -90)))
(1.256 ((-5.999972869 0 0)(0 0 -90)))
(1.257 ((-5.999972869 0 0)(0 0 -90)))
(1.258 ((-5.999972869 0 0)(0 0 -90)))
(1.259 ((-5.999972869 0 0)(0 0 -90)))
(1.26 ((-5.999972869 0 0)(0 0 -90)))
(1.261 ((-5.999972869 0 0)(0 0 -90)))
(1.262 ((-5.999972869 0 0)(0 0 -90)))
(1.263 ((-5.999972869 0 0)(0 0 -90)))
(1.264 ((-5.999972869 0 0)(0 0 -90)))
(1.265 ((-5.999972869 0 0)(0 0 -90)))
(1.266 ((-5.999972869 0 0)(0 0 -90)))
(1.267 ((-5.999972869 0 0)(0 0 -90)))
(1.268 ((-5.999972869 0 0)(0 0 -90)))
(1.269 ((-5.999972869 0 0)(0 0 -90)))
(1.27 ((-5.999972869 0 0)(0 0 -90)))
(1.271 ((-5.999972869 0 0)(0 0 -90)))
(1.272 ((-5.999972869 0 0)(0 0 -90)))
(1.273 ((-5.999972869 0 0)(0 0 -90)))
(1.274 ((-5.999972869 0 0)(0 0 -90)))
(1.275 ((-5.999972869 0 0)(0 0 -90)))
(1.276 ((-5.999972869 0 0)(0 0 -90)))
(1.277 ((-5.999972869 0 0)(0 0 -90)))
(1.278 ((-5.999972869 0 0)(0 0 -90)))
(1.279 ((-5.999972869 0 0)(0 0 -90)))
(1.28 ((-5.999972869 0 0)(0 0 -90)))
(1.281 ((-5.999972869 0 0)(0 0 -90)))
(1.282 ((-5.999972869 0 0)(0 0 -90)))
(1.283 ((-5.999972869 0 0)(0 0 -90)))
(1.284 ((-5.999972869 0 0)(0 0 -90)))
(1.285 ((-5.999972869 0 0)(0 0 -90)))
(1.286 ((-5.999972869 0 0)(0 0 -90)))
(1.287 ((-5.999972869 0 0)(0 0 -90)))
(1.288 ((-5.999972869 0 0)(0 0 -90)))
(1.289 ((-5.999972869 0 0)(0 0 -90)))
(1.29 ((-5.999972869 0 0)(0 0 -90)))
(1.291 ((-5.999972869 0 0)(0 0 -90)))
(1.292 ((-5.999972869 0 0)(0 0 -90)))
(1.293 ((-5.999972869 0 0)(0 0 -90)))
(1.294 ((-5.999972869 0 0)(0 0 -90)))
(1.295 ((-5.999972869 0 0)(0 0 -90)))
(1.296 ((-5.999972869 0 0)(0 0 -90)))
(1.297 ((-5.999972869 0 0)(0 0 -90)))
(1.298 ((-5.999972869 0 0)(0 0 -90)))
(1.299 ((-5.999972869 0 0)(0 0 -90)))
(1.3 ((-5.999972869 0 0)(0 0 -90)))
(1.301 ((-5.999972869 0 0)(0 0 -90)))
(1.302 ((-5.999972869 0 0)(0 0 -90)))
(1.303 ((-5.999972869 0 0)(0 0 -90)))
(1.304 ((-5.999972869 0 0)(0 0 -90)))
(1.305 ((-5.999972869 0 0)(0 0 -90)))
(1.306 ((-5.999972869 0 0)(0 0 -90)))
(1.307 ((-5.999972869 0 0)(0 0 -90)))
(1.308 ((-5.999972869 0 0)(0 0 -90)))
(1.309 ((-5.999972869 0 0)(0 0 -90)))
(1.31 ((-5.999972869 0 0)(0 0 -90)))
(1.311 ((-5.999972869 0 0)(0 0 -90)))
(1.312 ((-5.999972869 0 0)(0 0 -90)))
(1.313 ((-5.999972869 0 0)(0 0 -90)))
(1.314 ((-5.999972869 0 0)(0 0 -90)))
(1.315 ((-5.999972869 0 0)(0 0 -90)))
(1.316 ((-5.999972869 0 0)(0 0 -90)))
(1.317 ((-5.999972869 0 0)(0 0 -90)))
(1.318 ((-5.999972869 0 0)(0 0 -90)))
(1.319 ((-5.999972869 0 0)(0 0 -90)))
(1.32 ((-5.999972869 0 0)(0 0 -90)))
(1.321 ((-5.999972869 0 0)(0 0 -90)))
(1.322 ((-5.999972869 0 0)(0 0 -90)))
(1.323 ((-5.999972869 0 0)(0 0 -90)))
(1.324 ((-5.999972869 0 0)(0 0 -90)))
(1.325 ((-5.999972869 0 0)(0 0 -90)))
(1.326 ((-5.999972869 0 0)(0 0 -90)))
(1.327 ((-5.999972869 0 0)(0 0 -90)))
(1.328 ((-5.999972869 0 0)(0 0 -90)))
(1.329 ((-5.999972869 0 0)(0 0 -90)))
(1.33 ((-5.999972869 0 0)(0 0 -90)))
(1.331 ((-5.999972869 0 0)(0 0 -90)))
(1.332 ((-5.999972869 0 0)(0 0 -90)))
(1.333 ((-5.999972869 0 0)(0 0 -90)))
(1.334 ((-5.999972869 0 0)(0 0 -90)))
(1.335 ((-5.999972869 0 0)(0 0 -90)))
(1.336 ((-5.999972869 0 0)(0 0 -90)))
(1.337 ((-5.999972869 0 0)(0 0 -90)))
(1.338 ((-5.999972869 0 0)(0 0 -90)))
(1.339 ((-5.999972869 0 0)(0 0 -90)))
(1.34 ((-5.999972869 0 0)(0 0 -90)))
(1.341 ((-5.999972869 0 0)(0 0 -90)))
(1.342 ((-5.999972869 0 0)(0 0 -90)))
(1.343 ((-5.999972869 0 0)(0 0 -90)))
(1.344 ((-5.999972869 0 0)(0 0 -90)))
(1.345 ((-5.999972869 0 0)(0 0 -90)))
(1.346 ((-5.999972869 0 0)(0 0 -90)))
(1.347 ((-5.999972869 0 0)(0 0 -90)))
(1.348 ((-5.999972869 0 0)(0 0 -90)))
(1.349 ((-5.999972869 0 0)(0 0 -90)))
(1.35 ((-5.999972869 0 0)(0 0 -90)))
(1.351 ((-5.999972869 0 0)(0 0 -90)))
(1.352 ((-5.999972869 0 0)(0 0 -90)))
(1.353 ((-5.999972869 0 0)(0 0 -90)))
(1.354 ((-5.999972869 0 0)(0 0 -90)))
(1.355 ((-5.999972869 0 0)(0 0 -90)))
(1.356 ((-5.999972869 0 0)(0 0 -90)))
(1.357 ((-5.999972869 0 0)(0 0 -90)))
(1.358 ((-5.999972869 0 0)(0 0 -90)))
(1.359 ((-5.999972869 0 0)(0 0 -90)))
(1.36 ((-5.999972869 0 0)(0 0 -90)))
(1.361 ((-5.999972869 0 0)(0 0 -90)))
(1.362 ((-5.999972869 0 0)(0 0 -90)))
(1.363 ((-5.999972869 0 0)(0 0 -90)))
(1.364 ((-5.999972869 0 0)(0 0 -90)))
(1.365 ((-5.999972869 0 0)(0 0 -90)))
(1.366 ((-5.999972869 0 0)(0 0 -90)))
(1.367 ((-5.999972869 0 0)(0 0 -90)))
(1.368 ((-5.999972869 0 0)(0 0 -90)))
(1.369 ((-5.999972869 0 0)(0 0 -90)))
(1.37 ((-5.999972869 0 0)(0 0 -90)))
(1.371 ((-5.999972869 0 0)(0 0 -90)))
(1.372 ((-5.999972869 0 0)(0 0 -90)))
(1.373 ((-5.999972869 0 0)(0 0 -90)))
(1.374 ((-5.999972869 0 0)(0 0 -90)))
(1.375 ((-5.999972869 0 0)(0 0 -90)))
(1.376 ((-5.999972869 0 0)(0 0 -90)))
(1.377 ((-5.999972869 0 0)(0 0 -90)))
(1.378 ((-5.999972869 0 0)(0 0 -90)))
(1.379 ((-5.999972869 0 0)(0 0 -90)))
(1.38 ((-5.999972869 0 0)(0 0 -90)))
(1.381 ((-5.999972869 0 0)(0 0 -90)))
(1.382 ((-5.999972869 0 0)(0 0 -90)))
(1.383 ((-5.999972869 0 0)(0 0 -90)))
(1.384 ((-5.999972869 0 0)(0 0 -90)))
(1.385 ((-5.999972869 0 0)(0 0 -90)))
(1.386 ((-5.999972869 0 0)(0 0 -90)))
(1.387 ((-5.999972869 0 0)(0 0 -90)))
(1.388 ((-5.999972869 0 0)(0 0 -90)))
(1.389 ((-5.999972869 0 0)(0 0 -90)))
(1.39 ((-5.999972869 0 0)(0 0 -90)))
(1.391 ((-5.999972869 0 0)(0 0 -90)))
(1.392 ((-5.999972869 0 0)(0 0 -90)))
(1.393 ((-5.999972869 0 0)(0 0 -90)))
(1.394 ((-5.999972869 0 0)(0 0 -90)))
(1.395 ((-5.999972869 0 0)(0 0 -90)))
(1.396 ((-5.999972869 0 0)(0 0 -90)))
(1.397 ((-5.999972869 0 0)(0 0 -90)))
(1.398 ((-5.999972869 0 0)(0 0 -90)))
(1.399 ((-5.999972869 0 0)(0 0 -90)))
(1.4 ((-5.999972869 0 0)(0 0 -90)))
(1.401 ((-5.999972869 0 0)(0 0 -90)))
(1.402 ((-5.999972869 0 0)(0 0 -90)))
(1.403 ((-5.999972869 0 0)(0 0 -90)))
(1.404 ((-5.999972869 0 0)(0 0 -90)))
(1.405 ((-5.999972869 0 0)(0 0 -90)))
(1.406 ((-5.999972869 0 0)(0 0 -90)))
(1.407 ((-5.999972869 0 0)(0 0 -90)))
(1.408 ((-5.999972869 0 0)(0 0 -90)))
(1.409 ((-5.999972869 0 0)(0 0 -90)))
(1.41 ((-5.999972869 0 0)(0 0 -90)))
(1.411 ((-5.999972869 0 0)(0 0 -90)))
(1.412 ((-5.999972869 0 0)(0 0 -90)))
(1.413 ((-5.999972869 0 0)(0 0 -90)))
(1.414 ((-5.999972869 0 0)(0 0 -90)))
(1.415 ((-5.999972869 0 0)(0 0 -90)))
(1.416 ((-5.999972869 0 0)(0 0 -90)))
(1.417 ((-5.999972869 0 0)(0 0 -90)))
(1.418 ((-5.999972869 0 0)(0 0 -90)))
(1.419 ((-5.999972869 0 0)(0 0 -90)))
(1.42 ((-5.999972869 0 0)(0 0 -90)))
(1.421 ((-5.999972869 0 0)(0 0 -90)))
(1.422 ((-5.999972869 0 0)(0 0 -90)))
(1.423 ((-5.999972869 0 0)(0 0 -90)))
(1.424 ((-5.999972869 0 0)(0 0 -90)))
(1.425 ((-5.999972869 0 0)(0 0 -90)))
(1.426 ((-5.999972869 0 0)(0 0 -90)))
(1.427 ((-5.999972869 0 0)(0 0 -90)))
(1.428 ((-5.999972869 0 0)(0 0 -90)))
(1.429 ((-5.999972869 0 0)(0 0 -90)))
(1.43 ((-5.999972869 0 0)(0 0 -90)))
(1.431 ((-5.999972869 0 0)(0 0 -90)))
(1.432 ((-5.999972869 0 0)(0 0 -90)))
(1.433 ((-5.999972869 0 0)(0 0 -90)))
(1.434 ((-5.999972869 0 0)(0 0 -90)))
(1.435 ((-5.999972869 0 0)(0 0 -90)))
(1.436 ((-5.999972869 0 0)(0 0 -90)))
(1.437 ((-5.999972869 0 0)(0 0 -90)))
(1.438 ((-5.999972869 0 0)(0 0 -90)))
(1.439 ((-5.999972869 0 0)(0 0 -90)))
(1.44 ((-5.999972869 0 0)(0 0 -90)))
(1.441 ((-5.999972869 0 0)(0 0 -90)))
(1.442 ((-5.999972869 0 0)(0 0 -90)))
(1.443 ((-5.999972869 0 0)(0 0 -90)))
(1.444 ((-5.999972869 0 0)(0 0 -90)))
(1.445 ((-5.999972869 0 0)(0 0 -90)))
(1.446 ((-5.999972869 0 0)(0 0 -90)))
(1.447 ((-5.999972869 0 0)(0 0 -90)))
(1.448 ((-5.999972869 0 0)(0 0 -90)))
(1.449 ((-5.999972869 0 0)(0 0 -90)))
(1.45 ((-5.999972869 0 0)(0 0 -90)))
(1.451 ((-5.999972869 0 0)(0 0 -90)))
(1.452 ((-5.999972869 0 0)(0 0 -90)))
(1.453 ((-5.999972869 0 0)(0 0 -90)))
(1.454 ((-5.999972869 0 0)(0 0 -90)))
(1.455 ((-5.999972869 0 0)(0 0 -90)))
(1.456 ((-5.999972869 0 0)(0 0 -90)))
(1.457 ((-5.999972869 0 0)(0 0 -90)))
(1.458 ((-5.999972869 0 0)(0 0 -90)))
(1.459 ((-5.999972869 0 0)(0 0 -90)))
(1.46 ((-5.999972869 0 0)(0 0 -90)))
(1.461 ((-5.999972869 0 0)(0 0 -90)))
(1.462 ((-5.999972869 0 0)(0 0 -90)))
(1.463 ((-5.999972869 0 0)(0 0 -90)))
(1.464 ((-5.999972869 0 0)(0 0 -90)))
(1.465 ((-5.999972869 0 0)(0 0 -90)))
(1.466 ((-5.999972869 0 0)(0 0 -90)))
(1.467 ((-5.999972869 0 0)(0 0 -90)))
(1.468 ((-5.999972869 0 0)(0 0 -90)))
(1.469 ((-5.999972869 0 0)(0 0 -90)))
(1.47 ((-5.999972869 0 0)(0 0 -90)))
(1.471 ((-5.999972869 0 0)(0 0 -90)))
(1.472 ((-5.999972869 0 0)(0 0 -90)))
(1.473 ((-5.999972869 0 0)(0 0 -90)))
(1.474 ((-5.999972869 0 0)(0 0 -90)))
(1.475 ((-5.999972869 0 0)(0 0 -90)))
(1.476 ((-5.999972869 0 0)(0 0 -90)))
(1.477 ((-5.999972869 0 0)(0 0 -90)))
(1.478 ((-5.999972869 0 0)(0 0 -90)))
(1.479 ((-5.999972869 0 0)(0 0 -90)))
(1.48 ((-5.999972869 0 0)(0 0 -90)))
(1.481 ((-5.999972869 0 0)(0 0 -90)))
(1.482 ((-5.999972869 0 0)(0 0 -90)))
(1.483 ((-5.999972869 0 0)(0 0 -90)))
(1.484 ((-5.999972869 0 0)(0 0 -90)))
(1.485 ((-5.999972869 0 0)(0 0 -90)))
(1.486 ((-5.999972869 0 0)(0 0 -90)))
(1.487 ((-5.999972869 0 0)(0 0 -90)))
(1.488 ((-5.999972869 0 0)(0 0 -90)))
(1.489 ((-5.999972869 0 0)(0 0 -90)))
(1.49 ((-5.999972869 0 0)(0 0 -90)))
(1.491 ((-5.999972869 0 0)(0 0 -90)))
(1.492 ((-5.999972869 0 0)(0 0 -90)))
(1.493 ((-5.999972869 0 0)(0 0 -90)))
(1.494 ((-5.999972869 0 0)(0 0 -90)))
(1.495 ((-5.999972869 0 0)(0 0 -90)))
(1.496 ((-5.999972869 0 0)(0 0 -90)))
(1.497 ((-5.999972869 0 0)(0 0 -90)))
(1.498 ((-5.999972869 0 0)(0 0 -90)))
(1.499 ((-5.999972869 0 0)(0 0 -90)))
(1.5 ((-5.999972869 0 0)(0 0 -90)))
(1.501 ((-5.999972869 0 0)(0 0 -90)))
(1.502 ((-5.999972869 0 0)(0 0 -90)))
(1.503 ((-5.999972869 0 0)(0 0 -90)))
(1.504 ((-5.999972869 0 0)(0 0 -90)))
(1.505 ((-5.999972869 0 0)(0 0 -90)))
(1.506 ((-5.999972869 0 0)(0 0 -90)))
(1.507 ((-5.999972869 0 0)(0 0 -90)))
(1.508 ((-5.999972869 0 0)(0 0 -90)))
(1.509 ((-5.999972869 0 0)(0 0 -90)))
(1.51 ((-5.999972869 0 0)(0 0 -90)))
(1.511 ((-5.999972869 0 0)(0 0 -90)))
(1.512 ((-5.999972869 0 0)(0 0 -90)))
(1.513 ((-5.999972869 0 0)(0 0 -90)))
(1.514 ((-5.999972869 0 0)(0 0 -90)))
(1.515 ((-5.999972869 0 0)(0 0 -90)))
(1.516 ((-5.999972869 0 0)(0 0 -90)))
(1.517 ((-5.999972869 0 0)(0 0 -90)))
(1.518 ((-5.999972869 0 0)(0 0 -90)))
(1.519 ((-5.999972869 0 0)(0 0 -90)))
(1.52 ((-5.999972869 0 0)(0 0 -90)))
(1.521 ((-5.999972869 0 0)(0 0 -90)))
(1.522 ((-5.999972869 0 0)(0 0 -90)))
(1.523 ((-5.999972869 0 0)(0 0 -90)))
(1.524 ((-5.999972869 0 0)(0 0 -90)))
(1.525 ((-5.999972869 0 0)(0 0 -90)))
(1.526 ((-5.999972869 0 0)(0 0 -90)))
(1.527 ((-5.999972869 0 0)(0 0 -90)))
(1.528 ((-5.999972869 0 0)(0 0 -90)))
(1.529 ((-5.999972869 0 0)(0 0 -90)))
(1.53 ((-5.999972869 0 0)(0 0 -90)))
(1.531 ((-5.999972869 0 0)(0 0 -90)))
(1.532 ((-5.999972869 0 0)(0 0 -90)))
(1.533 ((-5.999972869 0 0)(0 0 -90)))
(1.534 ((-5.999972869 0 0)(0 0 -90)))
(1.535 ((-5.999972869 0 0)(0 0 -90)))
(1.536 ((-5.999972869 0 0)(0 0 -90)))
(1.537 ((-5.999972869 0 0)(0 0 -90)))
(1.538 ((-5.999972869 0 0)(0 0 -90)))
(1.539 ((-5.999972869 0 0)(0 0 -90)))
(1.54 ((-5.999972869 0 0)(0 0 -90)))
(1.541 ((-5.999972869 0 0)(0 0 -90)))
(1.542 ((-5.999972869 0 0)(0 0 -90)))
(1.543 ((-5.999972869 0 0)(0 0 -90)))
(1.544 ((-5.999972869 0 0)(0 0 -90)))
(1.545 ((-5.999972869 0 0)(0 0 -90)))
(1.546 ((-5.999972869 0 0)(0 0 -90)))
(1.547 ((-5.999972869 0 0)(0 0 -90)))
(1.548 ((-5.999972869 0 0)(0 0 -90)))
(1.549 ((-5.999972869 0 0)(0 0 -90)))
(1.55 ((-5.999972869 0 0)(0 0 -90)))
(1.551 ((-5.999972869 0 0)(0 0 -90)))
(1.552 ((-5.999972869 0 0)(0 0 -90)))
(1.553 ((-5.999972869 0 0)(0 0 -90)))
(1.554 ((-5.999972869 0 0)(0 0 -90)))
(1.555 ((-5.999972869 0 0)(0 0 -90)))
(1.556 ((-5.999972869 0 0)(0 0 -90)))
(1.557 ((-5.999972869 0 0)(0 0 -90)))
(1.558 ((-5.999972869 0 0)(0 0 -90)))
(1.559 ((-5.999972869 0 0)(0 0 -90)))
(1.56 ((-5.999972869 0 0)(0 0 -90)))
(1.561 ((-5.999972869 0 0)(0 0 -90)))
(1.562 ((-5.999972869 0 0)(0 0 -90)))
(1.563 ((-5.999972869 0 0)(0 0 -90)))
(1.564 ((-5.999972869 0 0)(0 0 -90)))
(1.565 ((-5.999972869 0 0)(0 0 -90)))
(1.566 ((-5.999972869 0 0)(0 0 -90)))
(1.567 ((-5.999972869 0 0)(0 0 -90)))
(1.568 ((-5.999972869 0 0)(0 0 -90)))
(1.569 ((-5.999972869 0 0)(0 0 -90)))
(1.57 ((-5.999972869 0 0)(0 0 -90)))
(1.571 ((-5.999972869 0 0)(0 0 -90)))
(1.572 ((-5.999972869 0 0)(0 0 -90)))
(1.573 ((-5.999972869 0 0)(0 0 -90)))
(1.574 ((-5.999972869 0 0)(0 0 -90)))
(1.575 ((-5.999972869 0 0)(0 0 -90)))
(1.576 ((-5.999972869 0 0)(0 0 -90)))
(1.577 ((-5.999972869 0 0)(0 0 -90)))
(1.578 ((-5.999972869 0 0)(0 0 -90)))
(1.579 ((-5.999972869 0 0)(0 0 -90)))
(1.58 ((-5.999972869 0 0)(0 0 -90)))
(1.581 ((-5.999972869 0 0)(0 0 -90)))
(1.582 ((-5.999972869 0 0)(0 0 -90)))
(1.583 ((-5.999972869 0 0)(0 0 -90)))
(1.584 ((-5.999972869 0 0)(0 0 -90)))
(1.585 ((-5.999972869 0 0)(0 0 -90)))
(1.586 ((-5.999972869 0 0)(0 0 -90)))
(1.587 ((-5.999972869 0 0)(0 0 -90)))
(1.588 ((-5.999972869 0 0)(0 0 -90)))
(1.589 ((-5.999972869 0 0)(0 0 -90)))
(1.59 ((-5.999972869 0 0)(0 0 -90)))
(1.591 ((-5.999972869 0 0)(0 0 -90)))
(1.592 ((-5.999972869 0 0)(0 0 -90)))
(1.593 ((-5.999972869 0 0)(0 0 -90)))
(1.594 ((-5.999972869 0 0)(0 0 -90)))
(1.595 ((-5.999972869 0 0)(0 0 -90)))
(1.596 ((-5.999972869 0 0)(0 0 -90)))
(1.597 ((-5.999972869 0 0)(0 0 -90)))
(1.598 ((-5.999972869 0 0)(0 0 -90)))
(1.599 ((-5.999972869 0 0)(0 0 -90)))
(1.6 ((-5.999972869 0 0)(0 0 -90)))
(1.601 ((-5.999972869 0 0)(0 0 -90)))
(1.602 ((-5.999972869 0 0)(0 0 -90)))
(1.603 ((-5.999972869 0 0)(0 0 -90)))
(1.604 ((-5.999972869 0 0)(0 0 -90)))
(1.605 ((-5.999972869 0 0)(0 0 -90)))
(1.606 ((-5.999972869 0 0)(0 0 -90)))
(1.607 ((-5.999972869 0 0)(0 0 -90)))
(1.608 ((-5.999972869 0 0)(0 0 -90)))
(1.609 ((-5.999972869 0 0)(0 0 -90)))
(1.61 ((-5.999972869 0 0)(0 0 -90)))
(1.611 ((-5.999972869 0 0)(0 0 -90)))
(1.612 ((-5.999972869 0 0)(0 0 -90)))
(1.613 ((-5.999972869 0 0)(0 0 -90)))
(1.614 ((-5.999972869 0 0)(0 0 -90)))
(1.615 ((-5.999972869 0 0)(0 0 -90)))
(1.616 ((-5.999972869 0 0)(0 0 -90)))
(1.617 ((-5.999972869 0 0)(0 0 -90)))
(1.618 ((-5.999972869 0 0)(0 0 -90)))
(1.619 ((-5.999972869 0 0)(0 0 -90)))
(1.62 ((-5.999972869 0 0)(0 0 -90)))
(1.621 ((-5.999972869 0 0)(0 0 -90)))
(1.622 ((-5.999972869 0 0)(0 0 -90)))
(1.623 ((-5.999972869 0 0)(0 0 -90)))
(1.624 ((-5.999972869 0 0)(0 0 -90)))
(1.625 ((-5.999972869 0 0)(0 0 -90)))
(1.626 ((-5.999972869 0 0)(0 0 -90)))
(1.627 ((-5.999972869 0 0)(0 0 -90)))
(1.628 ((-5.999972869 0 0)(0 0 -90)))
(1.629 ((-5.999972869 0 0)(0 0 -90)))
(1.63 ((-5.999972869 0 0)(0 0 -90)))
(1.631 ((-5.999972869 0 0)(0 0 -90)))
(1.632 ((-5.999972869 0 0)(0 0 -90)))
(1.633 ((-5.999972869 0 0)(0 0 -90)))
(1.634 ((-5.999972869 0 0)(0 0 -90)))
(1.635 ((-5.999972869 0 0)(0 0 -90)))
(1.636 ((-5.999972869 0 0)(0 0 -90)))
(1.637 ((-5.999972869 0 0)(0 0 -90)))
(1.638 ((-5.999972869 0 0)(0 0 -90)))
(1.639 ((-5.999972869 0 0)(0 0 -90)))
(1.64 ((-5.999972869 0 0)(0 0 -90)))
(1.641 ((-5.999972869 0 0)(0 0 -90)))
(1.642 ((-5.999972869 0 0)(0 0 -90)))
(1.643 ((-5.999972869 0 0)(0 0 -90)))
(1.644 ((-5.999972869 0 0)(0 0 -90)))
(1.645 ((-5.999972869 0 0)(0 0 -90)))
(1.646 ((-5.999972869 0 0)(0 0 -90)))
(1.647 ((-5.999972869 0 0)(0 0 -90)))
(1.648 ((-5.999972869 0 0)(0 0 -90)))
(1.649 ((-5.999972869 0 0)(0 0 -90)))
(1.65 ((-5.999972869 0 0)(0 0 -90)))
(1.651 ((-5.999972869 0 0)(0 0 -90)))
(1.652 ((-5.999972869 0 0)(0 0 -90)))
(1.653 ((-5.999972869 0 0)(0 0 -90)))
(1.654 ((-5.999972869 0 0)(0 0 -90)))
(1.655 ((-5.999972869 0 0)(0 0 -90)))
(1.656 ((-5.999972869 0 0)(0 0 -90)))
(1.657 ((-5.999972869 0 0)(0 0 -90)))
(1.658 ((-5.999972869 0 0)(0 0 -90)))
(1.659 ((-5.999972869 0 0)(0 0 -90)))
(1.66 ((-5.999972869 0 0)(0 0 -90)))
(1.661 ((-5.999972869 0 0)(0 0 -90)))
(1.662 ((-5.999972869 0 0)(0 0 -90)))
(1.663 ((-5.999972869 0 0)(0 0 -90)))
(1.664 ((-5.999972869 0 0)(0 0 -90)))
(1.665 ((-5.999972869 0 0)(0 0 -90)))
(1.666 ((-5.999972869 0 0)(0 0 -90)))
(1.667 ((-5.999972869 0 0)(0 0 -90)))
(1.668 ((-5.999972869 0 0)(0 0 -90)))
(1.669 ((-5.999972869 0 0)(0 0 -90)))
(1.67 ((-5.999972869 0 0)(0 0 -90)))
(1.671 ((-5.999972869 0 0)(0 0 -90)))
(1.672 ((-5.999972869 0 0)(0 0 -90)))
(1.673 ((-5.999972869 0 0)(0 0 -90)))
(1.674 ((-5.999972869 0 0)(0 0 -90)))
(1.675 ((-5.999972869 0 0)(0 0 -90)))
(1.676 ((-5.999972869 0 0)(0 0 -90)))
(1.677 ((-5.999972869 0 0)(0 0 -90)))
(1.678 ((-5.999972869 0 0)(0 0 -90)))
(1.679 ((-5.999972869 0 0)(0 0 -90)))
(1.68 ((-5.999972869 0 0)(0 0 -90)))
(1.681 ((-5.999972869 0 0)(0 0 -90)))
(1.682 ((-5.999972869 0 0)(0 0 -90)))
(1.683 ((-5.999972869 0 0)(0 0 -90)))
(1.684 ((-5.999972869 0 0)(0 0 -90)))
(1.685 ((-5.999972869 0 0)(0 0 -90)))
(1.686 ((-5.999972869 0 0)(0 0 -90)))
(1.687 ((-5.999972869 0 0)(0 0 -90)))
(1.688 ((-5.999972869 0 0)(0 0 -90)))
(1.689 ((-5.999972869 0 0)(0 0 -90)))
(1.69 ((-5.999972869 0 0)(0 0 -90)))
(1.691 ((-5.999972869 0 0)(0 0 -90)))
(1.692 ((-5.999972869 0 0)(0 0 -90)))
(1.693 ((-5.999972869 0 0)(0 0 -90)))
(1.694 ((-5.999972869 0 0)(0 0 -90)))
(1.695 ((-5.999972869 0 0)(0 0 -90)))
(1.696 ((-5.999972869 0 0)(0 0 -90)))
(1.697 ((-5.999972869 0 0)(0 0 -90)))
(1.698 ((-5.999972869 0 0)(0 0 -90)))
(1.699 ((-5.999972869 0 0)(0 0 -90)))
(1.7 ((-5.999972869 0 0)(0 0 -90)))
(1.701 ((-5.999972869 0 0)(0 0 -90)))
(1.702 ((-5.999972869 0 0)(0 0 -90)))
(1.703 ((-5.999972869 0 0)(0 0 -90)))
(1.704 ((-5.999972869 0 0)(0 0 -90)))
(1.705 ((-5.999972869 0 0)(0 0 -90)))
(1.706 ((-5.999972869 0 0)(0 0 -90)))
(1.707 ((-5.999972869 0 0)(0 0 -90)))
(1.708 ((-5.999972869 0 0)(0 0 -90)))
(1.709 ((-5.999972869 0 0)(0 0 -90)))
(1.71 ((-5.999972869 0 0)(0 0 -90)))
(1.711 ((-5.999972869 0 0)(0 0 -90)))
(1.712 ((-5.999972869 0 0)(0 0 -90)))
(1.713 ((-5.999972869 0 0)(0 0 -90)))
(1.714 ((-5.999972869 0 0)(0 0 -90)))
(1.715 ((-5.999972869 0 0)(0 0 -90)))
(1.716 ((-5.999972869 0 0)(0 0 -90)))
(1.717 ((-5.999972869 0 0)(0 0 -90)))
(1.718 ((-5.999972869 0 0)(0 0 -90)))
(1.719 ((-5.999972869 0 0)(0 0 -90)))
(1.72 ((-5.999972869 0 0)(0 0 -90)))
(1.721 ((-5.999972869 0 0)(0 0 -90)))
(1.722 ((-5.999972869 0 0)(0 0 -90)))
(1.723 ((-5.999972869 0 0)(0 0 -90)))
(1.724 ((-5.999972869 0 0)(0 0 -90)))
(1.725 ((-5.999972869 0 0)(0 0 -90)))
(1.726 ((-5.999972869 0 0)(0 0 -90)))
(1.727 ((-5.999972869 0 0)(0 0 -90)))
(1.728 ((-5.999972869 0 0)(0 0 -90)))
(1.729 ((-5.999972869 0 0)(0 0 -90)))
(1.73 ((-5.999972869 0 0)(0 0 -90)))
(1.731 ((-5.999972869 0 0)(0 0 -90)))
(1.732 ((-5.999972869 0 0)(0 0 -90)))
(1.733 ((-5.999972869 0 0)(0 0 -90)))
(1.734 ((-5.999972869 0 0)(0 0 -90)))
(1.735 ((-5.999972869 0 0)(0 0 -90)))
(1.736 ((-5.999972869 0 0)(0 0 -90)))
(1.737 ((-5.999972869 0 0)(0 0 -90)))
(1.738 ((-5.999972869 0 0)(0 0 -90)))
(1.739 ((-5.999972869 0 0)(0 0 -90)))
(1.74 ((-5.999972869 0 0)(0 0 -90)))
(1.741 ((-5.999972869 0 0)(0 0 -90)))
(1.742 ((-5.999972869 0 0)(0 0 -90)))
(1.743 ((-5.999972869 0 0)(0 0 -90)))
(1.744 ((-5.999972869 0 0)(0 0 -90)))
(1.745 ((-5.999972869 0 0)(0 0 -90)))
(1.746 ((-5.999972869 0 0)(0 0 -90)))
(1.747 ((-5.999972869 0 0)(0 0 -90)))
(1.748 ((-5.999972869 0 0)(0 0 -90)))
(1.749 ((-5.999972869 0 0)(0 0 -90)))
(1.75 ((-5.999972869 0 0)(0 0 -90)))
(1.751 ((-5.999972869 0 0)(0 0 -90)))
(1.752 ((-5.999972869 0 0)(0 0 -90)))
(1.753 ((-5.999972869 0 0)(0 0 -90)))
(1.754 ((-5.999972869 0 0)(0 0 -90)))
(1.755 ((-5.999972869 0 0)(0 0 -90)))
(1.756 ((-5.999972869 0 0)(0 0 -90)))
(1.757 ((-5.999972869 0 0)(0 0 -90)))
(1.758 ((-5.999972869 0 0)(0 0 -90)))
(1.759 ((-5.999972869 0 0)(0 0 -90)))
(1.76 ((-5.999972869 0 0)(0 0 -90)))
(1.761 ((-5.999972869 0 0)(0 0 -90)))
(1.762 ((-5.999972869 0 0)(0 0 -90)))
(1.763 ((-5.999972869 0 0)(0 0 -90)))
(1.764 ((-5.999972869 0 0)(0 0 -90)))
(1.765 ((-5.999972869 0 0)(0 0 -90)))
(1.766 ((-5.999972869 0 0)(0 0 -90)))
(1.767 ((-5.999972869 0 0)(0 0 -90)))
(1.768 ((-5.999972869 0 0)(0 0 -90)))
(1.769 ((-5.999972869 0 0)(0 0 -90)))
(1.77 ((-5.999972869 0 0)(0 0 -90)))
(1.771 ((-5.999972869 0 0)(0 0 -90)))
(1.772 ((-5.999972869 0 0)(0 0 -90)))
(1.773 ((-5.999972869 0 0)(0 0 -90)))
(1.774 ((-5.999972869 0 0)(0 0 -90)))
(1.775 ((-5.999972869 0 0)(0 0 -90)))
(1.776 ((-5.999972869 0 0)(0 0 -90)))
(1.777 ((-5.999972869 0 0)(0 0 -90)))
(1.778 ((-5.999972869 0 0)(0 0 -90)))
(1.779 ((-5.999972869 0 0)(0 0 -90)))
(1.78 ((-5.999972869 0 0)(0 0 -90)))
(1.781 ((-5.999972869 0 0)(0 0 -90)))
(1.782 ((-5.999972869 0 0)(0 0 -90)))
(1.783 ((-5.999972869 0 0)(0 0 -90)))
(1.784 ((-5.999972869 0 0)(0 0 -90)))
(1.785 ((-5.999972869 0 0)(0 0 -90)))
(1.786 ((-5.999972869 0 0)(0 0 -90)))
(1.787 ((-5.999972869 0 0)(0 0 -90)))
(1.788 ((-5.999972869 0 0)(0 0 -90)))
(1.789 ((-5.999972869 0 0)(0 0 -90)))
(1.79 ((-5.999972869 0 0)(0 0 -90)))
(1.791 ((-5.999972869 0 0)(0 0 -90)))
(1.792 ((-5.999972869 0 0)(0 0 -90)))
(1.793 ((-5.999972869 0 0)(0 0 -90)))
(1.794 ((-5.999972869 0 0)(0 0 -90)))
(1.795 ((-5.999972869 0 0)(0 0 -90)))
(1.796 ((-5.999972869 0 0)(0 0 -90)))
(1.797 ((-5.999972869 0 0)(0 0 -90)))
(1.798 ((-5.999972869 0 0)(0 0 -90)))
(1.799 ((-5.999972869 0 0)(0 0 -90)))
(1.8 ((-5.999972869 0 0)(0 0 -90)))
(1.801 ((-5.999972869 0 0)(0 0 -90)))
(1.802 ((-5.999972869 0 0)(0 0 -90)))
(1.803 ((-5.999972869 0 0)(0 0 -90)))
(1.804 ((-5.999972869 0 0)(0 0 -90)))
(1.805 ((-5.999972869 0 0)(0 0 -90)))
(1.806 ((-5.999972869 0 0)(0 0 -90)))
(1.807 ((-5.999972869 0 0)(0 0 -90)))
(1.808 ((-5.999972869 0 0)(0 0 -90)))
(1.809 ((-5.999972869 0 0)(0 0 -90)))
(1.81 ((-5.999972869 0 0)(0 0 -90)))
(1.811 ((-5.999972869 0 0)(0 0 -90)))
(1.812 ((-5.999972869 0 0)(0 0 -90)))
(1.813 ((-5.999972869 0 0)(0 0 -90)))
(1.814 ((-5.999972869 0 0)(0 0 -90)))
(1.815 ((-5.999972869 0 0)(0 0 -90)))
(1.816 ((-5.999972869 0 0)(0 0 -90)))
(1.817 ((-5.999972869 0 0)(0 0 -90)))
(1.818 ((-5.999972869 0 0)(0 0 -90)))
(1.819 ((-5.999972869 0 0)(0 0 -90)))
(1.82 ((-5.999972869 0 0)(0 0 -90)))
(1.821 ((-5.999972869 0 0)(0 0 -90)))
(1.822 ((-5.999972869 0 0)(0 0 -90)))
(1.823 ((-5.999972869 0 0)(0 0 -90)))
(1.824 ((-5.999972869 0 0)(0 0 -90)))
(1.825 ((-5.999972869 0 0)(0 0 -90)))
(1.826 ((-5.999972869 0 0)(0 0 -90)))
(1.827 ((-5.999972869 0 0)(0 0 -90)))
(1.828 ((-5.999972869 0 0)(0 0 -90)))
(1.829 ((-5.999972869 0 0)(0 0 -90)))
(1.83 ((-5.999972869 0 0)(0 0 -90)))
(1.831 ((-5.999972869 0 0)(0 0 -90)))
(1.832 ((-5.999972869 0 0)(0 0 -90)))
(1.833 ((-5.999972869 0 0)(0 0 -90)))
(1.834 ((-5.999972869 0 0)(0 0 -90)))
(1.835 ((-5.999972869 0 0)(0 0 -90)))
(1.836 ((-5.999972869 0 0)(0 0 -90)))
(1.837 ((-5.999972869 0 0)(0 0 -90)))
(1.838 ((-5.999972869 0 0)(0 0 -90)))
(1.839 ((-5.999972869 0 0)(0 0 -90)))
(1.84 ((-5.999972869 0 0)(0 0 -90)))
(1.841 ((-5.999972869 0 0)(0 0 -90)))
(1.842 ((-5.999972869 0 0)(0 0 -90)))
(1.843 ((-5.999972869 0 0)(0 0 -90)))
(1.844 ((-5.999972869 0 0)(0 0 -90)))
(1.845 ((-5.999972869 0 0)(0 0 -90)))
(1.846 ((-5.999972869 0 0)(0 0 -90)))
(1.847 ((-5.999972869 0 0)(0 0 -90)))
(1.848 ((-5.999972869 0 0)(0 0 -90)))
(1.849 ((-5.999972869 0 0)(0 0 -90)))
(1.85 ((-5.999972869 0 0)(0 0 -90)))
(1.851 ((-5.999972869 0 0)(0 0 -90)))
(1.852 ((-5.999972869 0 0)(0 0 -90)))
(1.853 ((-5.999972869 0 0)(0 0 -90)))
(1.854 ((-5.999972869 0 0)(0 0 -90)))
(1.855 ((-5.999972869 0 0)(0 0 -90)))
(1.856 ((-5.999972869 0 0)(0 0 -90)))
(1.857 ((-5.999972869 0 0)(0 0 -90)))
(1.858 ((-5.999972869 0 0)(0 0 -90)))
(1.859 ((-5.999972869 0 0)(0 0 -90)))
(1.86 ((-5.999972869 0 0)(0 0 -90)))
(1.861 ((-5.999972869 0 0)(0 0 -90)))
(1.862 ((-5.999972869 0 0)(0 0 -90)))
(1.863 ((-5.999972869 0 0)(0 0 -90)))
(1.864 ((-5.999972869 0 0)(0 0 -90)))
(1.865 ((-5.999972869 0 0)(0 0 -90)))
(1.866 ((-5.999972869 0 0)(0 0 -90)))
(1.867 ((-5.999972869 0 0)(0 0 -90)))
(1.868 ((-5.999972869 0 0)(0 0 -90)))
(1.869 ((-5.999972869 0 0)(0 0 -90)))
(1.87 ((-5.999972869 0 0)(0 0 -90)))
(1.871 ((-5.999972869 0 0)(0 0 -90)))
(1.872 ((-5.999972869 0 0)(0 0 -90)))
(1.873 ((-5.999972869 0 0)(0 0 -90)))
(1.874 ((-5.999972869 0 0)(0 0 -90)))
(1.875 ((-5.999972869 0 0)(0 0 -90)))
(1.876 ((-5.999972869 0 0)(0 0 -90)))
(1.877 ((-5.999972869 0 0)(0 0 -90)))
(1.878 ((-5.999972869 0 0)(0 0 -90)))
(1.879 ((-5.999972869 0 0)(0 0 -90)))
(1.88 ((-5.999972869 0 0)(0 0 -90)))
(1.881 ((-5.999972869 0 0)(0 0 -90)))
(1.882 ((-5.999972869 0 0)(0 0 -90)))
(1.883 ((-5.999972869 0 0)(0 0 -90)))
(1.884 ((-5.999972869 0 0)(0 0 -90)))
(1.885 ((-5.999972869 0 0)(0 0 -90)))
(1.886 ((-5.999972869 0 0)(0 0 -90)))
(1.887 ((-5.999972869 0 0)(0 0 -90)))
(1.888 ((-5.999972869 0 0)(0 0 -90)))
(1.889 ((-5.999972869 0 0)(0 0 -90)))
(1.89 ((-5.999972869 0 0)(0 0 -90)))
(1.891 ((-5.999972869 0 0)(0 0 -90)))
(1.892 ((-5.999972869 0 0)(0 0 -90)))
(1.893 ((-5.999972869 0 0)(0 0 -90)))
(1.894 ((-5.999972869 0 0)(0 0 -90)))
(1.895 ((-5.999972869 0 0)(0 0 -90)))
(1.896 ((-5.999972869 0 0)(0 0 -90)))
(1.897 ((-5.999972869 0 0)(0 0 -90)))
(1.898 ((-5.999972869 0 0)(0 0 -90)))
(1.899 ((-5.999972869 0 0)(0 0 -90)))
(1.9 ((-5.999972869 0 0)(0 0 -90)))
(1.901 ((-5.999972869 0 0)(0 0 -90)))
(1.902 ((-5.999972869 0 0)(0 0 -90)))
(1.903 ((-5.999972869 0 0)(0 0 -90)))
(1.904 ((-5.999972869 0 0)(0 0 -90)))
(1.905 ((-5.999972869 0 0)(0 0 -90)))
(1.906 ((-5.999972869 0 0)(0 0 -90)))
(1.907 ((-5.999972869 0 0)(0 0 -90)))
(1.908 ((-5.999972869 0 0)(0 0 -90)))
(1.909 ((-5.999972869 0 0)(0 0 -90)))
(1.91 ((-5.999972869 0 0)(0 0 -90)))
(1.911 ((-5.999972869 0 0)(0 0 -90)))
(1.912 ((-5.999972869 0 0)(0 0 -90)))
(1.913 ((-5.999972869 0 0)(0 0 -90)))
(1.914 ((-5.999972869 0 0)(0 0 -90)))
(1.915 ((-5.999972869 0 0)(0 0 -90)))
(1.916 ((-5.999972869 0 0)(0 0 -90)))
(1.917 ((-5.999972869 0 0)(0 0 -90)))
(1.918 ((-5.999972869 0 0)(0 0 -90)))
(1.919 ((-5.999972869 0 0)(0 0 -90)))
(1.92 ((-5.999972869 0 0)(0 0 -90)))
(1.921 ((-5.999972869 0 0)(0 0 -90)))
(1.922 ((-5.999972869 0 0)(0 0 -90)))
(1.923 ((-5.999972869 0 0)(0 0 -90)))
(1.924 ((-5.999972869 0 0)(0 0 -90)))
(1.925 ((-5.999972869 0 0)(0 0 -90)))
(1.926 ((-5.999972869 0 0)(0 0 -90)))
(1.927 ((-5.999972869 0 0)(0 0 -90)))
(1.928 ((-5.999972869 0 0)(0 0 -90)))
(1.929 ((-5.999972869 0 0)(0 0 -90)))
(1.93 ((-5.999972869 0 0)(0 0 -90)))
(1.931 ((-5.999972869 0 0)(0 0 -90)))
(1.932 ((-5.999972869 0 0)(0 0 -90)))
(1.933 ((-5.999972869 0 0)(0 0 -90)))
(1.934 ((-5.999972869 0 0)(0 0 -90)))
(1.935 ((-5.999972869 0 0)(0 0 -90)))
(1.936 ((-5.999972869 0 0)(0 0 -90)))
(1.937 ((-5.999972869 0 0)(0 0 -90)))
(1.938 ((-5.999972869 0 0)(0 0 -90)))
(1.939 ((-5.999972869 0 0)(0 0 -90)))
(1.94 ((-5.999972869 0 0)(0 0 -90)))
(1.941 ((-5.999972869 0 0)(0 0 -90)))
(1.942 ((-5.999972869 0 0)(0 0 -90)))
(1.943 ((-5.999972869 0 0)(0 0 -90)))
(1.944 ((-5.999972869 0 0)(0 0 -90)))
(1.945 ((-5.999972869 0 0)(0 0 -90)))
(1.946 ((-5.999972869 0 0)(0 0 -90)))
(1.947 ((-5.999972869 0 0)(0 0 -90)))
(1.948 ((-5.999972869 0 0)(0 0 -90)))
(1.949 ((-5.999972869 0 0)(0 0 -90)))
(1.95 ((-5.999972869 0 0)(0 0 -90)))
(1.951 ((-5.999972869 0 0)(0 0 -90)))
(1.952 ((-5.999972869 0 0)(0 0 -90)))
(1.953 ((-5.999972869 0 0)(0 0 -90)))
(1.954 ((-5.999972869 0 0)(0 0 -90)))
(1.955 ((-5.999972869 0 0)(0 0 -90)))
(1.956 ((-5.999972869 0 0)(0 0 -90)))
(1.957 ((-5.999972869 0 0)(0 0 -90)))
(1.958 ((-5.999972869 0 0)(0 0 -90)))
(1.959 ((-5.999972869 0 0)(0 0 -90)))
(1.96 ((-5.999972869 0 0)(0 0 -90)))
(1.961 ((-5.999972869 0 0)(0 0 -90)))
(1.962 ((-5.999972869 0 0)(0 0 -90)))
(1.963 ((-5.999972869 0 0)(0 0 -90)))
(1.964 ((-5.999972869 0 0)(0 0 -90)))
(1.965 ((-5.999972869 0 0)(0 0 -90)))
(1.966 ((-5.999972869 0 0)(0 0 -90)))
(1.967 ((-5.999972869 0 0)(0 0 -90)))
(1.968 ((-5.999972869 0 0)(0 0 -90)))
(1.969 ((-5.999972869 0 0)(0 0 -90)))
(1.97 ((-5.999972869 0 0)(0 0 -90)))
(1.971 ((-5.999972869 0 0)(0 0 -90)))
(1.972 ((-5.999972869 0 0)(0 0 -90)))
(1.973 ((-5.999972869 0 0)(0 0 -90)))
(1.974 ((-5.999972869 0 0)(0 0 -90)))
(1.975 ((-5.999972869 0 0)(0 0 -90)))
(1.976 ((-5.999972869 0 0)(0 0 -90)))
(1.977 ((-5.999972869 0 0)(0 0 -90)))
(1.978 ((-5.999972869 0 0)(0 0 -90)))
(1.979 ((-5.999972869 0 0)(0 0 -90)))
(1.98 ((-5.999972869 0 0)(0 0 -90)))
(1.981 ((-5.999972869 0 0)(0 0 -90)))
(1.982 ((-5.999972869 0 0)(0 0 -90)))
(1.983 ((-5.999972869 0 0)(0 0 -90)))
(1.984 ((-5.999972869 0 0)(0 0 -90)))
(1.985 ((-5.999972869 0 0)(0 0 -90)))
(1.986 ((-5.999972869 0 0)(0 0 -90)))
(1.987 ((-5.999972869 0 0)(0 0 -90)))
(1.988 ((-5.999972869 0 0)(0 0 -90)))
(1.989 ((-5.999972869 0 0)(0 0 -90)))
(1.99 ((-5.999972869 0 0)(0 0 -90)))
(1.991 ((-5.999972869 0 0)(0 0 -90)))
(1.992 ((-5.999972869 0 0)(0 0 -90)))
(1.993 ((-5.999972869 0 0)(0 0 -90)))
(1.994 ((-5.999972869 0 0)(0 0 -90)))
(1.995 ((-5.999972869 0 0)(0 0 -90)))
(1.996 ((-5.999972869 0 0)(0 0 -90)))
(1.997 ((-5.999972869 0 0)(0 0 -90)))
(1.998 ((-5.999972869 0 0)(0 0 -90)))
(1.999 ((-5.999972869 0 0)(0 0 -90)))
(2 ((-5.999972869 0 0)(0 0 -90)))
(2.001 ((-5.999972869 0 0)(0 0 -90)))
(2.002 ((-5.999972869 0 0)(0 0 -90)))
(2.003 ((-5.999972869 0 0)(0 0 -90)))
(2.004 ((-5.999972869 0 0)(0 0 -90)))
(2.005 ((-5.999972869 0 0)(0 0 -90)))
(2.006 ((-5.999972869 0 0)(0 0 -90)))
(2.007 ((-5.999972869 0 0)(0 0 -90)))
(2.008 ((-5.999972869 0 0)(0 0 -90)))
(2.009 ((-5.999972869 0 0)(0 0 -90)))
(2.01 ((-5.999972869 0 0)(0 0 -90)))
(2.011 ((-5.999972869 0 0)(0 0 -90)))
(2.012 ((-5.999972869 0 0)(0 0 -90)))
(2.013 ((-5.999972869 0 0)(0 0 -90)))
(2.014 ((-5.999972869 0 0)(0 0 -90)))
(2.015 ((-5.999972869 0 0)(0 0 -90)))
(2.016 ((-5.999972869 0 0)(0 0 -90)))
(2.017 ((-5.999972869 0 0)(0 0 -90)))
(2.018 ((-5.999972869 0 0)(0 0 -90)))
(2.019 ((-5.999972869 0 0)(0 0 -90)))
(2.02 ((-5.999972869 0 0)(0 0 -90)))
(2.021 ((-5.999972869 0 0)(0 0 -90)))
(2.022 ((-5.999972869 0 0)(0 0 -90)))
(2.023 ((-5.999972869 0 0)(0 0 -90)))
(2.024 ((-5.999972869 0 0)(0 0 -90)))
(2.025 ((-5.999972869 0 0)(0 0 -90)))
(2.026 ((-5.999972869 0 0)(0 0 -90)))
(2.027 ((-5.999972869 0 0)(0 0 -90)))
(2.028 ((-5.999972869 0 0)(0 0 -90)))
(2.029 ((-5.999972869 0 0)(0 0 -90)))
(2.03 ((-5.999972869 0 0)(0 0 -90)))
(2.031 ((-5.999972869 0 0)(0 0 -90)))
(2.032 ((-5.999972869 0 0)(0 0 -90)))
(2.033 ((-5.999972869 0 0)(0 0 -90)))
(2.034 ((-5.999972869 0 0)(0 0 -90)))
(2.035 ((-5.999972869 0 0)(0 0 -90)))
(2.036 ((-5.999972869 0 0)(0 0 -90)))
(2.037 ((-5.999972869 0 0)(0 0 -90)))
(2.038 ((-5.999972869 0 0)(0 0 -90)))
(2.039 ((-5.999972869 0 0)(0 0 -90)))
(2.04 ((-5.999972869 0 0)(0 0 -90)))
(2.041 ((-5.999972869 0 0)(0 0 -90)))
(2.042 ((-5.999972869 0 0)(0 0 -90)))
(2.043 ((-5.999972869 0 0)(0 0 -90)))
(2.044 ((-5.999972869 0 0)(0 0 -90)))
(2.045 ((-5.999972869 0 0)(0 0 -90)))
(2.046 ((-5.999972869 0 0)(0 0 -90)))
(2.047 ((-5.999972869 0 0)(0 0 -90)))
(2.048 ((-5.999972869 0 0)(0 0 -90)))
(2.049 ((-5.999972869 0 0)(0 0 -90)))
(2.05 ((-5.999972869 0 0)(0 0 -90)))
(2.051 ((-5.999972869 0 0)(0 0 -90)))
(2.052 ((-5.999972869 0 0)(0 0 -90)))
(2.053 ((-5.999972869 0 0)(0 0 -90)))
(2.054 ((-5.999972869 0 0)(0 0 -90)))
(2.055 ((-5.999972869 0 0)(0 0 -90)))
(2.056 ((-5.999972869 0 0)(0 0 -90)))
(2.057 ((-5.999972869 0 0)(0 0 -90)))
(2.058 ((-5.999972869 0 0)(0 0 -90)))
(2.059 ((-5.999972869 0 0)(0 0 -90)))
(2.06 ((-5.999972869 0 0)(0 0 -90)))
(2.061 ((-5.999972869 0 0)(0 0 -90)))
(2.062 ((-5.999972869 0 0)(0 0 -90)))
(2.063 ((-5.999972869 0 0)(0 0 -90)))
(2.064 ((-5.999972869 0 0)(0 0 -90)))
(2.065 ((-5.999972869 0 0)(0 0 -90)))
(2.066 ((-5.999972869 0 0)(0 0 -90)))
(2.067 ((-5.999972869 0 0)(0 0 -90)))
(2.068 ((-5.999972869 0 0)(0 0 -90)))
(2.069 ((-5.999972869 0 0)(0 0 -90)))
(2.07 ((-5.999972869 0 0)(0 0 -90)))
(2.071 ((-5.999972869 0 0)(0 0 -90)))
(2.072 ((-5.999972869 0 0)(0 0 -90)))
(2.073 ((-5.999972869 0 0)(0 0 -90)))
(2.074 ((-5.999972869 0 0)(0 0 -90)))
(2.075 ((-5.999972869 0 0)(0 0 -90)))
(2.076 ((-5.999972869 0 0)(0 0 -90)))
(2.077 ((-5.999972869 0 0)(0 0 -90)))
(2.078 ((-5.999972869 0 0)(0 0 -90)))
(2.079 ((-5.999972869 0 0)(0 0 -90)))
(2.08 ((-5.999972869 0 0)(0 0 -90)))
(2.081 ((-5.999972869 0 0)(0 0 -90)))
(2.082 ((-5.999972869 0 0)(0 0 -90)))
(2.083 ((-5.999972869 0 0)(0 0 -90)))
(2.084 ((-5.999972869 0 0)(0 0 -90)))
(2.085 ((-5.999972869 0 0)(0 0 -90)))
(2.086 ((-5.999972869 0 0)(0 0 -90)))
(2.087 ((-5.999972869 0 0)(0 0 -90)))
(2.088 ((-5.999972869 0 0)(0 0 -90)))
(2.089 ((-5.999972869 0 0)(0 0 -90)))
(2.09 ((-5.999972869 0 0)(0 0 -90)))
(2.091 ((-5.999972869 0 0)(0 0 -90)))
(2.092 ((-5.999972869 0 0)(0 0 -90)))
(2.093 ((-5.999972869 0 0)(0 0 -90)))
(2.094 ((-5.999972869 0 0)(0 0 -90)))
(2.095 ((-5.999972869 0 0)(0 0 -90)))
(2.096 ((-5.999972869 0 0)(0 0 -90)))
(2.097 ((-5.999972869 0 0)(0 0 -90)))
(2.098 ((-5.999972869 0 0)(0 0 -90)))
(2.099 ((-5.999972869 0 0)(0 0 -90)))
)
