2100
(
(0 ((-0 0 0)(0 0 -0)))
(0.001 ((-1.49350603e-06 0 0)(0 0 -1.29810922e-16)))
(0.002 ((-3.313588461e-06 0 0)(0 0 4.930380658e-32)))
(0.003 ((-5.530690251e-06 0 0)(0 0 -6.854922392e-16)))
(0.004 ((-8.229826167e-06 0 0)(0 0 -1.32998841e-15)))
(0.005 ((-1.151350742e-05 0 0)(0 0 -1.323165693e-15)))
(0.006 ((-1.550495952e-05 0 0)(0 0 -7.059603904e-16)))
(0.007 ((-2.03518237e-05 0 0)(0 0 7.504988803e-17)))
(0.008 ((-2.623028474e-05 0 0)(0 0 -7.056017961e-16)))
(0.009 ((-3.334958815e-05 0 0)(0 0 -1.324600071e-15)))
(0.01 ((-4.195683934e-05 0 0)(0 0 -1.324609494e-15)))
(0.011 ((-5.234190919e-05 0 0)(0 0 -7.055735251e-16)))
(0.012 ((-6.484218174e-05 0 0)(0 0 7.494622798e-17)))
(0.013 ((-7.984678221e-05 0 0)(0 0 -7.055740212e-16)))
(0.014 ((-9.77998291e-05 0 0)(0 0 -1.32460751e-15)))
(0.015 ((-0.0001192021831 0 0)(0 0 -1.324607511e-15)))
(0.016 ((-0.0001446111445 0 0)(0 0 -7.05574019e-16)))
(0.017 ((-0.0001746376083 0 0)(0 0 7.494622001e-17)))
(0.018 ((-0.000209940346 0 0)(0 0 -7.055734954e-16)))
(0.019 ((-0.000251217343 0 0)(0 0 -1.324609605e-15)))
(0.02 ((-0.000299194461 0 0)(0 0 -1.324599657e-15)))
(0.021 ((-0.0003546120552 0 0)(0 0 -7.056033392e-16)))
(0.022 ((-0.0004182104807 0 0)(0 0 7.505564694e-17)))
(0.023 ((-0.0004907155994 0 0)(0 0 -7.05981883e-16)))
(0.024 ((-0.0005728253965 0 0)(0 0 -1.323085482e-15)))
(0.025 ((-0.0006651986436 0 0)(0 0 -1.330287762e-15)))
(0.026 ((-0.0007684462357 0 0)(0 0 -6.843750416e-16)))
(0.027 ((-0.0008831254731 0 0)(0 0 -4.169438224e-18)))
(0.028 ((-0.001009737216 0 0)(0 0 -1.142503667e-16)))
(0.029 ((-0.001148725584 0 0)(0 0 -5.807278294e-17)))
(0.03 ((-0.001300479702 0 0)(0 0 -1.727021895e-16)))
(0.031 ((-0.001465336953 0 0)(0 0 5.256973261e-16)))
(0.032 ((-0.001643587209 0 0)(0 0 1.103382876e-15)))
(0.033 ((-0.001835477574 0 0)(0 0 1.64695484e-15)))
(0.034 ((-0.002041217296 0 0)(0 0 2.447695112e-15)))
(0.035 ((-0.002260982557 0 0)(0 0 1.661756792e-15)))
(0.036 ((-0.002494921 0 0)(0 0 1.044175068e-15)))
(0.037 ((-0.002743155851 0 0)(0 0 1.043786081e-15)))
(0.038 ((-0.003005789616 0 0)(0 0 1.662923753e-15)))
(0.039 ((-0.003282907329 0 0)(0 0 2.443416255e-15)))
(0.04 ((-0.003574579364 0 0)(0 0 1.662903309e-15)))
(0.041 ((-0.003880863855 0 0)(0 0 1.043867859e-15)))
(0.042 ((-0.004201808745 0 0)(0 0 1.043868397e-15)))
(0.043 ((-0.004537453525 0 0)(0 0 1.662901697e-15)))
(0.044 ((-0.004887830685 0 0)(0 0 2.443422165e-15)))
(0.045 ((-0.005252966935 0 0)(0 0 1.662901725e-15)))
(0.046 ((-0.005632884217 0 0)(0 0 1.043868284e-15)))
(0.047 ((-0.006027600541 0 0)(0 0 1.043868284e-15)))
(0.048 ((-0.006437130689 0 0)(0 0 1.662901725e-15)))
(0.049 ((-0.006861486783 0 0)(0 0 2.443422165e-15)))
(0.05 ((-0.007300678764 0 0)(0 0 1.662901697e-15)))
(0.051 ((-0.00775471478 0 0)(0 0 1.043868397e-15)))
(0.052 ((-0.00822360151 0 0)(0 0 1.043867859e-15)))
(0.053 ((-0.008707344425 0 0)(0 0 1.662903311e-15)))
(0.054 ((-0.009205948009 0 0)(0 0 2.443416244e-15)))
(0.055 ((-0.009719415934 0 0)(0 0 1.662923792e-15)))
(0.056 ((-0.01024775121 0 0)(0 0 1.043785937e-15)))
(0.057 ((-0.0107909563 0 0)(0 0 1.044175602e-15)))
(0.058 ((-0.01134903321 0 0)(0 0 1.661754798e-15)))
(0.059 ((-0.01192198362 0 0)(0 0 2.447702555e-15)))
(0.06 ((-0.01250980885 0 0)(0 0 1.646927062e-15)))
(0.061 ((-0.01311251003 0 0)(0 0 1.103486544e-15)))
(0.062 ((-0.01373008807 0 0)(0 0 5.253104295e-16)))
(0.063 ((-0.01436254369 0 0)(0 0 -1.712582718e-16)))
(0.064 ((-0.01500987752 0 0)(0 0 -6.346155707e-17)))
(0.065 ((-0.01567209004 0 0)(0 0 -9.413918784e-17)))
(0.066 ((-0.01634918167 0 0)(0 0 -7.922537948e-17)))
(0.067 ((-0.01704115274 0 0)(0 0 -1.082029822e-16)))
(0.068 ((-0.01774800352 0 0)(0 0 -7.206379828e-18)))
(0.069 ((-0.01846973423 0 0)(0 0 -6.782746597e-16)))
(0.07 ((-0.01920634506 0 0)(0 0 -1.351652348e-15)))
(0.071 ((-0.01995783615 0 0)(0 0 -1.24372752e-15)))
(0.072 ((-0.02072420762 0 0)(0 0 -1.298108617e-15)))
(0.073 ((-0.02150545957 0 0)(0 0 -1.188509056e-15)))
(0.074 ((-0.02230159207 0 0)(0 0 -1.868585678e-15)))
(0.075 ((-0.0231126052 0 0)(0 0 -2.514532956e-15)))
(0.076 ((-0.023938499 0 0)(0 0 -2.507321429e-15)))
(0.077 ((-0.0247792735 0 0)(0 0 -1.89022026e-15)))
(0.078 ((-0.02563492874 0 0)(0 0 -1.109182256e-15)))
(0.079 ((-0.02650546474 0 0)(0 0 -1.889840706e-15)))
(0.08 ((-0.02739088149 0 0)(0 0 -2.508839642e-15)))
(0.081 ((-0.02829117902 0 0)(0 0 -2.508839655e-15)))
(0.082 ((-0.02920635731 0 0)(0 0 -1.889840668e-15)))
(0.083 ((-0.03013641636 0 0)(0 0 -1.109182397e-15)))
(0.084 ((-0.03108135614 0 0)(0 0 -1.890219735e-15)))
(0.085 ((-0.03204117663 0 0)(0 0 -2.507323386e-15)))
(0.086 ((-0.03301587779 0 0)(0 0 -2.514525652e-15)))
(0.087 ((-0.03400545957 0 0)(0 0 -1.868612935e-15)))
(0.088 ((-0.0350099219 0 0)(0 0 -1.188407331e-15)))
(0.089 ((-0.03602926472 0 0)(0 0 -1.29848826e-15)))
(0.09 ((-0.03706348791 0 0)(0 0 -1.242310676e-15)))
(0.091 ((-0.03811259137 0 0)(0 0 -1.356940082e-15)))
(0.092 ((-0.03917657495 0 0)(0 0 -6.585405668e-16)))
(0.093 ((-0.04025543845 0 0)(0 0 -8.085501707e-17)))
(0.094 ((-0.04134918167 0 0)(0 0 4.627169472e-16)))
(0.095 ((-0.04245780433 0 0)(0 0 1.263457219e-15)))
(0.096 ((-0.04358130609 0 0)(0 0 4.775188993e-16)))
(0.097 ((-0.04471968655 0 0)(0 0 -1.400628254e-16)))
(0.098 ((-0.04587294521 0 0)(0 0 -1.404518124e-16)))
(0.099 ((-0.04704108146 0 0)(0 0 4.786858604e-16)))
(0.1 ((-0.04822409457 0 0)(0 0 1.259178362e-15)))
(0.101 ((-0.04942198362 0 0)(0 0 4.786654157e-16)))
(0.102 ((-0.0506347475 0 0)(0 0 -1.403700335e-16)))
(0.103 ((-0.05186238487 0 0)(0 0 -1.403694962e-16)))
(0.104 ((-0.05310489407 0 0)(0 0 4.786638038e-16)))
(0.105 ((-0.05436227308 0 0)(0 0 1.259184272e-15)))
(0.106 ((-0.05563451944 0 0)(0 0 4.786638321e-16)))
(0.107 ((-0.05692163014 0 0)(0 0 -1.403696094e-16)))
(0.108 ((-0.05822360151 0 0)(0 0 -1.403696094e-16)))
(0.109 ((-0.05954042907 0 0)(0 0 4.786638321e-16)))
(0.11 ((-0.06087210734 0 0)(0 0 1.259184272e-15)))
(0.111 ((-0.06221862964 0 0)(0 0 4.786638038e-16)))
(0.112 ((-0.06357998783 0 0)(0 0 -1.403694962e-16)))
(0.113 ((-0.06495617197 0 0)(0 0 -1.403700335e-16)))
(0.114 ((-0.06634716993 0 0)(0 0 4.786654157e-16)))
(0.115 ((-0.06775296694 0 0)(0 0 1.259178362e-15)))
(0.116 ((-0.06917354497 0 0)(0 0 4.786858604e-16)))
(0.117 ((-0.0706088821 0 0)(0 0 -1.404518124e-16)))
(0.118 ((-0.0720589516 0 0)(0 0 -1.400628254e-16)))
(0.119 ((-0.073523721 0 0)(0 0 4.775188993e-16)))
(0.12 ((-0.07500315079 0 0)(0 0 1.263457219e-15)))
(0.121 ((-0.07649719304 0 0)(0 0 4.627169472e-16)))
(0.122 ((-0.07800578962 0 0)(0 0 -8.085501707e-17)))
(0.123 ((-0.07952887014 0 0)(0 0 -6.585405668e-16)))
(0.124 ((-0.08106634957 0 0)(0 0 -1.356940082e-15)))
(0.125 ((-0.08261812541 0 0)(0 0 -1.242310676e-15)))
(0.126 ((-0.08418407444 0 0)(0 0 -1.29848826e-15)))
(0.127 ((-0.085764049 0 0)(0 0 -1.188407331e-15)))
(0.128 ((-0.08735787292 0 0)(0 0 -1.868612934e-15)))
(0.129 ((-0.08896533695 0 0)(0 0 -2.514525655e-15)))
(0.13 ((-0.09058619399 0 0)(0 0 -2.507323375e-15)))
(0.131 ((-0.09222015416 0 0)(0 0 -1.890219776e-15)))
(0.132 ((-0.09386688007 0 0)(0 0 -1.109182246e-15)))
(0.133 ((-0.09552598262 0 0)(0 0 -1.889841232e-15)))
(0.134 ((-0.09719701766 0 0)(0 0 -2.50883755e-15)))
(0.135 ((-0.09887948436 0 0)(0 0 -2.508847498e-15)))
(0.136 ((-0.1005728254 0 0)(0 0 -1.889811388e-15)))
(0.137 ((-0.1022764299 0 0)(0 0 -1.109291673e-15)))
(0.138 ((-0.1039896391 0 0)(0 0 -1.889811912e-15)))
(0.139 ((-0.1057117549 0 0)(0 0 -2.508845404e-15)))
(0.14 ((-0.1074420516 0 0)(0 0 -2.508845404e-15)))
(0.141 ((-0.1091797888 0 0)(0 0 -1.889811912e-15)))
(0.142 ((-0.1109242261 0 0)(0 0 -1.109291673e-15)))
(0.143 ((-0.1126746376 0 0)(0 0 -1.889811388e-15)))
(0.144 ((-0.1144303254 0 0)(0 0 -2.508847498e-15)))
(0.145 ((-0.1161906308 0 0)(0 0 -2.50883755e-15)))
(0.146 ((-0.1179549427 0 0)(0 0 -1.889841232e-15)))
(0.147 ((-0.1197227039 0 0)(0 0 -1.109182246e-15)))
(0.148 ((-0.1214934136 0 0)(0 0 -1.890219776e-15)))
(0.149 ((-0.1232666276 0 0)(0 0 -2.507323375e-15)))
(0.15 ((-0.1250419568 0 0)(0 0 -2.514525655e-15)))
(0.151 ((-0.1268190639 0 0)(0 0 -1.868612934e-15)))
(0.152 ((-0.1285976589 0 0)(0 0 -1.188407331e-15)))
(0.153 ((-0.1303774947 0 0)(0 0 -1.29848826e-15)))
(0.154 ((-0.1321583621 0 0)(0 0 -1.242310676e-15)))
(0.155 ((-0.1339400849 0 0)(0 0 -1.356940082e-15)))
(0.156 ((-0.1357225155 0 0)(0 0 -6.585405668e-16)))
(0.157 ((-0.1375055307 0 0)(0 0 -8.085501707e-17)))
(0.158 ((-0.1392890279 0 0)(0 0 4.627169472e-16)))
(0.159 ((-0.1410729221 0 0)(0 0 1.263457219e-15)))
(0.16 ((-0.1428571429 0 0)(0 0 4.775188993e-16)))
(0.161 ((-0.1446416322 0 0)(0 0 -1.400628254e-16)))
(0.162 ((-0.1464263421 0 0)(0 0 -1.404518124e-16)))
(0.163 ((-0.148211233 0 0)(0 0 4.786858603e-16)))
(0.164 ((-0.1499962725 0 0)(0 0 1.259178362e-15)))
(0.165 ((-0.1517814339 0 0)(0 0 4.786654149e-16)))
(0.166 ((-0.1535666952 0 0)(0 0 -1.403700308e-16)))
(0.167 ((-0.1553520384 0 0)(0 0 -1.403695065e-16)))
(0.168 ((-0.1571374487 0 0)(0 0 4.78663842e-16)))
(0.169 ((-0.158922914 0 0)(0 0 1.259184129e-15)))
(0.17 ((-0.1607084244 0 0)(0 0 4.786643643e-16)))
(0.171 ((-0.1624939718 0 0)(0 0 -1.403715956e-16)))
(0.172 ((-0.1642795493 0 0)(0 0 -1.403621966e-16)))
(0.173 ((-0.1660651516 0 0)(0 0 4.786361672e-16)))
(0.174 ((-0.1678507742 0 0)(0 0 1.259287519e-15)))
(0.175 ((-0.1696364134 0 0)(0 0 4.782784815e-16)))
(0.176 ((-0.1714220663 0 0)(0 0 -1.389314537e-16)))
(0.177 ((-0.1732077302 0 0)(0 0 -1.457368813e-16)))
(0.178 ((-0.1749934033 0 0)(0 0 4.986947641e-16)))
(0.179 ((-0.1767790838 0 0)(0 0 1.184427816e-15)))
(0.18 ((-0.1785647705 0 0)(0 0 1.05371817e-15)))
(0.181 ((-0.1803504622 0 0)(0 0 1.186883176e-15)))
(0.182 ((-0.1821361579 0 0)(0 0 4.888733245e-16)))
(0.183 ((-0.1839218571 0 0)(0 0 -1.089064829e-16)))
(0.184 ((-0.1857075589 0 0)(0 0 -5.72491081e-16)))
(0.185 ((-0.1874932631 0 0)(0 0 -1.969146033e-15)))
(0.186 ((-0.189278969 0 0)(0 0 -2.432250037e-15)))
(0.187 ((-0.1910646765 0 0)(0 0 -3.03195222e-15)))
(0.188 ((-0.1928503852 0 0)(0 0 -3.722753163e-15)))
(0.189 ((-0.1946360949 0 0)(0 0 -3.616501415e-15)))
(0.19 ((-0.1964218055 0 0)(0 0 -3.646766937e-15)))
(0.191 ((-0.1982075167 0 0)(0 0 -3.631956597e-15)))
(0.192 ((-0.1999932285 0 0)(0 0 -3.660932434e-15)))
(0.193 ((-0.2017789407 0 0)(0 0 -3.559839426e-15)))
(0.194 ((-0.2035646533 0 0)(0 0 -4.231295096e-15)))
(0.195 ((-0.2053503662 0 0)(0 0 -4.903219631e-15)))
(0.196 ((-0.2071360794 0 0)(0 0 -4.800720024e-15)))
(0.197 ((-0.2089217927 0 0)(0 0 -4.834853392e-15)))
(0.198 ((-0.2107075063 0 0)(0 0 -4.800819528e-15)))
(0.199 ((-0.2124932199 0 0)(0 0 -4.902821616e-15)))
(0.2 ((-0.2142789337 0 0)(0 0 -4.232787653e-15)))
(0.201 ((-0.2160646476 0 0)(0 0 -3.554267212e-15)))
(0.202 ((-0.2178503615 0 0)(0 0 -3.681728732e-15)))
(0.203 ((-0.2196360755 0 0)(0 0 -3.554343621e-15)))
(0.204 ((-0.2214217896 0 0)(0 0 -4.232482018e-15)))
(0.205 ((-0.2232075037 0 0)(0 0 -4.903967748e-15)))
(0.206 ((-0.2249932178 0 0)(0 0 -4.796540635e-15)))
(0.207 ((-0.226778932 0 0)(0 0 -4.85082283e-15)))
(0.208 ((-0.2285646462 0 0)(0 0 -4.741121164e-15)))
(0.209 ((-0.2303503604 0 0)(0 0 -5.421705105e-15)))
(0.21 ((-0.2321360746 0 0)(0 0 -6.065725213e-15)))
(0.211 ((-0.2339217888 0 0)(0 0 -6.065715046e-15)))
(0.212 ((-0.2357075031 0 0)(0 0 -5.421735607e-15)))
(0.213 ((-0.2374932173 0 0)(0 0 -4.741009324e-15)))
(0.214 ((-0.2392789316 0 0)(0 0 -4.85123969e-15)))
(0.215 ((-0.2410646458 0 0)(0 0 -4.794985034e-15)))
(0.216 ((-0.2428503601 0 0)(0 0 -4.909773293e-15)))
(0.217 ((-0.2446360744 0 0)(0 0 -4.21081544e-15)))
(0.218 ((-0.2464217886 0 0)(0 0 -3.635204387e-15)))
(0.219 ((-0.2482075029 0 0)(0 0 -3.083892774e-15)))
(0.22 ((-0.2499932172 0 0)(0 0 -2.3120366e-15)))
(0.221 ((-0.2517789315 0 0)(0 0 -2.990178177e-15)))
(0.222 ((-0.2535646457 0 0)(0 0 -4.306122246e-15)))
(0.223 ((-0.25535036 0 0)(0 0 -4.877512803e-15)))
(0.224 ((-0.2571360743 0 0)(0 0 -4.828720185e-15)))
(0.225 ((-0.2589217886 0 0)(0 0 -4.748559573e-15)))
(0.226 ((-0.2607075029 0 0)(0 0 -5.414054112e-15)))
(0.227 ((-0.2624932172 0 0)(0 0 -6.088890774e-15)))
(0.228 ((-0.2642789314 0 0)(0 0 -5.980703793e-15)))
(0.229 ((-0.2660646457 0 0)(0 0 -6.034674531e-15)))
(0.23 ((-0.26785036 0 0)(0 0 -5.926978561e-15)))
(0.231 ((-0.2696360743 0 0)(0 0 -6.599851176e-15)))
(0.232 ((-0.2714217886 0 0)(0 0 -7.272710889e-15)))
(0.233 ((-0.2732075029 0 0)(0 0 -7.165053629e-15)))
(0.234 ((-0.2749932171 0 0)(0 0 -7.218882428e-15)))
(0.235 ((-0.2767789314 0 0)(0 0 -7.11122449e-15)))
(0.236 ((-0.2785646457 0 0)(0 0 -7.784086916e-15)))
(0.237 ((-0.28035036 0 0)(0 0 -8.456949357e-15)))
(0.238 ((-0.2821360743 0 0)(0 0 -8.349291375e-15)))
(0.239 ((-0.2839217886 0 0)(0 0 -8.403120333e-15)))
(0.24 ((-0.2857075029 0 0)(0 0 -8.295462483e-15)))
(0.241 ((-0.2874932171 0 0)(0 0 -8.968324399e-15)))
(0.242 ((-0.2892789314 0 0)(0 0 -9.641188791e-15)))
(0.243 ((-0.2910646457 0 0)(0 0 -9.533523513e-15)))
(0.244 ((-0.29285036 0 0)(0 0 -9.587379708e-15)))
(0.245 ((-0.2946360743 0 0)(0 0 -9.479620205e-15)))
(0.246 ((-0.2964217886 0 0)(0 0 -1.015286149e-14)))
(0.247 ((-0.2982075029 0 0)(0 0 -1.082431005e-14)))
(0.248 ((-0.2999932171 0 0)(0 0 -1.072192874e-14)))
(0.249 ((-0.3017789314 0 0)(0 0 -1.075606491e-14)))
(0.25 ((-0.3035646457 0 0)(0 0 -1.072190152e-14)))
(0.251 ((-0.30535036 0 0)(0 0 -1.082441891e-14)))
(0.252 ((-0.3071360743 0 0)(0 0 -1.015245329e-14)))
(0.253 ((-0.3089217886 0 0)(0 0 -9.48114418e-15)))
(0.254 ((-0.3107075029 0 0)(0 0 -9.581692016e-15)))
(0.255 ((-0.3124932171 0 0)(0 0 -9.554750305e-15)))
(0.256 ((-0.3142789314 0 0)(0 0 -9.561969314e-15)))
(0.257 ((-0.3160646457 0 0)(0 0 -9.560034987e-15)))
(0.258 ((-0.31785036 0 0)(0 0 -9.560553288e-15)))
(0.259 ((-0.3196360743 0 0)(0 0 -9.56041441e-15)))
(0.26 ((-0.3214217886 0 0)(0 0 -9.560451622e-15)))
(0.261 ((-0.3232075029 0 0)(0 0 -9.560441651e-15)))
(0.262 ((-0.3249932171 0 0)(0 0 -9.560444323e-15)))
(0.263 ((-0.3267789314 0 0)(0 0 -9.560443607e-15)))
(0.264 ((-0.3285646457 0 0)(0 0 -9.560443799e-15)))
(0.265 ((-0.33035036 0 0)(0 0 -9.560443747e-15)))
(0.266 ((-0.3321360743 0 0)(0 0 -9.560443761e-15)))
(0.267 ((-0.3339217886 0 0)(0 0 -9.560443757e-15)))
(0.268 ((-0.3357075029 0 0)(0 0 -9.560443758e-15)))
(0.269 ((-0.3374932171 0 0)(0 0 -9.560443758e-15)))
(0.27 ((-0.3392789314 0 0)(0 0 -9.560443757e-15)))
(0.271 ((-0.3410646457 0 0)(0 0 -9.560443761e-15)))
(0.272 ((-0.34285036 0 0)(0 0 -9.560443747e-15)))
(0.273 ((-0.3446360743 0 0)(0 0 -9.560443799e-15)))
(0.274 ((-0.3464217886 0 0)(0 0 -9.560443607e-15)))
(0.275 ((-0.3482075029 0 0)(0 0 -9.560444322e-15)))
(0.276 ((-0.3499932171 0 0)(0 0 -9.560441653e-15)))
(0.277 ((-0.3517789314 0 0)(0 0 -9.560451615e-15)))
(0.278 ((-0.3535646457 0 0)(0 0 -9.560414436e-15)))
(0.279 ((-0.35535036 0 0)(0 0 -9.560553188e-15)))
(0.28 ((-0.3571360743 0 0)(0 0 -9.56003536e-15)))
(0.281 ((-0.3589217886 0 0)(0 0 -9.561967922e-15)))
(0.282 ((-0.3607075029 0 0)(0 0 -9.554755501e-15)))
(0.283 ((-0.3624932171 0 0)(0 0 -9.581672623e-15)))
(0.284 ((-0.3642789314 0 0)(0 0 -9.481216554e-15)))
(0.285 ((-0.3660646457 0 0)(0 0 -1.015218318e-14)))
(0.286 ((-0.36785036 0 0)(0 0 -1.082542695e-14)))
(0.287 ((-0.3696360743 0 0)(0 0 -1.071813946e-14)))
(0.288 ((-0.3714217886 0 0)(0 0 -1.077010513e-14)))
(0.289 ((-0.3732075029 0 0)(0 0 -1.066952992e-14)))
(0.29 ((-0.3749932171 0 0)(0 0 -1.131592457e-14)))
(0.291 ((-0.3767789314 0 0)(0 0 -1.208757538e-14)))
(0.292 ((-0.3785646457 0 0)(0 0 -1.131517223e-14)))
(0.293 ((-0.38035036 0 0)(0 0 -1.06725393e-14)))
(0.294 ((-0.3821360743 0 0)(0 0 -1.075881996e-14)))
(0.295 ((-0.3839217886 0 0)(0 0 -1.076027077e-14)))
(0.296 ((-0.3857075029 0 0)(0 0 -1.066818688e-14)))
(0.297 ((-0.3874932171 0 0)(0 0 -1.13311311e-14)))
(0.298 ((-0.3892789314 0 0)(0 0 -1.202809231e-14)))
(0.299 ((-0.3910646457 0 0)(0 0 -1.183395746e-14)))
(0.3 ((-0.39285036 0 0)(0 0 -1.25056546e-14)))
(0.301 ((-0.3946360743 0 0)(0 0 -1.326965508e-14)))
(0.302 ((-0.3964217886 0 0)(0 0 -1.250255075e-14)))
(0.303 ((-0.3982075029 0 0)(0 0 -1.184637286e-14)))
(0.304 ((-0.3999932171 0 0)(0 0 -1.198153457e-14)))
(0.305 ((-0.4017789314 0 0)(0 0 -1.165297641e-14)))
(0.306 ((-0.4035646457 0 0)(0 0 -1.120372021e-14)))
(0.307 ((-0.40535036 0 0)(0 0 -1.199703554e-14)))
(0.308 ((-0.4071360743 0 0)(0 0 -1.223362516e-14)))
(0.309 ((-0.4089217886 0 0)(0 0 -1.241833791e-14)))
(0.31 ((-0.4107075029 0 0)(0 0 -1.351531362e-14)))
(0.311 ((-0.4124932171 0 0)(0 0 -1.367964958e-14)))
(0.312 ((-0.4142789314 0 0)(0 0 -1.399774634e-14)))
(0.313 ((-0.4160646457 0 0)(0 0 -1.43373802e-14)))
(0.314 ((-0.41785036 0 0)(0 0 -1.428907511e-14)))
(0.315 ((-0.4196360743 0 0)(0 0 -1.429069134e-14)))
(0.316 ((-0.4214217886 0 0)(0 0 -1.433253149e-14)))
(0.317 ((-0.4232075029 0 0)(0 0 -1.401552493e-14)))
(0.318 ((-0.4249932171 0 0)(0 0 -1.361338394e-14)))
(0.319 ((-0.4267789314 0 0)(0 0 -1.405865707e-14)))
(0.32 ((-0.4285646457 0 0)(0 0 -1.401197317e-14)))
(0.321 ((-0.43035036 0 0)(0 0 -1.390146538e-14)))
(0.322 ((-0.4321360743 0 0)(0 0 -1.468623994e-14)))
(0.323 ((-0.4339217886 0 0)(0 0 -1.461824422e-14)))
(0.324 ((-0.4357075029 0 0)(0 0 -1.425348227e-14)))
(0.325 ((-0.4374932171 0 0)(0 0 -1.430022841e-14)))
(0.326 ((-0.4392789314 0 0)(0 0 -1.432997605e-14)))
(0.327 ((-0.4410646457 0 0)(0 0 -1.401620961e-14)))
(0.328 ((-0.44285036 0 0)(0 0 -1.361320065e-14)))
(0.329 ((-0.4446360743 0 0)(0 0 -1.405870558e-14)))
(0.33 ((-0.4464217886 0 0)(0 0 -1.401196244e-14)))
(0.331 ((-0.4482075029 0 0)(0 0 -1.39014598e-14)))
(0.332 ((-0.4499932171 0 0)(0 0 -1.468627298e-14)))
(0.333 ((-0.4517789314 0 0)(0 0 -1.461811763e-14)))
(0.334 ((-0.4535646457 0 0)(0 0 -1.42539556e-14)))
(0.335 ((-0.45535036 0 0)(0 0 -1.42984617e-14)))
(0.336 ((-0.4571360743 0 0)(0 0 -1.433656958e-14)))
(0.337 ((-0.4589217886 0 0)(0 0 -1.399160221e-14)))
(0.338 ((-0.4607075029 0 0)(0 0 -1.370503673e-14)))
(0.339 ((-0.4624932171 0 0)(0 0 -1.341990919e-14)))
(0.34 ((-0.4642789314 0 0)(0 0 -1.307062798e-14)))
(0.341 ((-0.4660646457 0 0)(0 0 -1.312455326e-14)))
(0.342 ((-0.46785036 0 0)(0 0 -1.311010362e-14)))
(0.343 ((-0.4696360743 0 0)(0 0 -1.311397688e-14)))
(0.344 ((-0.4714217886 0 0)(0 0 -1.311293349e-14)))
(0.345 ((-0.4732075029 0 0)(0 0 -1.311323379e-14)))
(0.346 ((-0.4749932171 0 0)(0 0 -1.311307597e-14)))
(0.347 ((-0.4767789314 0 0)(0 0 -1.311340694e-14)))
(0.348 ((-0.4785646457 0 0)(0 0 -1.31122409e-14)))
(0.349 ((-0.48035036 0 0)(0 0 -1.311657408e-14)))
(0.35 ((-0.4821360743 0 0)(0 0 -1.31004074e-14)))
(0.351 ((-0.4839217886 0 0)(0 0 -1.316074092e-14)))
(0.352 ((-0.4857075029 0 0)(0 0 -1.278754379e-14)))
(0.353 ((-0.4874932171 0 0)(0 0 -1.273970144e-14)))
(0.354 ((-0.4892789314 0 0)(0 0 -1.34522977e-14)))
(0.355 ((-0.4910646457 0 0)(0 0 -1.37583795e-14)))
(0.356 ((-0.49285036 0 0)(0 0 -1.344978314e-14)))
(0.357 ((-0.4946360743 0 0)(0 0 -1.274975968e-14)))
(0.358 ((-0.4964217886 0 0)(0 0 -1.274982542e-14)))
(0.359 ((-0.4982075029 0 0)(0 0 -1.344958591e-14)))
(0.36 ((-0.4999932171 0 0)(0 0 -1.375910267e-14)))
(0.361 ((-0.5017789314 0 0)(0 0 -1.344960226e-14)))
(0.362 ((-0.5035646457 0 0)(0 0 -1.274976003e-14)))
(0.363 ((-0.50535036 0 0)(0 0 -1.275000487e-14)))
(0.364 ((-0.5071360743 0 0)(0 0 -1.344886776e-14)))
(0.365 ((-0.5089217886 0 0)(0 0 -1.376179583e-14)))
(0.366 ((-0.5107075029 0 0)(0 0 -1.343954775e-14)))
(0.367 ((-0.5124932171 0 0)(0 0 -1.278728489e-14)))
(0.368 ((-0.5142789314 0 0)(0 0 -1.246193022e-14)))
(0.369 ((-0.5160646457 0 0)(0 0 -1.278728464e-14)))
(0.37 ((-0.51785036 0 0)(0 0 -1.343954874e-14)))
(0.371 ((-0.5196360743 0 0)(0 0 -1.376179212e-14)))
(0.372 ((-0.5214217886 0 0)(0 0 -1.344888162e-14)))
(0.373 ((-0.5232075029 0 0)(0 0 -1.274995313e-14)))
(0.374 ((-0.5249932171 0 0)(0 0 -1.274995313e-14)))
(0.375 ((-0.5267789314 0 0)(0 0 -1.344888162e-14)))
(0.376 ((-0.5285646457 0 0)(0 0 -1.376179212e-14)))
(0.377 ((-0.53035036 0 0)(0 0 -1.343954874e-14)))
(0.378 ((-0.5321360743 0 0)(0 0 -1.278728464e-14)))
(0.379 ((-0.5339217886 0 0)(0 0 -1.246193022e-14)))
(0.38 ((-0.5357075029 0 0)(0 0 -1.278728489e-14)))
(0.381 ((-0.5374932171 0 0)(0 0 -1.343954775e-14)))
(0.382 ((-0.5392789314 0 0)(0 0 -1.376179583e-14)))
(0.383 ((-0.5410646457 0 0)(0 0 -1.344886775e-14)))
(0.384 ((-0.54285036 0 0)(0 0 -1.275000489e-14)))
(0.385 ((-0.5446360743 0 0)(0 0 -1.274975996e-14)))
(0.386 ((-0.5464217886 0 0)(0 0 -1.344960252e-14)))
(0.387 ((-0.5482075029 0 0)(0 0 -1.375910167e-14)))
(0.388 ((-0.5499932171 0 0)(0 0 -1.344958963e-14)))
(0.389 ((-0.5517789314 0 0)(0 0 -1.274981152e-14)))
(0.39 ((-0.5535646457 0 0)(0 0 -1.274981152e-14)))
(0.391 ((-0.55535036 0 0)(0 0 -1.344958963e-14)))
(0.392 ((-0.5571360743 0 0)(0 0 -1.375910167e-14)))
(0.393 ((-0.5589217886 0 0)(0 0 -1.344960252e-14)))
(0.394 ((-0.5607075029 0 0)(0 0 -1.274975996e-14)))
(0.395 ((-0.5624932171 0 0)(0 0 -1.275000489e-14)))
(0.396 ((-0.5642789314 0 0)(0 0 -1.344886775e-14)))
(0.397 ((-0.5660646457 0 0)(0 0 -1.376179583e-14)))
(0.398 ((-0.56785036 0 0)(0 0 -1.343954775e-14)))
(0.399 ((-0.5696360743 0 0)(0 0 -1.278728489e-14)))
(0.4 ((-0.5714217886 0 0)(0 0 -1.246193022e-14)))
(0.401 ((-0.5732075029 0 0)(0 0 -1.278728464e-14)))
(0.402 ((-0.5749932171 0 0)(0 0 -1.343954874e-14)))
(0.403 ((-0.5767789314 0 0)(0 0 -1.376179211e-14)))
(0.404 ((-0.5785646457 0 0)(0 0 -1.344888162e-14)))
(0.405 ((-0.58035036 0 0)(0 0 -1.274995311e-14)))
(0.406 ((-0.5821360743 0 0)(0 0 -1.274995319e-14)))
(0.407 ((-0.5839217886 0 0)(0 0 -1.34488814e-14)))
(0.408 ((-0.5857075029 0 0)(0 0 -1.376179293e-14)))
(0.409 ((-0.5874932171 0 0)(0 0 -1.343954572e-14)))
(0.41 ((-0.5892789314 0 0)(0 0 -1.278729591e-14)))
(0.411 ((-0.5910646457 0 0)(0 0 -1.246188816e-14)))
(0.412 ((-0.59285036 0 0)(0 0 -1.278744188e-14)))
(0.413 ((-0.5946360743 0 0)(0 0 -1.343896185e-14)))
(0.414 ((-0.5964217886 0 0)(0 0 -1.376398246e-14)))
(0.415 ((-0.5982075029 0 0)(0 0 -1.344070712e-14)))
(0.416 ((-0.5999932171 0 0)(0 0 -1.278046076e-14)))
(0.417 ((-0.6017789314 0 0)(0 0 -1.248806734e-14)))
(0.418 ((-0.6035646457 0 0)(0 0 -1.254153056e-14)))
(0.419 ((-0.60535036 0 0)(0 0 -1.247204136e-14)))
(0.42 ((-0.6071360743 0 0)(0 0 -1.284456467e-14)))
(0.421 ((-0.6089217886 0 0)(0 0 -1.290425801e-14)))
(0.422 ((-0.6107075029 0 0)(0 0 -1.214493161e-14)))
(0.423 ((-0.6124932171 0 0)(0 0 -1.216194915e-14)))
(0.424 ((-0.6142789314 0 0)(0 0 -1.285320538e-14)))
(0.425 ((-0.6160646457 0 0)(0 0 -1.317978736e-14)))
(0.426 ((-0.61785036 0 0)(0 0 -1.281053032e-14)))
(0.427 ((-0.6196360743 0 0)(0 0 -1.248067915e-14)))
(0.428 ((-0.6214217886 0 0)(0 0 -1.254101376e-14)))
(0.429 ((-0.6232075029 0 0)(0 0 -1.248149674e-14)))
(0.43 ((-0.6249932171 0 0)(0 0 -1.280725994e-14)))
(0.431 ((-0.6267789314 0 0)(0 0 -1.319205127e-14)))
(0.432 ((-0.6285646457 0 0)(0 0 -1.280742013e-14)))
(0.433 ((-0.63035036 0 0)(0 0 -1.2480856e-14)))
(0.434 ((-0.6321360743 0 0)(0 0 -1.254341654e-14)))
(0.435 ((-0.6339217886 0 0)(0 0 -1.247170878e-14)))
(0.436 ((-0.6357075029 0 0)(0 0 -1.284400901e-14)))
(0.437 ((-0.6374932171 0 0)(0 0 -1.290681323e-14)))
(0.438 ((-0.6392789314 0 0)(0 0 -1.213526639e-14)))
(0.439 ((-0.6410646457 0 0)(0 0 -1.219805479e-14)))
(0.44 ((-0.64285036 0 0)(0 0 -1.257041829e-14)))
(0.441 ((-0.6446360743 0 0)(0 0 -1.249847325e-14)))
(0.442 ((-0.6464217886 0 0)(0 0 -1.256191966e-14)))
(0.443 ((-0.6482075029 0 0)(0 0 -1.223204932e-14)))
(0.444 ((-0.6499932171 0 0)(0 0 -1.185975717e-14)))
(0.445 ((-0.6517789314 0 0)(0 0 -1.219849874e-14)))
(0.446 ((-0.6535646457 0 0)(0 0 -1.284415171e-14)))
(0.447 ((-0.65535036 0 0)(0 0 -1.317945248e-14)))
(0.448 ((-0.6571360743 0 0)(0 0 -1.282092353e-14)))
(0.449 ((-0.6589217886 0 0)(0 0 -1.24394412e-14)))
(0.45 ((-0.6607075029 0 0)(0 0 -1.284360208e-14)))
(0.451 ((-0.6624932171 0 0)(0 0 -1.308873826e-14)))
(0.452 ((-0.6642789314 0 0)(0 0 -1.34803895e-14)))
(0.453 ((-0.6660646457 0 0)(0 0 -1.314894573e-14)))
(0.454 ((-0.66785036 0 0)(0 0 -1.245474247e-14)))
(0.455 ((-0.6696360743 0 0)(0 0 -1.245437482e-14)))
(0.456 ((-0.6714217886 0 0)(0 0 -1.315004866e-14)))
(0.457 ((-0.6732075029 0 0)(0 0 -1.347634542e-14)))
(0.458 ((-0.6749932171 0 0)(0 0 -1.310381164e-14)))
(0.459 ((-0.6767789314 0 0)(0 0 -1.278735265e-14)))
(0.46 ((-0.6785646457 0 0)(0 0 -1.279739527e-14)))
(0.461 ((-0.68035036 0 0)(0 0 -1.30736838e-14)))
(0.462 ((-0.6821360743 0 0)(0 0 -1.373484391e-14)))
(0.463 ((-0.6839217886 0 0)(0 0 -1.407056913e-14)))
(0.464 ((-0.6857075029 0 0)(0 0 -1.369483523e-14)))
(0.465 ((-0.6874932171 0 0)(0 0 -1.338174825e-14)))
(0.466 ((-0.6892789314 0 0)(0 0 -1.338150298e-14)))
(0.467 ((-0.6910646457 0 0)(0 0 -1.369557102e-14)))
(0.468 ((-0.69285036 0 0)(0 0 -1.406787124e-14)))
(0.469 ((-0.6946360743 0 0)(0 0 -1.374489969e-14)))
(0.47 ((-0.6964217886 0 0)(0 0 -1.303615857e-14)))
(0.471 ((-0.6982075029 0 0)(0 0 -1.308547014e-14)))
(0.472 ((-0.6999932171 0 0)(0 0 -1.344893521e-14)))
(0.473 ((-0.7017789314 0 0)(0 0 -1.342606072e-14)))
(0.474 ((-0.7035646457 0 0)(0 0 -1.315409361e-14)))
(0.475 ((-0.70535036 0 0)(0 0 -1.24884797e-14)))
(0.476 ((-0.7071360743 0 0)(0 0 -1.216624825e-14)))
(0.477 ((-0.7089217886 0 0)(0 0 -1.249246086e-14)))
(0.478 ((-0.7107075029 0 0)(0 0 -1.313816898e-14)))
(0.479 ((-0.7124932171 0 0)(0 0 -1.34857781e-14)))
(0.48 ((-0.7142789314 0 0)(0 0 -1.307796061e-14)))
(0.481 ((-0.7160646457 0 0)(0 0 -1.288132409e-14)))
(0.482 ((-0.71785036 0 0)(0 0 -1.215130108e-14)))
(0.483 ((-0.7196360743 0 0)(0 0 -1.215940518e-14)))
(0.484 ((-0.7214217886 0 0)(0 0 -1.28570118e-14)))
(0.485 ((-0.7232075029 0 0)(0 0 -1.316710568e-14)))
(0.486 ((-0.7249932171 0 0)(0 0 -1.285745063e-14)))
(0.487 ((-0.7267789314 0 0)(0 0 -1.215764984e-14)))
(0.488 ((-0.7285646457 0 0)(0 0 -1.215788357e-14)))
(0.489 ((-0.73035036 0 0)(0 0 -1.285674944e-14)))
(0.49 ((-0.7321360743 0 0)(0 0 -1.316967671e-14)))
(0.491 ((-0.7339217886 0 0)(0 0 -1.284742885e-14)))
(0.492 ((-0.7357075029 0 0)(0 0 -1.219516593e-14)))
(0.493 ((-0.7374932171 0 0)(0 0 -1.186981128e-14)))
(0.494 ((-0.7392789314 0 0)(0 0 -1.219516569e-14)))
(0.495 ((-0.7410646457 0 0)(0 0 -1.28474298e-14)))
(0.496 ((-0.74285036 0 0)(0 0 -1.316967317e-14)))
(0.497 ((-0.7446360743 0 0)(0 0 -1.285676267e-14)))
(0.498 ((-0.7464217886 0 0)(0 0 -1.215783418e-14)))
(0.499 ((-0.7482075029 0 0)(0 0 -1.215783418e-14)))
(0.5 ((-0.7499932171 0 0)(0 0 -1.285676267e-14)))
(0.501 ((-0.7517789314 0 0)(0 0 -1.316967317e-14)))
(0.502 ((-0.7535646457 0 0)(0 0 -1.28474298e-14)))
(0.503 ((-0.75535036 0 0)(0 0 -1.219516569e-14)))
(0.504 ((-0.7571360743 0 0)(0 0 -1.186981128e-14)))
(0.505 ((-0.7589217886 0 0)(0 0 -1.219516594e-14)))
(0.506 ((-0.7607075029 0 0)(0 0 -1.284742881e-14)))
(0.507 ((-0.7624932171 0 0)(0 0 -1.316967688e-14)))
(0.508 ((-0.7642789314 0 0)(0 0 -1.285674881e-14)))
(0.509 ((-0.7660646457 0 0)(0 0 -1.215788594e-14)))
(0.51 ((-0.76785036 0 0)(0 0 -1.215764102e-14)))
(0.511 ((-0.7696360743 0 0)(0 0 -1.285748358e-14)))
(0.512 ((-0.7714217886 0 0)(0 0 -1.316698272e-14)))
(0.513 ((-0.7732075029 0 0)(0 0 -1.285747069e-14)))
(0.514 ((-0.7749932171 0 0)(0 0 -1.215769258e-14)))
(0.515 ((-0.7767789314 0 0)(0 0 -1.215769258e-14)))
(0.516 ((-0.7785646457 0 0)(0 0 -1.285747069e-14)))
(0.517 ((-0.78035036 0 0)(0 0 -1.316698272e-14)))
(0.518 ((-0.7821360743 0 0)(0 0 -1.285748358e-14)))
(0.519 ((-0.7839217886 0 0)(0 0 -1.215764101e-14)))
(0.52 ((-0.7857075029 0 0)(0 0 -1.215788594e-14)))
(0.521 ((-0.7874932171 0 0)(0 0 -1.28567488e-14)))
(0.522 ((-0.7892789314 0 0)(0 0 -1.31696769e-14)))
(0.523 ((-0.7910646457 0 0)(0 0 -1.284742873e-14)))
(0.524 ((-0.79285036 0 0)(0 0 -1.219516622e-14)))
(0.525 ((-0.7946360743 0 0)(0 0 -1.186981022e-14)))
(0.526 ((-0.7964217886 0 0)(0 0 -1.219516965e-14)))
(0.527 ((-0.7982075029 0 0)(0 0 -1.284741504e-14)))
(0.528 ((-0.7999932171 0 0)(0 0 -1.316972825e-14)))
(0.529 ((-0.8017789314 0 0)(0 0 -1.28565571e-14)))
(0.53 ((-0.8035646457 0 0)(0 0 -1.215860138e-14)))
(0.531 ((-0.80535036 0 0)(0 0 -1.215497097e-14)))
(0.532 ((-0.8071360743 0 0)(0 0 -1.286744832e-14)))
(0.533 ((-0.8089217886 0 0)(0 0 -1.312979379e-14)))
(0.534 ((-0.8107075029 0 0)(0 0 -1.31442914e-14)))
(0.535 ((-0.8124932171 0 0)(0 0 -1.282395548e-14)))
(0.536 ((-0.8142789314 0 0)(0 0 -1.246247444e-14)))
(0.537 ((-0.8160646457 0 0)(0 0 -1.274843715e-14)))
(0.538 ((-0.81785036 0 0)(0 0 -1.374242419e-14)))
(0.539 ((-0.8196360743 0 0)(0 0 -1.436549464e-14)))
(0.54 ((-0.8214217886 0 0)(0 0 -1.428390974e-14)))
(0.541 ((-0.8232075029 0 0)(0 0 -1.428323838e-14)))
(0.542 ((-0.8249932171 0 0)(0 0 -1.451553847e-14)))
(0.543 ((-0.8267789314 0 0)(0 0 -1.551139604e-14)))
(0.544 ((-0.8285646457 0 0)(0 0 -1.618064696e-14)))
(0.545 ((-0.83035036 0 0)(0 0 -1.576443993e-14)))
(0.546 ((-0.8321360743 0 0)(0 0 -1.542774948e-14)))
(0.547 ((-0.8339217886 0 0)(0 0 -1.571042094e-14)))
(0.548 ((-0.8357075029 0 0)(0 0 -1.669278241e-14)))
(0.549 ((-0.8374932171 0 0)(0 0 -1.736564636e-14)))
(0.55 ((-0.8392789314 0 0)(0 0 -1.69484833e-14)))
(0.551 ((-0.8410646457 0 0)(0 0 -1.661200397e-14)))
(0.552 ((-0.84285036 0 0)(0 0 -1.6894787e-14)))
(0.553 ((-0.8446360743 0 0)(0 0 -1.787649106e-14)))
(0.554 ((-0.8464217886 0 0)(0 0 -1.855187309e-14)))
(0.555 ((-0.8482075029 0 0)(0 0 -1.812529512e-14)))
(0.556 ((-0.8499932171 0 0)(0 0 -1.782395734e-14)))
(0.557 ((-0.8517789314 0 0)(0 0 -1.78275593e-14)))
(0.558 ((-0.8535646457 0 0)(0 0 -1.811448926e-14)))
(0.559 ((-0.85535036 0 0)(0 0 -1.87395243e-14)))
(0.56 ((-0.8571360743 0 0)(0 0 -1.93571381e-14)))
(0.561 ((-0.8589217886 0 0)(0 0 -1.966633181e-14)))
(0.562 ((-0.8607075029 0 0)(0 0 -1.958830002e-14)))
(0.563 ((-0.8624932171 0 0)(0 0 -1.988729294e-14)))
(0.564 ((-0.8642789314 0 0)(0 0 -2.054570987e-14)))
(0.565 ((-0.8660646457 0 0)(0 0 -2.086970343e-14)))
(0.566 ((-0.86785036 0 0)(0 0 -2.054363936e-14)))
(0.567 ((-0.8696360743 0 0)(0 0 -1.989557498e-14)))
(0.568 ((-0.8714217886 0 0)(0 0 -1.955724237e-14)))
(0.569 ((-0.8732075029 0 0)(0 0 -1.993031011e-14)))
(0.57 ((-0.8749932171 0 0)(0 0 -2.025666911e-14)))
(0.571 ((-0.8767789314 0 0)(0 0 -2.020649249e-14)))
(0.572 ((-0.8785646457 0 0)(0 0 -2.02288697e-14)))
(0.573 ((-0.88035036 0 0)(0 0 -2.018953746e-14)))
(0.574 ((-0.8821360743 0 0)(0 0 -2.047251896e-14)))
(0.575 ((-0.8839217886 0 0)(0 0 -2.115628204e-14)))
(0.576 ((-0.8857075029 0 0)(0 0 -2.139490244e-14)))
(0.577 ((-0.8874932171 0 0)(0 0 -2.168104434e-14)))
(0.578 ((-0.8892789314 0 0)(0 0 -2.207421317e-14)))
(0.579 ((-0.8910646457 0 0)(0 0 -2.16956933e-14)))
(0.58 ((-0.89285036 0 0)(0 0 -2.133630659e-14)))
(0.581 ((-0.8946360743 0 0)(0 0 -2.167207596e-14)))
(0.582 ((-0.8964217886 0 0)(0 0 -2.231671229e-14)))
(0.583 ((-0.8982075029 0 0)(0 0 -2.265905178e-14)))
(0.584 ((-0.8999932171 0 0)(0 0 -2.227338461e-14)))
(0.585 ((-0.9017789314 0 0)(0 0 -2.199341643e-14)))
(0.586 ((-0.9035646457 0 0)(0 0 -2.172259947e-14)))
(0.587 ((-0.90535036 0 0)(0 0 -2.130947865e-14)))
(0.588 ((-0.9071360743 0 0)(0 0 -2.175248153e-14)))
(0.589 ((-0.9089217886 0 0)(0 0 -2.172585847e-14)))
(0.59 ((-0.9107075029 0 0)(0 0 -2.138934783e-14)))
(0.591 ((-0.9124932171 0 0)(0 0 -2.113368633e-14)))
(0.592 ((-0.9142789314 0 0)(0 0 -2.071648612e-14)))
(0.593 ((-0.9160646457 0 0)(0 0 -2.116065109e-14)))
(0.594 ((-0.91785036 0 0)(0 0 -2.113345905e-14)))
(0.595 ((-0.9196360743 0 0)(0 0 -2.079806226e-14)))
(0.596 ((-0.9214217886 0 0)(0 0 -2.053851437e-14)))
(0.597 ((-0.9232075029 0 0)(0 0 -2.013574585e-14)))
(0.598 ((-0.9249932171 0 0)(0 0 -2.052607045e-14)))
(0.599 ((-0.9267789314 0 0)(0 0 -2.084783794e-14)))
(0.6 ((-0.9285646457 0 0)(0 0 -2.079877051e-14)))
(0.601 ((-0.93035036 0 0)(0 0 -2.082130248e-14)))
(0.602 ((-0.9321360743 0 0)(0 0 -2.078024202e-14)))
(0.603 ((-0.9339217886 0 0)(0 0 -2.106998162e-14)))
(0.604 ((-0.9357075029 0 0)(0 0 -2.172844054e-14)))
(0.605 ((-0.9374932171 0 0)(0 0 -2.206151946e-14)))
(0.606 ((-0.9392789314 0 0)(0 0 -2.169907195e-14)))
(0.607 ((-0.9410646457 0 0)(0 0 -2.133548571e-14)))
(0.608 ((-0.94285036 0 0)(0 0 -2.167198082e-14)))
(0.609 ((-0.9446360743 0 0)(0 0 -2.23179137e-14)))
(0.61 ((-0.9464217886 0 0)(0 0 -2.265434128e-14)))
(0.611 ((-0.9482075029 0 0)(0 0 -2.229102518e-14)))
(0.612 ((-0.9499932171 0 0)(0 0 -2.192756463e-14)))
(0.613 ((-0.9517789314 0 0)(0 0 -2.226442557e-14)))
(0.614 ((-0.9535646457 0 0)(0 0 -2.290876947e-14)))
(0.615 ((-0.95535036 0 0)(0 0 -2.325118712e-14)))
(0.616 ((-0.9571360743 0 0)(0 0 -2.286549972e-14)))
(0.617 ((-0.9589217886 0 0)(0 0 -2.25855343e-14)))
(0.618 ((-0.9607075029 0 0)(0 0 -2.231472655e-14)))
(0.619 ((-0.9624932171 0 0)(0 0 -2.190156614e-14)))
(0.62 ((-0.9642789314 0 0)(0 0 -2.234471816e-14)))
(0.621 ((-0.9660646457 0 0)(0 0 -2.231753812e-14)))
(0.622 ((-0.96785036 0 0)(0 0 -2.198310628e-14)))
(0.623 ((-0.9696360743 0 0)(0 0 -2.171968656e-14)))
(0.624 ((-0.9714217886 0 0)(0 0 -2.133144043e-14)))
(0.625 ((-0.9732075029 0 0)(0 0 -2.159353246e-14)))
(0.626 ((-0.9749932171 0 0)(0 0 -2.145151452e-14)))
(0.627 ((-0.9767789314 0 0)(0 0 -2.079530096e-14)))
(0.628 ((-0.9785646457 0 0)(0 0 -2.023150409e-14)))
(0.629 ((-0.98035036 0 0)(0 0 -1.959019144e-14)))
(0.63 ((-0.9821360743 0 0)(0 0 -1.931455498e-14)))
(0.631 ((-0.9839217886 0 0)(0 0 -1.920804176e-14)))
(0.632 ((-0.9857075029 0 0)(0 0 -1.887352294e-14)))
(0.633 ((-0.9874932171 0 0)(0 0 -1.861576946e-14)))
(0.634 ((-0.9892789314 0 0)(0 0 -1.813093052e-14)))
(0.635 ((-0.9910646457 0 0)(0 0 -1.781153424e-14)))
(0.636 ((-0.99285036 0 0)(0 0 -1.787161632e-14)))
(0.637 ((-0.9946360743 0 0)(0 0 -1.772863967e-14)))
(0.638 ((-0.9964217886 0 0)(0 0 -1.727827089e-14)))
(0.639 ((-0.9982075029 0 0)(0 0 -1.663220226e-14)))
(0.64 ((-0.9999932171 0 0)(0 0 -1.63361765e-14)))
(0.641 ((-1.001778931 0 0)(0 0 -1.638999134e-14)))
(0.642 ((-1.003564646 0 0)(0 0 -1.624871313e-14)))
(0.643 ((-1.00535036 0 0)(0 0 -1.579781784e-14)))
(0.644 ((-1.007136074 0 0)(0 0 -1.51521568e-14)))
(0.645 ((-1.008921789 0 0)(0 0 -1.485502718e-14)))
(0.646 ((-1.010707503 0 0)(0 0 -1.491284986e-14)))
(0.647 ((-1.012493217 0 0)(0 0 -1.475664417e-14)))
(0.648 ((-1.014278931 0 0)(0 0 -1.443546585e-14)))
(0.649 ((-1.016064646 0 0)(0 0 -1.417404284e-14)))
(0.65 ((-1.01785036 0 0)(0 0 -1.369054148e-14)))
(0.651 ((-1.019636074 0 0)(0 0 -1.33694644e-14)))
(0.652 ((-1.021421789 0 0)(0 0 -1.343493212e-14)))
(0.653 ((-1.023207503 0 0)(0 0 -1.327209372e-14)))
(0.654 ((-1.024993217 0 0)(0 0 -1.296980117e-14)))
(0.655 ((-1.026778931 0 0)(0 0 -1.26394678e-14)))
(0.656 ((-1.028564646 0 0)(0 0 -1.263476672e-14)))
(0.657 ((-1.03035036 0 0)(0 0 -1.298390443e-14)))
(0.658 ((-1.032136074 0 0)(0 0 -1.314636691e-14)))
(0.659 ((-1.033921789 0 0)(0 0 -1.296154282e-14)))
(0.66 ((-1.035707503 0 0)(0 0 -1.2798228e-14)))
(0.661 ((-1.037493217 0 0)(0 0 -1.282214784e-14)))
(0.662 ((-1.039278931 0 0)(0 0 -1.281576842e-14)))
(0.663 ((-1.041064646 0 0)(0 0 -1.281736626e-14)))
(0.664 ((-1.04285036 0 0)(0 0 -1.281735433e-14)))
(0.665 ((-1.044636074 0 0)(0 0 -1.28158042e-14)))
(0.666 ((-1.046421789 0 0)(0 0 -1.282201666e-14)))
(0.667 ((-1.048207503 0 0)(0 0 -1.279871693e-14)))
(0.668 ((-1.049993217 0 0)(0 0 -1.295971828e-14)))
(0.669 ((-1.051778931 0 0)(0 0 -1.315317616e-14)))
(0.67 ((-1.053564646 0 0)(0 0 -1.295849198e-14)))
(0.671 ((-1.05535036 0 0)(0 0 -1.280362213e-14)))
(0.672 ((-1.057136074 0 0)(0 0 -1.280362213e-14)))
(0.673 ((-1.058921789 0 0)(0 0 -1.295849198e-14)))
(0.674 ((-1.060707503 0 0)(0 0 -1.315317615e-14)))
(0.675 ((-1.062493217 0 0)(0 0 -1.295971829e-14)))
(0.676 ((-1.064278931 0 0)(0 0 -1.279871688e-14)))
(0.677 ((-1.066064646 0 0)(0 0 -1.282201685e-14)))
(0.678 ((-1.06785036 0 0)(0 0 -1.281580352e-14)))
(0.679 ((-1.069636074 0 0)(0 0 -1.281735686e-14)))
(0.68 ((-1.071421789 0 0)(0 0 -1.281735682e-14)))
(0.681 ((-1.073207503 0 0)(0 0 -1.281580363e-14)))
(0.682 ((-1.074993217 0 0)(0 0 -1.282201642e-14)))
(0.683 ((-1.076778931 0 0)(0 0 -1.279871845e-14)))
(0.684 ((-1.078564646 0 0)(0 0 -1.295971241e-14)))
(0.685 ((-1.08035036 0 0)(0 0 -1.315319811e-14)))
(0.686 ((-1.082136074 0 0)(0 0 -1.295841005e-14)))
(0.687 ((-1.083921789 0 0)(0 0 -1.28039279e-14)))
(0.688 ((-1.085707503 0 0)(0 0 -1.2802481e-14)))
(0.689 ((-1.087493217 0 0)(0 0 -1.296275075e-14)))
(0.69 ((-1.089278931 0 0)(0 0 -1.313728222e-14)))
(0.691 ((-1.091064646 0 0)(0 0 -1.309305013e-14)))
(0.692 ((-1.09285036 0 0)(0 0 -1.324347676e-14)))
(0.693 ((-1.094636074 0 0)(0 0 -1.357418075e-14)))
(0.694 ((-1.096421789 0 0)(0 0 -1.372926525e-14)))
(0.695 ((-1.098207503 0 0)(0 0 -1.366640167e-14)))
(0.696 ((-1.099993217 0 0)(0 0 -1.398481612e-14)))
(0.697 ((-1.101778931 0 0)(0 0 -1.447636386e-14)))
(0.698 ((-1.103564646 0 0)(0 0 -1.470826397e-14)))
(0.699 ((-1.10535036 0 0)(0 0 -1.528751722e-14)))
(0.7 ((-1.107136074 0 0)(0 0 -1.636533265e-14)))
(0.701 ((-1.108921789 0 0)(0 0 -1.754403689e-14)))
(0.702 ((-1.110707503 0 0)(0 0 -1.885683187e-14)))
(0.703 ((-1.112493217 0 0)(0 0 -2.049456835e-14)))
(0.704 ((-1.114278931 0 0)(0 0 -2.240079008e-14)))
(0.705 ((-1.116064646 0 0)(0 0 -2.4758501e-14)))
(0.706 ((-1.11785036 0 0)(0 0 -2.770630517e-14)))
(0.707 ((-1.119636074 0 0)(0 0 -3.139496085e-14)))
(0.708 ((-1.121421789 0 0)(0 0 -3.597100931e-14)))
(0.709 ((-1.123207503 0 0)(0 0 -4.158570568e-14)))
(0.71 ((-1.124993217 0 0)(0 0 -4.837566655e-14)))
(0.711 ((-1.126778931 0 0)(0 0 -5.660536372e-14)))
(0.712 ((-1.128564646 0 0)(0 0 -6.693066515e-14)))
(0.713 ((-1.13035036 0 0)(0 0 -7.979429625e-14)))
(0.714 ((-1.132136074 0 0)(0 0 -9.543402267e-14)))
(0.715 ((-1.133921789 0 0)(0 0 -1.144544579e-13)))
(0.716 ((-1.135707503 0 0)(0 0 -1.37752096e-13)))
(0.717 ((-1.137493217 0 0)(0 0 -1.663914025e-13)))
(0.718 ((-1.139278931 0 0)(0 0 -2.013612559e-13)))
(0.719 ((-1.141064646 0 0)(0 0 -2.440069552e-13)))
(0.72 ((-1.14285036 0 0)(0 0 -2.959520314e-13)))
(0.721 ((-1.144636074 0 0)(0 0 -3.592010392e-13)))
(0.722 ((-1.146421789 0 0)(0 0 -4.366947563e-13)))
(0.723 ((-1.148207503 0 0)(0 0 -5.31244848e-13)))
(0.724 ((-1.149993217 0 0)(0 0 -6.468715326e-13)))
(0.725 ((-1.151778931 0 0)(0 0 -7.885890742e-13)))
(0.726 ((-1.153564646 0 0)(0 0 -9.613340264e-13)))
(0.727 ((-1.15535036 0 0)(0 0 -1.172246319e-12)))
(0.728 ((-1.157136074 0 0)(0 0 -1.430462243e-12)))
(0.729 ((-1.158921789 0 0)(0 0 -1.746105514e-12)))
(0.73 ((-1.160707503 0 0)(0 0 -2.131199364e-12)))
(0.731 ((-1.162493217 0 0)(0 0 -2.601023915e-12)))
(0.732 ((-1.164278931 0 0)(0 0 -3.175250093e-12)))
(0.733 ((-1.166064646 0 0)(0 0 -3.87685756e-12)))
(0.734 ((-1.16785036 0 0)(0 0 -4.733404695e-12)))
(0.735 ((-1.169636074 0 0)(0 0 -5.779766086e-12)))
(0.736 ((-1.171421789 0 0)(0 0 -7.057754961e-12)))
(0.737 ((-1.173207503 0 0)(0 0 -8.6185227e-12)))
(0.738 ((-1.174993217 0 0)(0 0 -1.05250327e-11)))
(0.739 ((-1.176778931 0 0)(0 0 -1.285360619e-11)))
(0.74 ((-1.178564646 0 0)(0 0 -1.569784767e-11)))
(0.741 ((-1.18035036 0 0)(0 0 -1.917182531e-11)))
(0.742 ((-1.182136074 0 0)(0 0 -2.341451836e-11)))
(0.743 ((-1.183921789 0 0)(0 0 -2.859675055e-11)))
(0.744 ((-1.185707503 0 0)(0 0 -3.492690473e-11)))
(0.745 ((-1.187493217 0 0)(0 0 -4.265865651e-11)))
(0.746 ((-1.189278931 0 0)(0 0 -5.210199054e-11)))
(0.747 ((-1.191064646 0 0)(0 0 -6.363572074e-11)))
(0.748 ((-1.19285036 0 0)(0 0 -7.772322055e-11)))
(0.749 ((-1.194636074 0 0)(0 0 -9.493001833e-11)))
(0.75 ((-1.196421789 0 0)(0 0 -1.159463393e-10)))
(0.751 ((-1.198207503 0 0)(0 0 -1.416157519e-10)))
(0.752 ((-1.199993217 0 0)(0 0 -1.729682747e-10)))
(0.753 ((-1.201778931 0 0)(0 0 -2.112624728e-10)))
(0.754 ((-1.203564646 0 0)(0 0 -2.580353204e-10)))
(0.755 ((-1.20535036 0 0)(0 0 -3.151633e-10)))
(0.756 ((-1.207136074 0 0)(0 0 -3.849395506e-10)))
(0.757 ((-1.208921789 0 0)(0 0 -4.701649185e-10)))
(0.758 ((-1.210707503 0 0)(0 0 -5.742591251e-10)))
(0.759 ((-1.212493217 0 0)(0 0 -7.013999143e-10)))
(0.76 ((-1.214278931 0 0)(0 0 -8.566902563e-10)))
(0.761 ((-1.216064646 0 0)(0 0 -1.04636239e-09)))
(0.762 ((-1.21785036 0 0)(0 0 -1.278028426e-09)))
(0.763 ((-1.219636074 0 0)(0 0 -1.560985644e-09)))
(0.764 ((-1.221421789 0 0)(0 0 -1.906590634e-09)))
(0.765 ((-1.223207503 0 0)(0 0 -2.328713701e-09)))
(0.766 ((-1.224993217 0 0)(0 0 -2.8442958e-09)))
(0.767 ((-1.226778931 0 0)(0 0 -3.474029249e-09)))
(0.768 ((-1.228564646 0 0)(0 0 -4.243187173e-09)))
(0.769 ((-1.23035036 0 0)(0 0 -5.18263887e-09)))
(0.77 ((-1.232136074 0 0)(0 0 -6.330087988e-09)))
(0.771 ((-1.233921789 0 0)(0 0 -7.731585426e-09)))
(0.772 ((-1.235707503 0 0)(0 0 -9.443378553e-09)))
(0.773 ((-1.237493217 0 0)(0 0 -1.15341673e-08)))
(0.774 ((-1.239278931 0 0)(0 0 -1.408786205e-08)))
(0.775 ((-1.241064646 0 0)(0 0 -1.720695187e-08)))
(0.776 ((-1.24285036 0 0)(0 0 -2.101661701e-08)))
(0.777 ((-1.244636074 0 0)(0 0 -2.566975243e-08)))
(0.778 ((-1.246421789 0 0)(0 0 -3.135310477e-08)))
(0.779 ((-1.248207503 0 0)(0 0 -3.829476676e-08)))
(0.78 ((-1.249993217 0 0)(0 0 -4.677333188e-08)))
(0.781 ((-1.251778931 0 0)(0 0 -5.712907455e-08)))
(0.782 ((-1.253564646 0 0)(0 0 -6.977760671e-08)))
(0.783 ((-1.25535036 0 0)(0 0 -8.522655861e-08)))
(0.784 ((-1.257136074 0 0)(0 0 -1.040959507e-07)))
(0.785 ((-1.258921788 0 0)(0 0 -1.27143078e-07)))
(0.786 ((-1.260707503 0 0)(0 0 -1.552929019e-07)))
(0.787 ((-1.262493217 0 0)(0 0 -1.896751729e-07)))
(0.788 ((-1.264278931 0 0)(0 0 -2.316697719e-07)))
(0.789 ((-1.266064645 0 0)(0 0 -2.829620881e-07)))
(0.79 ((-1.26785036 0 0)(0 0 -3.456106598e-07)))
(0.791 ((-1.269636074 0 0)(0 0 -4.221297917e-07)))
(0.792 ((-1.271421788 0 0)(0 0 -5.15590461e-07)))
(0.793 ((-1.273207502 0 0)(0 0 -6.297435662e-07)))
(0.794 ((-1.274993216 0 0)(0 0 -7.691704622e-07)))
(0.795 ((-1.276778931 0 0)(0 0 -9.394668258e-07)))
(0.796 ((-1.278564645 0 0)(0 0 -1.147467227e-06)))
(0.797 ((-1.280350359 0 0)(0 0 -1.401519419e-06)))
(0.798 ((-1.282136073 0 0)(0 0 -1.711819361e-06)))
(0.799 ((-1.283921787 0 0)(0 0 -2.09082041e-06)))
(0.8 ((-1.285707501 0 0)(0 0 -2.5537331e-06)))
(0.801 ((-1.287493214 0 0)(0 0 -3.119135587e-06)))
(0.802 ((-1.289278928 0 0)(0 0 -3.80971922e-06)))
(0.803 ((-1.291064642 0 0)(0 0 -4.653199195e-06)))
(0.804 ((-1.292850355 0 0)(0 0 -5.683426798e-06)))
(0.805 ((-1.294636068 0 0)(0 0 -6.941747898e-06)))
(0.806 ((-1.296421781 0 0)(0 0 -8.47866217e-06)))
(0.807 ((-1.298207494 0 0)(0 0 -1.035584964e-05)))
(0.808 ((-1.299993206 0 0)(0 0 -1.264864582e-05)))
(0.809 ((-1.301778918 0 0)(0 0 -1.54490648e-05)))
(0.81 ((-1.303564629 0 0)(0 0 -1.886949144e-05)))
(0.811 ((-1.305350339 0 0)(0 0 -2.304719083e-05)))
(0.812 ((-1.307136049 0 0)(0 0 -2.814981584e-05)))
(0.813 ((-1.308921758 0 0)(0 0 -3.438213351e-05)))
(0.814 ((-1.310707465 0 0)(0 0 -4.199423995e-05)))
(0.815 ((-1.312493171 0 0)(0 0 -5.129159296e-05)))
(0.816 ((-1.314278875 0 0)(0 0 -6.264726417e-05)))
(0.817 ((-1.316064577 0 0)(0 0 -7.651690135e-05)))
(0.818 ((-1.317850276 0 0)(0 0 -9.345699978e-05)))
(0.819 ((-1.319635972 0 0)(0 0 -0.0001141472133)))
(0.82 ((-1.321421664 0 0)(0 0 -0.0001394175969)))
(0.821 ((-1.32320735 0 0)(0 0 -0.0001702818686)))
(0.822 ((-1.324993031 0 0)(0 0 -0.000207978017)))
(0.823 ((-1.326778704 0 0)(0 0 -0.0002540178724)))
(0.824 ((-1.328564368 0 0)(0 0 -0.0003102476119)))
(0.825 ((-1.330350021 0 0)(0 0 -0.0003789216)))
(0.826 ((-1.33213566 0 0)(0 0 -0.000462792486)))
(0.827 ((-1.333921283 0 0)(0 0 -0.0005652211152)))
(0.828 ((-1.335706885 0 0)(0 0 -0.0006903105716)))
(0.829 ((-1.337492463 0 0)(0 0 -0.0008430695985)))
(0.83 ((-1.33927801 0 0)(0 0 -0.001029611753)))
(0.831 ((-1.34106352 0 0)(0 0 -0.001257397989)))
(0.832 ((-1.342848986 0 0)(0 0 -0.001535531952)))
(0.833 ((-1.344634396 0 0)(0 0 -0.00187511919)))
(0.834 ((-1.346419739 0 0)(0 0 -0.002289703692)))
(0.835 ((-1.348205 0 0)(0 0 -0.002795797832)))
(0.836 ((-1.349990162 0 0)(0 0 -0.003413524818)))
(0.837 ((-1.351775201 0 0)(0 0 -0.004167396236)))
(0.838 ((-1.353560092 0 0)(0 0 -0.005087251173)))
(0.839 ((-1.355344802 0 0)(0 0 -0.006209387661)))
(0.84 ((-1.357129291 0 0)(0 0 -0.007577921652)))
(0.841 ((-1.358913512 0 0)(0 0 -0.009246413109)))
(0.842 ((-1.360697406 0 0)(0 0 -0.01127980274)))
(0.843 ((-1.362480904 0 0)(0 0 -0.01375670551)))
(0.844 ((-1.364263919 0 0)(0 0 -0.01677210758)))
(0.845 ((-1.366046349 0 0)(0 0 -0.02044050983)))
(0.846 ((-1.367828072 0 0)(0 0 -0.02489955228)))
(0.847 ((-1.36960894 0 0)(0 0 -0.03031413596)))
(0.848 ((-1.371388775 0 0)(0 0 -0.03688103002)))
(0.849 ((-1.37316737 0 0)(0 0 -0.04483390808)))
(0.85 ((-1.374944477 0 0)(0 0 -0.05444869606)))
(0.851 ((-1.376719807 0 0)(0 0 -0.06604903313)))
(0.852 ((-1.378493021 0 0)(0 0 -0.08001154832)))
(0.853 ((-1.38026373 0 0)(0 0 -0.09677054626)))
(0.854 ((-1.382031492 0 0)(0 0 -0.1168215889)))
(0.855 ((-1.383795804 0 0)(0 0 -0.1407233803)))
(0.856 ((-1.385556109 0 0)(0 0 -0.1690973372)))
(0.857 ((-1.387311797 0 0)(0 0 -0.2026242927)))
(0.858 ((-1.389062208 0 0)(0 0 -0.2420379576)))
(0.859 ((-1.390806646 0 0)(0 0 -0.2881150543)))
(0.86 ((-1.392544383 0 0)(0 0 -0.3416624191)))
(0.861 ((-1.394274679 0 0)(0 0 -0.4035017701)))
(0.862 ((-1.395996795 0 0)(0 0 -0.4744531787)))
(0.863 ((-1.397710004 0 0)(0 0 -0.5553184767)))
(0.864 ((-1.399413609 0 0)(0 0 -0.6468658297)))
(0.865 ((-1.40110695 0 0)(0 0 -0.7498165077)))
(0.866 ((-1.402789417 0 0)(0 0 -0.8648345394)))
(0.867 ((-1.404460452 0 0)(0 0 -0.9925195273)))
(0.868 ((-1.406119554 0 0)(0 0 -1.133402521)))
(0.869 ((-1.40776628 0 0)(0 0 -1.287944542)))
(0.87 ((-1.40940024 0 0)(0 0 -1.456537182)))
(0.871 ((-1.411021097 0 0)(0 0 -1.639504613)))
(0.872 ((-1.412628561 0 0)(0 0 -1.837106382)))
(0.873 ((-1.414222385 0 0)(0 0 -2.049540426)))
(0.874 ((-1.41580236 0 0)(0 0 -2.276945862)))
(0.875 ((-1.417368309 0 0)(0 0 -2.519405209)))
(0.876 ((-1.418920085 0 0)(0 0 -2.776945811)))
(0.877 ((-1.420457564 0 0)(0 0 -3.049540321)))
(0.878 ((-1.421980645 0 0)(0 0 -3.33710622)))
(0.879 ((-1.423489241 0 0)(0 0 -3.639504388)))
(0.88 ((-1.424983283 0 0)(0 0 -3.956536883)))
(0.881 ((-1.426462713 0 0)(0 0 -4.287944158)))
(0.882 ((-1.427927483 0 0)(0 0 -4.633402036)))
(0.883 ((-1.429377552 0 0)(0 0 -4.992518923)))
(0.884 ((-1.430812889 0 0)(0 0 -5.364833791)))
(0.885 ((-1.432233467 0 0)(0 0 -5.749815585)))
(0.886 ((-1.433639264 0 0)(0 0 -6.146864696)))
(0.887 ((-1.435030262 0 0)(0 0 -6.555317087)))
(0.888 ((-1.436406446 0 0)(0 0 -6.974451476)))
(0.889 ((-1.437767805 0 0)(0 0 -7.403499687)))
(0.89 ((-1.439114327 0 0)(0 0 -7.841659872)))
(0.891 ((-1.440446005 0 0)(0 0 -8.28811194)))
(0.892 ((-1.441762833 0 0)(0 0 -8.742034152)))
(0.893 ((-1.443064804 0 0)(0 0 -9.202619643)))
(0.894 ((-1.444351915 0 0)(0 0 -9.669091657)))
(0.895 ((-1.445624161 0 0)(0 0 -10.14071644)))
(0.896 ((-1.44688154 0 0)(0 0 -10.61681311)))
(0.897 ((-1.448124049 0 0)(0 0 -11.09676019)))
(0.898 ((-1.449351687 0 0)(0 0 -11.5799989)))
(0.899 ((-1.450564451 0 0)(0 0 -12.06603359)))
(0.9 ((-1.45176234 0 0)(0 0 -12.55442983)))
(0.901 ((-1.452945353 0 0)(0 0 -13.04481086)))
(0.902 ((-1.454113489 0 0)(0 0 -13.53685288)))
(0.903 ((-1.455266748 0 0)(0 0 -14.03027975)))
(0.904 ((-1.456405128 0 0)(0 0 -14.52485756)))
(0.905 ((-1.45752863 0 0)(0 0 -15.02038922)))
(0.906 ((-1.458637253 0 0)(0 0 -15.51670946)))
(0.907 ((-1.459730996 0 0)(0 0 -16.01368019)))
(0.908 ((-1.460809859 0 0)(0 0 -16.51118635)))
(0.909 ((-1.461873843 0 0)(0 0 -17.00913227)))
(0.91 ((-1.462922946 0 0)(0 0 -17.5074385)))
(0.911 ((-1.46395717 0 0)(0 0 -18.00603911)))
(0.912 ((-1.464976512 0 0)(0 0 -18.50487927)))
(0.913 ((-1.465980975 0 0)(0 0 -19.00391338)))
(0.914 ((-1.466970556 0 0)(0 0 -19.50310328)))
(0.915 ((-1.467945258 0 0)(0 0 -20.00241688)))
(0.916 ((-1.468905078 0 0)(0 0 -20.50182691)))
(0.917 ((-1.469850018 0 0)(0 0 -21.0013099)))
(0.918 ((-1.470780077 0 0)(0 0 -21.50084522)))
(0.919 ((-1.471695255 0 0)(0 0 -22.00041433)))
(0.92 ((-1.472595553 0 0)(0 0 -22.5)))
(0.921 ((-1.47348097 0 0)(0 0 -22.99958567)))
(0.922 ((-1.474351506 0 0)(0 0 -23.49915478)))
(0.923 ((-1.475207161 0 0)(0 0 -23.9986901)))
(0.924 ((-1.476047935 0 0)(0 0 -24.49817309)))
(0.925 ((-1.476873829 0 0)(0 0 -24.99758312)))
(0.926 ((-1.477684842 0 0)(0 0 -25.49689672)))
(0.927 ((-1.478480975 0 0)(0 0 -25.99608662)))
(0.928 ((-1.479262227 0 0)(0 0 -26.49512073)))
(0.929 ((-1.480028598 0 0)(0 0 -26.99396089)))
(0.93 ((-1.480780089 0 0)(0 0 -27.4925615)))
(0.931 ((-1.4815167 0 0)(0 0 -27.99086773)))
(0.932 ((-1.482238431 0 0)(0 0 -28.48881365)))
(0.933 ((-1.482945282 0 0)(0 0 -28.98631981)))
(0.934 ((-1.483637253 0 0)(0 0 -29.48329054)))
(0.935 ((-1.484314344 0 0)(0 0 -29.97961078)))
(0.936 ((-1.484976557 0 0)(0 0 -30.47514244)))
(0.937 ((-1.485623891 0 0)(0 0 -30.96972025)))
(0.938 ((-1.486256346 0 0)(0 0 -31.46314712)))
(0.939 ((-1.486873924 0 0)(0 0 -31.95518914)))
(0.94 ((-1.487476625 0 0)(0 0 -32.44557017)))
(0.941 ((-1.488064451 0 0)(0 0 -32.93396641)))
(0.942 ((-1.488637401 0 0)(0 0 -33.4200011)))
(0.943 ((-1.489195478 0 0)(0 0 -33.90323981)))
(0.944 ((-1.489738683 0 0)(0 0 -34.38318689)))
(0.945 ((-1.490267018 0 0)(0 0 -34.85928356)))
(0.946 ((-1.490780486 0 0)(0 0 -35.33090834)))
(0.947 ((-1.49127909 0 0)(0 0 -35.79738036)))
(0.948 ((-1.491762833 0 0)(0 0 -36.25796585)))
(0.949 ((-1.49223172 0 0)(0 0 -36.71188806)))
(0.95 ((-1.492685756 0 0)(0 0 -37.15834013)))
(0.951 ((-1.493124948 0 0)(0 0 -37.59650031)))
(0.952 ((-1.493549304 0 0)(0 0 -38.02554852)))
(0.953 ((-1.493958834 0 0)(0 0 -38.44468291)))
(0.954 ((-1.49435355 0 0)(0 0 -38.8531353)))
(0.955 ((-1.494733467 0 0)(0 0 -39.25018441)))
(0.956 ((-1.495098604 0 0)(0 0 -39.63516621)))
(0.957 ((-1.495448981 0 0)(0 0 -40.00748108)))
(0.958 ((-1.495784626 0 0)(0 0 -40.36659796)))
(0.959 ((-1.49610557 0 0)(0 0 -40.71205584)))
(0.96 ((-1.496411855 0 0)(0 0 -41.04346312)))
(0.961 ((-1.496703527 0 0)(0 0 -41.36049561)))
(0.962 ((-1.496980645 0 0)(0 0 -41.66289378)))
(0.963 ((-1.497243278 0 0)(0 0 -41.95045968)))
(0.964 ((-1.497491513 0 0)(0 0 -42.22305419)))
(0.965 ((-1.497725452 0 0)(0 0 -42.48059479)))
(0.966 ((-1.497945217 0 0)(0 0 -42.72305414)))
(0.967 ((-1.498150957 0 0)(0 0 -42.95045957)))
(0.968 ((-1.498342847 0 0)(0 0 -43.16289362)))
(0.969 ((-1.498521097 0 0)(0 0 -43.36049539)))
(0.97 ((-1.498685955 0 0)(0 0 -43.54346282)))
(0.971 ((-1.498837709 0 0)(0 0 -43.71205546)))
(0.972 ((-1.498976697 0 0)(0 0 -43.86659748)))
(0.973 ((-1.499103309 0 0)(0 0 -44.00748047)))
(0.974 ((-1.499217988 0 0)(0 0 -44.13516546)))
(0.975 ((-1.499321236 0 0)(0 0 -44.25018349)))
(0.976 ((-1.499413609 0 0)(0 0 -44.35313417)))
(0.977 ((-1.499495719 0 0)(0 0 -44.44468152)))
(0.978 ((-1.499568224 0 0)(0 0 -44.52554682)))
(0.979 ((-1.499631822 0 0)(0 0 -44.59649823)))
(0.98 ((-1.49968724 0 0)(0 0 -44.65833758)))
(0.981 ((-1.499735217 0 0)(0 0 -44.71188495)))
(0.982 ((-1.499776494 0 0)(0 0 -44.75796204)))
(0.983 ((-1.499811797 0 0)(0 0 -44.79737571)))
(0.984 ((-1.499841823 0 0)(0 0 -44.83090266)))
(0.985 ((-1.499867232 0 0)(0 0 -44.85927662)))
(0.986 ((-1.499888634 0 0)(0 0 -44.88317841)))
(0.987 ((-1.499906588 0 0)(0 0 -44.90322945)))
(0.988 ((-1.499921592 0 0)(0 0 -44.91998845)))
(0.989 ((-1.499934092 0 0)(0 0 -44.93395097)))
(0.99 ((-1.499944477 0 0)(0 0 -44.9455513)))
(0.991 ((-1.499953085 0 0)(0 0 -44.95516609)))
(0.992 ((-1.499960204 0 0)(0 0 -44.96311897)))
(0.993 ((-1.499966082 0 0)(0 0 -44.96968586)))
(0.994 ((-1.499970929 0 0)(0 0 -44.97510045)))
(0.995 ((-1.499974921 0 0)(0 0 -44.97955949)))
(0.996 ((-1.499978204 0 0)(0 0 -44.98322789)))
(0.997 ((-1.499980904 0 0)(0 0 -44.98624329)))
(0.998 ((-1.499983121 0 0)(0 0 -44.9887202)))
(0.999 ((-1.499984941 0 0)(0 0 -44.99075359)))
(1 ((-1.499986434 0 0)(0 0 -44.99242208)))
(1.001 ((-1.499987659 0 0)(0 0 -44.99379061)))
(1.002 ((-1.499988664 0 0)(0 0 -44.99491275)))
(1.003 ((-1.499989487 0 0)(0 0 -44.9958326)))
(1.004 ((-1.499990162 0 0)(0 0 -44.99658648)))
(1.005 ((-1.499990715 0 0)(0 0 -44.9972042)))
(1.006 ((-1.499991168 0 0)(0 0 -44.9977103)))
(1.007 ((-1.499991539 0 0)(0 0 -44.99812488)))
(1.008 ((-1.499991843 0 0)(0 0 -44.99846447)))
(1.009 ((-1.499992092 0 0)(0 0 -44.9987426)))
(1.01 ((-1.499992296 0 0)(0 0 -44.99897039)))
(1.011 ((-1.499992463 0 0)(0 0 -44.99915693)))
(1.012 ((-1.499992599 0 0)(0 0 -44.99930969)))
(1.013 ((-1.499992711 0 0)(0 0 -44.99943478)))
(1.014 ((-1.499992803 0 0)(0 0 -44.99953721)))
(1.015 ((-1.499992878 0 0)(0 0 -44.99962108)))
(1.016 ((-1.499992939 0 0)(0 0 -44.99968975)))
(1.017 ((-1.49999299 0 0)(0 0 -44.99974598)))
(1.018 ((-1.499993031 0 0)(0 0 -44.99979202)))
(1.019 ((-1.499993065 0 0)(0 0 -44.99982972)))
(1.02 ((-1.499993092 0 0)(0 0 -44.99986058)))
(1.021 ((-1.499993115 0 0)(0 0 -44.99988585)))
(1.022 ((-1.499993133 0 0)(0 0 -44.99990654)))
(1.023 ((-1.499993149 0 0)(0 0 -44.99992348)))
(1.024 ((-1.499993161 0 0)(0 0 -44.99993735)))
(1.025 ((-1.499993171 0 0)(0 0 -44.99994871)))
(1.026 ((-1.49999318 0 0)(0 0 -44.99995801)))
(1.027 ((-1.499993186 0 0)(0 0 -44.99996562)))
(1.028 ((-1.499993192 0 0)(0 0 -44.99997185)))
(1.029 ((-1.499993197 0 0)(0 0 -44.99997695)))
(1.03 ((-1.4999932 0 0)(0 0 -44.99998113)))
(1.031 ((-1.499993203 0 0)(0 0 -44.99998455)))
(1.032 ((-1.499993206 0 0)(0 0 -44.99998735)))
(1.033 ((-1.499993208 0 0)(0 0 -44.99998964)))
(1.034 ((-1.49999321 0 0)(0 0 -44.99999152)))
(1.035 ((-1.499993211 0 0)(0 0 -44.99999306)))
(1.036 ((-1.499993212 0 0)(0 0 -44.99999432)))
(1.037 ((-1.499993213 0 0)(0 0 -44.99999535)))
(1.038 ((-1.499993214 0 0)(0 0 -44.99999619)))
(1.039 ((-1.499993214 0 0)(0 0 -44.99999688)))
(1.04 ((-1.499993215 0 0)(0 0 -44.99999745)))
(1.041 ((-1.499993215 0 0)(0 0 -44.99999791)))
(1.042 ((-1.499993216 0 0)(0 0 -44.99999829)))
(1.043 ((-1.499993216 0 0)(0 0 -44.9999986)))
(1.044 ((-1.499993216 0 0)(0 0 -44.99999885)))
(1.045 ((-1.499993216 0 0)(0 0 -44.99999906)))
(1.046 ((-1.499993216 0 0)(0 0 -44.99999923)))
(1.047 ((-1.499993217 0 0)(0 0 -44.99999937)))
(1.048 ((-1.499993217 0 0)(0 0 -44.99999948)))
(1.049 ((-1.499993217 0 0)(0 0 -44.99999958)))
(1.05 ((-1.499993217 0 0)(0 0 -44.99999965)))
(1.051 ((-1.499993217 0 0)(0 0 -44.99999972)))
(1.052 ((-1.499993217 0 0)(0 0 -44.99999977)))
(1.053 ((-1.499993217 0 0)(0 0 -44.99999981)))
(1.054 ((-1.499993217 0 0)(0 0 -44.99999984)))
(1.055 ((-1.499993217 0 0)(0 0 -44.99999987)))
(1.056 ((-1.499993217 0 0)(0 0 -44.9999999)))
(1.057 ((-1.499993217 0 0)(0 0 -44.99999991)))
(1.058 ((-1.499993217 0 0)(0 0 -44.99999993)))
(1.059 ((-1.499993217 0 0)(0 0 -44.99999994)))
(1.06 ((-1.499993217 0 0)(0 0 -44.99999995)))
(1.061 ((-1.499993217 0 0)(0 0 -44.99999996)))
(1.062 ((-1.499993217 0 0)(0 0 -44.99999997)))
(1.063 ((-1.499993217 0 0)(0 0 -44.99999997)))
(1.064 ((-1.499993217 0 0)(0 0 -44.99999998)))
(1.065 ((-1.499993217 0 0)(0 0 -44.99999998)))
(1.066 ((-1.499993217 0 0)(0 0 -44.99999999)))
(1.067 ((-1.499993217 0 0)(0 0 -44.99999999)))
(1.068 ((-1.499993217 0 0)(0 0 -44.99999999)))
(1.069 ((-1.499993217 0 0)(0 0 -44.99999999)))
(1.07 ((-1.499993217 0 0)(0 0 -44.99999999)))
(1.071 ((-1.499993217 0 0)(0 0 -44.99999999)))
(1.072 ((-1.499993217 0 0)(0 0 -45)))
(1.073 ((-1.499993217 0 0)(0 0 -45)))
(1.074 ((-1.499993217 0 0)(0 0 -45)))
(1.075 ((-1.499993217 0 0)(0 0 -45)))
(1.076 ((-1.499993217 0 0)(0 0 -45)))
(1.077 ((-1.499993217 0 0)(0 0 -45)))
(1.078 ((-1.499993217 0 0)(0 0 -45)))
(1.079 ((-1.499993217 0 0)(0 0 -45)))
(1.08 ((-1.499993217 0 0)(0 0 -45)))
(1.081 ((-1.499993217 0 0)(0 0 -45)))
(1.082 ((-1.499993217 0 0)(0 0 -45)))
(1.083 ((-1.499993217 0 0)(0 0 -45)))
(1.084 ((-1.499993217 0 0)(0 0 -45)))
(1.085 ((-1.499993217 0 0)(0 0 -45)))
(1.086 ((-1.499993217 0 0)(0 0 -45)))
(1.087 ((-1.499993217 0 0)(0 0 -45)))
(1.088 ((-1.499993217 0 0)(0 0 -45)))
(1.089 ((-1.499993217 0 0)(0 0 -45)))
(1.09 ((-1.499993217 0 0)(0 0 -45)))
(1.091 ((-1.499993217 0 0)(0 0 -45)))
(1.092 ((-1.499993217 0 0)(0 0 -45)))
(1.093 ((-1.499993217 0 0)(0 0 -45)))
(1.094 ((-1.499993217 0 0)(0 0 -45)))
(1.095 ((-1.499993217 0 0)(0 0 -45)))
(1.096 ((-1.499993217 0 0)(0 0 -45)))
(1.097 ((-1.499993217 0 0)(0 0 -45)))
(1.098 ((-1.499993217 0 0)(0 0 -45)))
(1.099 ((-1.499993217 0 0)(0 0 -45)))
(1.1 ((-1.499993217 0 0)(0 0 -45)))
(1.101 ((-1.499993217 0 0)(0 0 -45)))
(1.102 ((-1.499993217 0 0)(0 0 -45)))
(1.103 ((-1.499993217 0 0)(0 0 -45)))
(1.104 ((-1.499993217 0 0)(0 0 -45)))
(1.105 ((-1.499993217 0 0)(0 0 -45)))
(1.106 ((-1.499993217 0 0)(0 0 -45)))
(1.107 ((-1.499993217 0 0)(0 0 -45)))
(1.108 ((-1.499993217 0 0)(0 0 -45)))
(1.109 ((-1.499993217 0 0)(0 0 -45)))
(1.11 ((-1.499993217 0 0)(0 0 -45)))
(1.111 ((-1.499993217 0 0)(0 0 -45)))
(1.112 ((-1.499993217 0 0)(0 0 -45)))
(1.113 ((-1.499993217 0 0)(0 0 -45)))
(1.114 ((-1.499993217 0 0)(0 0 -45)))
(1.115 ((-1.499993217 0 0)(0 0 -45)))
(1.116 ((-1.499993217 0 0)(0 0 -45)))
(1.117 ((-1.499993217 0 0)(0 0 -45)))
(1.118 ((-1.499993217 0 0)(0 0 -45)))
(1.119 ((-1.499993217 0 0)(0 0 -45)))
(1.12 ((-1.499993217 0 0)(0 0 -45)))
(1.121 ((-1.499993217 0 0)(0 0 -45)))
(1.122 ((-1.499993217 0 0)(0 0 -45)))
(1.123 ((-1.499993217 0 0)(0 0 -45)))
(1.124 ((-1.499993217 0 0)(0 0 -45)))
(1.125 ((-1.499993217 0 0)(0 0 -45)))
(1.126 ((-1.499993217 0 0)(0 0 -45)))
(1.127 ((-1.499993217 0 0)(0 0 -45)))
(1.128 ((-1.499993217 0 0)(0 0 -45)))
(1.129 ((-1.499993217 0 0)(0 0 -45)))
(1.13 ((-1.499993217 0 0)(0 0 -45)))
(1.131 ((-1.499993217 0 0)(0 0 -45)))
(1.132 ((-1.499993217 0 0)(0 0 -45)))
(1.133 ((-1.499993217 0 0)(0 0 -45)))
(1.134 ((-1.499993217 0 0)(0 0 -45)))
(1.135 ((-1.499993217 0 0)(0 0 -45)))
(1.136 ((-1.499993217 0 0)(0 0 -45)))
(1.137 ((-1.499993217 0 0)(0 0 -45)))
(1.138 ((-1.499993217 0 0)(0 0 -45)))
(1.139 ((-1.499993217 0 0)(0 0 -45)))
(1.14 ((-1.499993217 0 0)(0 0 -45)))
(1.141 ((-1.499993217 0 0)(0 0 -45)))
(1.142 ((-1.499993217 0 0)(0 0 -45)))
(1.143 ((-1.499993217 0 0)(0 0 -45)))
(1.144 ((-1.499993217 0 0)(0 0 -45)))
(1.145 ((-1.499993217 0 0)(0 0 -45)))
(1.146 ((-1.499993217 0 0)(0 0 -45)))
(1.147 ((-1.499993217 0 0)(0 0 -45)))
(1.148 ((-1.499993217 0 0)(0 0 -45)))
(1.149 ((-1.499993217 0 0)(0 0 -45)))
(1.15 ((-1.499993217 0 0)(0 0 -45)))
(1.151 ((-1.499993217 0 0)(0 0 -45)))
(1.152 ((-1.499993217 0 0)(0 0 -45)))
(1.153 ((-1.499993217 0 0)(0 0 -45)))
(1.154 ((-1.499993217 0 0)(0 0 -45)))
(1.155 ((-1.499993217 0 0)(0 0 -45)))
(1.156 ((-1.499993217 0 0)(0 0 -45)))
(1.157 ((-1.499993217 0 0)(0 0 -45)))
(1.158 ((-1.499993217 0 0)(0 0 -45)))
(1.159 ((-1.499993217 0 0)(0 0 -45)))
(1.16 ((-1.499993217 0 0)(0 0 -45)))
(1.161 ((-1.499993217 0 0)(0 0 -45)))
(1.162 ((-1.499993217 0 0)(0 0 -45)))
(1.163 ((-1.499993217 0 0)(0 0 -45)))
(1.164 ((-1.499993217 0 0)(0 0 -45)))
(1.165 ((-1.499993217 0 0)(0 0 -45)))
(1.166 ((-1.499993217 0 0)(0 0 -45)))
(1.167 ((-1.499993217 0 0)(0 0 -45)))
(1.168 ((-1.499993217 0 0)(0 0 -45)))
(1.169 ((-1.499993217 0 0)(0 0 -45)))
(1.17 ((-1.499993217 0 0)(0 0 -45)))
(1.171 ((-1.499993217 0 0)(0 0 -45)))
(1.172 ((-1.499993217 0 0)(0 0 -45)))
(1.173 ((-1.499993217 0 0)(0 0 -45)))
(1.174 ((-1.499993217 0 0)(0 0 -45)))
(1.175 ((-1.499993217 0 0)(0 0 -45)))
(1.176 ((-1.499993217 0 0)(0 0 -45)))
(1.177 ((-1.499993217 0 0)(0 0 -45)))
(1.178 ((-1.499993217 0 0)(0 0 -45)))
(1.179 ((-1.499993217 0 0)(0 0 -45)))
(1.18 ((-1.499993217 0 0)(0 0 -45)))
(1.181 ((-1.499993217 0 0)(0 0 -45)))
(1.182 ((-1.499993217 0 0)(0 0 -45)))
(1.183 ((-1.499993217 0 0)(0 0 -45)))
(1.184 ((-1.499993217 0 0)(0 0 -45)))
(1.185 ((-1.499993217 0 0)(0 0 -45)))
(1.186 ((-1.499993217 0 0)(0 0 -45)))
(1.187 ((-1.499993217 0 0)(0 0 -45)))
(1.188 ((-1.499993217 0 0)(0 0 -45)))
(1.189 ((-1.499993217 0 0)(0 0 -45)))
(1.19 ((-1.499993217 0 0)(0 0 -45)))
(1.191 ((-1.499993217 0 0)(0 0 -45)))
(1.192 ((-1.499993217 0 0)(0 0 -45)))
(1.193 ((-1.499993217 0 0)(0 0 -45)))
(1.194 ((-1.499993217 0 0)(0 0 -45)))
(1.195 ((-1.499993217 0 0)(0 0 -45)))
(1.196 ((-1.499993217 0 0)(0 0 -45)))
(1.197 ((-1.499993217 0 0)(0 0 -45)))
(1.198 ((-1.499993217 0 0)(0 0 -45)))
(1.199 ((-1.499993217 0 0)(0 0 -45)))
(1.2 ((-1.499993217 0 0)(0 0 -45)))
(1.201 ((-1.499993217 0 0)(0 0 -45)))
(1.202 ((-1.499993217 0 0)(0 0 -45)))
(1.203 ((-1.499993217 0 0)(0 0 -45)))
(1.204 ((-1.499993217 0 0)(0 0 -45)))
(1.205 ((-1.499993217 0 0)(0 0 -45)))
(1.206 ((-1.499993217 0 0)(0 0 -45)))
(1.207 ((-1.499993217 0 0)(0 0 -45)))
(1.208 ((-1.499993217 0 0)(0 0 -45)))
(1.209 ((-1.499993217 0 0)(0 0 -45)))
(1.21 ((-1.499993217 0 0)(0 0 -45)))
(1.211 ((-1.499993217 0 0)(0 0 -45)))
(1.212 ((-1.499993217 0 0)(0 0 -45)))
(1.213 ((-1.499993217 0 0)(0 0 -45)))
(1.214 ((-1.499993217 0 0)(0 0 -45)))
(1.215 ((-1.499993217 0 0)(0 0 -45)))
(1.216 ((-1.499993217 0 0)(0 0 -45)))
(1.217 ((-1.499993217 0 0)(0 0 -45)))
(1.218 ((-1.499993217 0 0)(0 0 -45)))
(1.219 ((-1.499993217 0 0)(0 0 -45)))
(1.22 ((-1.499993217 0 0)(0 0 -45)))
(1.221 ((-1.499993217 0 0)(0 0 -45)))
(1.222 ((-1.499993217 0 0)(0 0 -45)))
(1.223 ((-1.499993217 0 0)(0 0 -45)))
(1.224 ((-1.499993217 0 0)(0 0 -45)))
(1.225 ((-1.499993217 0 0)(0 0 -45)))
(1.226 ((-1.499993217 0 0)(0 0 -45)))
(1.227 ((-1.499993217 0 0)(0 0 -45)))
(1.228 ((-1.499993217 0 0)(0 0 -45)))
(1.229 ((-1.499993217 0 0)(0 0 -45)))
(1.23 ((-1.499993217 0 0)(0 0 -45)))
(1.231 ((-1.499993217 0 0)(0 0 -45)))
(1.232 ((-1.499993217 0 0)(0 0 -45)))
(1.233 ((-1.499993217 0 0)(0 0 -45)))
(1.234 ((-1.499993217 0 0)(0 0 -45)))
(1.235 ((-1.499993217 0 0)(0 0 -45)))
(1.236 ((-1.499993217 0 0)(0 0 -45)))
(1.237 ((-1.499993217 0 0)(0 0 -45)))
(1.238 ((-1.499993217 0 0)(0 0 -45)))
(1.239 ((-1.499993217 0 0)(0 0 -45)))
(1.24 ((-1.499993217 0 0)(0 0 -45)))
(1.241 ((-1.499993217 0 0)(0 0 -45)))
(1.242 ((-1.499993217 0 0)(0 0 -45)))
(1.243 ((-1.499993217 0 0)(0 0 -45)))
(1.244 ((-1.499993217 0 0)(0 0 -45)))
(1.245 ((-1.499993217 0 0)(0 0 -45)))
(1.246 ((-1.499993217 0 0)(0 0 -45)))
(1.247 ((-1.499993217 0 0)(0 0 -45)))
(1.248 ((-1.499993217 0 0)(0 0 -45)))
(1.249 ((-1.499993217 0 0)(0 0 -45)))
(1.25 ((-1.499993217 0 0)(0 0 -45)))
(1.251 ((-1.499993217 0 0)(0 0 -45)))
(1.252 ((-1.499993217 0 0)(0 0 -45)))
(1.253 ((-1.499993217 0 0)(0 0 -45)))
(1.254 ((-1.499993217 0 0)(0 0 -45)))
(1.255 ((-1.499993217 0 0)(0 0 -45)))
(1.256 ((-1.499993217 0 0)(0 0 -45)))
(1.257 ((-1.499993217 0 0)(0 0 -45)))
(1.258 ((-1.499993217 0 0)(0 0 -45)))
(1.259 ((-1.499993217 0 0)(0 0 -45)))
(1.26 ((-1.499993217 0 0)(0 0 -45)))
(1.261 ((-1.499993217 0 0)(0 0 -45)))
(1.262 ((-1.499993217 0 0)(0 0 -45)))
(1.263 ((-1.499993217 0 0)(0 0 -45)))
(1.264 ((-1.499993217 0 0)(0 0 -45)))
(1.265 ((-1.499993217 0 0)(0 0 -45)))
(1.266 ((-1.499993217 0 0)(0 0 -45)))
(1.267 ((-1.499993217 0 0)(0 0 -45)))
(1.268 ((-1.499993217 0 0)(0 0 -45)))
(1.269 ((-1.499993217 0 0)(0 0 -45)))
(1.27 ((-1.499993217 0 0)(0 0 -45)))
(1.271 ((-1.499993217 0 0)(0 0 -45)))
(1.272 ((-1.499993217 0 0)(0 0 -45)))
(1.273 ((-1.499993217 0 0)(0 0 -45)))
(1.274 ((-1.499993217 0 0)(0 0 -45)))
(1.275 ((-1.499993217 0 0)(0 0 -45)))
(1.276 ((-1.499993217 0 0)(0 0 -45)))
(1.277 ((-1.499993217 0 0)(0 0 -45)))
(1.278 ((-1.499993217 0 0)(0 0 -45)))
(1.279 ((-1.499993217 0 0)(0 0 -45)))
(1.28 ((-1.499993217 0 0)(0 0 -45)))
(1.281 ((-1.499993217 0 0)(0 0 -45)))
(1.282 ((-1.499993217 0 0)(0 0 -45)))
(1.283 ((-1.499993217 0 0)(0 0 -45)))
(1.284 ((-1.499993217 0 0)(0 0 -45)))
(1.285 ((-1.499993217 0 0)(0 0 -45)))
(1.286 ((-1.499993217 0 0)(0 0 -45)))
(1.287 ((-1.499993217 0 0)(0 0 -45)))
(1.288 ((-1.499993217 0 0)(0 0 -45)))
(1.289 ((-1.499993217 0 0)(0 0 -45)))
(1.29 ((-1.499993217 0 0)(0 0 -45)))
(1.291 ((-1.499993217 0 0)(0 0 -45)))
(1.292 ((-1.499993217 0 0)(0 0 -45)))
(1.293 ((-1.499993217 0 0)(0 0 -45)))
(1.294 ((-1.499993217 0 0)(0 0 -45)))
(1.295 ((-1.499993217 0 0)(0 0 -45)))
(1.296 ((-1.499993217 0 0)(0 0 -45)))
(1.297 ((-1.499993217 0 0)(0 0 -45)))
(1.298 ((-1.499993217 0 0)(0 0 -45)))
(1.299 ((-1.499993217 0 0)(0 0 -45)))
(1.3 ((-1.499993217 0 0)(0 0 -45)))
(1.301 ((-1.499993217 0 0)(0 0 -45)))
(1.302 ((-1.499993217 0 0)(0 0 -45)))
(1.303 ((-1.499993217 0 0)(0 0 -45)))
(1.304 ((-1.499993217 0 0)(0 0 -45)))
(1.305 ((-1.499993217 0 0)(0 0 -45)))
(1.306 ((-1.499993217 0 0)(0 0 -45)))
(1.307 ((-1.499993217 0 0)(0 0 -45)))
(1.308 ((-1.499993217 0 0)(0 0 -45)))
(1.309 ((-1.499993217 0 0)(0 0 -45)))
(1.31 ((-1.499993217 0 0)(0 0 -45)))
(1.311 ((-1.499993217 0 0)(0 0 -45)))
(1.312 ((-1.499993217 0 0)(0 0 -45)))
(1.313 ((-1.499993217 0 0)(0 0 -45)))
(1.314 ((-1.499993217 0 0)(0 0 -45)))
(1.315 ((-1.499993217 0 0)(0 0 -45)))
(1.316 ((-1.499993217 0 0)(0 0 -45)))
(1.317 ((-1.499993217 0 0)(0 0 -45)))
(1.318 ((-1.499993217 0 0)(0 0 -45)))
(1.319 ((-1.499993217 0 0)(0 0 -45)))
(1.32 ((-1.499993217 0 0)(0 0 -45)))
(1.321 ((-1.499993217 0 0)(0 0 -45)))
(1.322 ((-1.499993217 0 0)(0 0 -45)))
(1.323 ((-1.499993217 0 0)(0 0 -45)))
(1.324 ((-1.499993217 0 0)(0 0 -45)))
(1.325 ((-1.499993217 0 0)(0 0 -45)))
(1.326 ((-1.499993217 0 0)(0 0 -45)))
(1.327 ((-1.499993217 0 0)(0 0 -45)))
(1.328 ((-1.499993217 0 0)(0 0 -45)))
(1.329 ((-1.499993217 0 0)(0 0 -45)))
(1.33 ((-1.499993217 0 0)(0 0 -45)))
(1.331 ((-1.499993217 0 0)(0 0 -45)))
(1.332 ((-1.499993217 0 0)(0 0 -45)))
(1.333 ((-1.499993217 0 0)(0 0 -45)))
(1.334 ((-1.499993217 0 0)(0 0 -45)))
(1.335 ((-1.499993217 0 0)(0 0 -45)))
(1.336 ((-1.499993217 0 0)(0 0 -45)))
(1.337 ((-1.499993217 0 0)(0 0 -45)))
(1.338 ((-1.499993217 0 0)(0 0 -45)))
(1.339 ((-1.499993217 0 0)(0 0 -45)))
(1.34 ((-1.499993217 0 0)(0 0 -45)))
(1.341 ((-1.499993217 0 0)(0 0 -45)))
(1.342 ((-1.499993217 0 0)(0 0 -45)))
(1.343 ((-1.499993217 0 0)(0 0 -45)))
(1.344 ((-1.499993217 0 0)(0 0 -45)))
(1.345 ((-1.499993217 0 0)(0 0 -45)))
(1.346 ((-1.499993217 0 0)(0 0 -45)))
(1.347 ((-1.499993217 0 0)(0 0 -45)))
(1.348 ((-1.499993217 0 0)(0 0 -45)))
(1.349 ((-1.499993217 0 0)(0 0 -45)))
(1.35 ((-1.499993217 0 0)(0 0 -45)))
(1.351 ((-1.499993217 0 0)(0 0 -45)))
(1.352 ((-1.499993217 0 0)(0 0 -45)))
(1.353 ((-1.499993217 0 0)(0 0 -45)))
(1.354 ((-1.499993217 0 0)(0 0 -45)))
(1.355 ((-1.499993217 0 0)(0 0 -45)))
(1.356 ((-1.499993217 0 0)(0 0 -45)))
(1.357 ((-1.499993217 0 0)(0 0 -45)))
(1.358 ((-1.499993217 0 0)(0 0 -45)))
(1.359 ((-1.499993217 0 0)(0 0 -45)))
(1.36 ((-1.499993217 0 0)(0 0 -45)))
(1.361 ((-1.499993217 0 0)(0 0 -45)))
(1.362 ((-1.499993217 0 0)(0 0 -45)))
(1.363 ((-1.499993217 0 0)(0 0 -45)))
(1.364 ((-1.499993217 0 0)(0 0 -45)))
(1.365 ((-1.499993217 0 0)(0 0 -45)))
(1.366 ((-1.499993217 0 0)(0 0 -45)))
(1.367 ((-1.499993217 0 0)(0 0 -45)))
(1.368 ((-1.499993217 0 0)(0 0 -45)))
(1.369 ((-1.499993217 0 0)(0 0 -45)))
(1.37 ((-1.499993217 0 0)(0 0 -45)))
(1.371 ((-1.499993217 0 0)(0 0 -45)))
(1.372 ((-1.499993217 0 0)(0 0 -45)))
(1.373 ((-1.499993217 0 0)(0 0 -45)))
(1.374 ((-1.499993217 0 0)(0 0 -45)))
(1.375 ((-1.499993217 0 0)(0 0 -45)))
(1.376 ((-1.499993217 0 0)(0 0 -45)))
(1.377 ((-1.499993217 0 0)(0 0 -45)))
(1.378 ((-1.499993217 0 0)(0 0 -45)))
(1.379 ((-1.499993217 0 0)(0 0 -45)))
(1.38 ((-1.499993217 0 0)(0 0 -45)))
(1.381 ((-1.499993217 0 0)(0 0 -45)))
(1.382 ((-1.499993217 0 0)(0 0 -45)))
(1.383 ((-1.499993217 0 0)(0 0 -45)))
(1.384 ((-1.499993217 0 0)(0 0 -45)))
(1.385 ((-1.499993217 0 0)(0 0 -45)))
(1.386 ((-1.499993217 0 0)(0 0 -45)))
(1.387 ((-1.499993217 0 0)(0 0 -45)))
(1.388 ((-1.499993217 0 0)(0 0 -45)))
(1.389 ((-1.499993217 0 0)(0 0 -45)))
(1.39 ((-1.499993217 0 0)(0 0 -45)))
(1.391 ((-1.499993217 0 0)(0 0 -45)))
(1.392 ((-1.499993217 0 0)(0 0 -45)))
(1.393 ((-1.499993217 0 0)(0 0 -45)))
(1.394 ((-1.499993217 0 0)(0 0 -45)))
(1.395 ((-1.499993217 0 0)(0 0 -45)))
(1.396 ((-1.499993217 0 0)(0 0 -45)))
(1.397 ((-1.499993217 0 0)(0 0 -45)))
(1.398 ((-1.499993217 0 0)(0 0 -45)))
(1.399 ((-1.499993217 0 0)(0 0 -45)))
(1.4 ((-1.499993217 0 0)(0 0 -45)))
(1.401 ((-1.499993217 0 0)(0 0 -45)))
(1.402 ((-1.499993217 0 0)(0 0 -45)))
(1.403 ((-1.499993217 0 0)(0 0 -45)))
(1.404 ((-1.499993217 0 0)(0 0 -45)))
(1.405 ((-1.499993217 0 0)(0 0 -45)))
(1.406 ((-1.499993217 0 0)(0 0 -45)))
(1.407 ((-1.499993217 0 0)(0 0 -45)))
(1.408 ((-1.499993217 0 0)(0 0 -45)))
(1.409 ((-1.499993217 0 0)(0 0 -45)))
(1.41 ((-1.499993217 0 0)(0 0 -45)))
(1.411 ((-1.499993217 0 0)(0 0 -45)))
(1.412 ((-1.499993217 0 0)(0 0 -45)))
(1.413 ((-1.499993217 0 0)(0 0 -45)))
(1.414 ((-1.499993217 0 0)(0 0 -45)))
(1.415 ((-1.499993217 0 0)(0 0 -45)))
(1.416 ((-1.499993217 0 0)(0 0 -45)))
(1.417 ((-1.499993217 0 0)(0 0 -45)))
(1.418 ((-1.499993217 0 0)(0 0 -45)))
(1.419 ((-1.499993217 0 0)(0 0 -45)))
(1.42 ((-1.499993217 0 0)(0 0 -45)))
(1.421 ((-1.499993217 0 0)(0 0 -45)))
(1.422 ((-1.499993217 0 0)(0 0 -45)))
(1.423 ((-1.499993217 0 0)(0 0 -45)))
(1.424 ((-1.499993217 0 0)(0 0 -45)))
(1.425 ((-1.499993217 0 0)(0 0 -45)))
(1.426 ((-1.499993217 0 0)(0 0 -45)))
(1.427 ((-1.499993217 0 0)(0 0 -45)))
(1.428 ((-1.499993217 0 0)(0 0 -45)))
(1.429 ((-1.499993217 0 0)(0 0 -45)))
(1.43 ((-1.499993217 0 0)(0 0 -45)))
(1.431 ((-1.499993217 0 0)(0 0 -45)))
(1.432 ((-1.499993217 0 0)(0 0 -45)))
(1.433 ((-1.499993217 0 0)(0 0 -45)))
(1.434 ((-1.499993217 0 0)(0 0 -45)))
(1.435 ((-1.499993217 0 0)(0 0 -45)))
(1.436 ((-1.499993217 0 0)(0 0 -45)))
(1.437 ((-1.499993217 0 0)(0 0 -45)))
(1.438 ((-1.499993217 0 0)(0 0 -45)))
(1.439 ((-1.499993217 0 0)(0 0 -45)))
(1.44 ((-1.499993217 0 0)(0 0 -45)))
(1.441 ((-1.499993217 0 0)(0 0 -45)))
(1.442 ((-1.499993217 0 0)(0 0 -45)))
(1.443 ((-1.499993217 0 0)(0 0 -45)))
(1.444 ((-1.499993217 0 0)(0 0 -45)))
(1.445 ((-1.499993217 0 0)(0 0 -45)))
(1.446 ((-1.499993217 0 0)(0 0 -45)))
(1.447 ((-1.499993217 0 0)(0 0 -45)))
(1.448 ((-1.499993217 0 0)(0 0 -45)))
(1.449 ((-1.499993217 0 0)(0 0 -45)))
(1.45 ((-1.499993217 0 0)(0 0 -45)))
(1.451 ((-1.499993217 0 0)(0 0 -45)))
(1.452 ((-1.499993217 0 0)(0 0 -45)))
(1.453 ((-1.499993217 0 0)(0 0 -45)))
(1.454 ((-1.499993217 0 0)(0 0 -45)))
(1.455 ((-1.499993217 0 0)(0 0 -45)))
(1.456 ((-1.499993217 0 0)(0 0 -45)))
(1.457 ((-1.499993217 0 0)(0 0 -45)))
(1.458 ((-1.499993217 0 0)(0 0 -45)))
(1.459 ((-1.499993217 0 0)(0 0 -45)))
(1.46 ((-1.499993217 0 0)(0 0 -45)))
(1.461 ((-1.499993217 0 0)(0 0 -45)))
(1.462 ((-1.499993217 0 0)(0 0 -45)))
(1.463 ((-1.499993217 0 0)(0 0 -45)))
(1.464 ((-1.499993217 0 0)(0 0 -45)))
(1.465 ((-1.499993217 0 0)(0 0 -45)))
(1.466 ((-1.499993217 0 0)(0 0 -45)))
(1.467 ((-1.499993217 0 0)(0 0 -45)))
(1.468 ((-1.499993217 0 0)(0 0 -45)))
(1.469 ((-1.499993217 0 0)(0 0 -45)))
(1.47 ((-1.499993217 0 0)(0 0 -45)))
(1.471 ((-1.499993217 0 0)(0 0 -45)))
(1.472 ((-1.499993217 0 0)(0 0 -45)))
(1.473 ((-1.499993217 0 0)(0 0 -45)))
(1.474 ((-1.499993217 0 0)(0 0 -45)))
(1.475 ((-1.499993217 0 0)(0 0 -45)))
(1.476 ((-1.499993217 0 0)(0 0 -45)))
(1.477 ((-1.499993217 0 0)(0 0 -45)))
(1.478 ((-1.499993217 0 0)(0 0 -45)))
(1.479 ((-1.499993217 0 0)(0 0 -45)))
(1.48 ((-1.499993217 0 0)(0 0 -45)))
(1.481 ((-1.499993217 0 0)(0 0 -45)))
(1.482 ((-1.499993217 0 0)(0 0 -45)))
(1.483 ((-1.499993217 0 0)(0 0 -45)))
(1.484 ((-1.499993217 0 0)(0 0 -45)))
(1.485 ((-1.499993217 0 0)(0 0 -45)))
(1.486 ((-1.499993217 0 0)(0 0 -45)))
(1.487 ((-1.499993217 0 0)(0 0 -45)))
(1.488 ((-1.499993217 0 0)(0 0 -45)))
(1.489 ((-1.499993217 0 0)(0 0 -45)))
(1.49 ((-1.499993217 0 0)(0 0 -45)))
(1.491 ((-1.499993217 0 0)(0 0 -45)))
(1.492 ((-1.499993217 0 0)(0 0 -45)))
(1.493 ((-1.499993217 0 0)(0 0 -45)))
(1.494 ((-1.499993217 0 0)(0 0 -45)))
(1.495 ((-1.499993217 0 0)(0 0 -45)))
(1.496 ((-1.499993217 0 0)(0 0 -45)))
(1.497 ((-1.499993217 0 0)(0 0 -45)))
(1.498 ((-1.499993217 0 0)(0 0 -45)))
(1.499 ((-1.499993217 0 0)(0 0 -45)))
(1.5 ((-1.499993217 0 0)(0 0 -45)))
(1.501 ((-1.499993217 0 0)(0 0 -45)))
(1.502 ((-1.499993217 0 0)(0 0 -45)))
(1.503 ((-1.499993217 0 0)(0 0 -45)))
(1.504 ((-1.499993217 0 0)(0 0 -45)))
(1.505 ((-1.499993217 0 0)(0 0 -45)))
(1.506 ((-1.499993217 0 0)(0 0 -45)))
(1.507 ((-1.499993217 0 0)(0 0 -45)))
(1.508 ((-1.499993217 0 0)(0 0 -45)))
(1.509 ((-1.499993217 0 0)(0 0 -45)))
(1.51 ((-1.499993217 0 0)(0 0 -45)))
(1.511 ((-1.499993217 0 0)(0 0 -45)))
(1.512 ((-1.499993217 0 0)(0 0 -45)))
(1.513 ((-1.499993217 0 0)(0 0 -45)))
(1.514 ((-1.499993217 0 0)(0 0 -45)))
(1.515 ((-1.499993217 0 0)(0 0 -45)))
(1.516 ((-1.499993217 0 0)(0 0 -45)))
(1.517 ((-1.499993217 0 0)(0 0 -45)))
(1.518 ((-1.499993217 0 0)(0 0 -45)))
(1.519 ((-1.499993217 0 0)(0 0 -45)))
(1.52 ((-1.499993217 0 0)(0 0 -45)))
(1.521 ((-1.499993217 0 0)(0 0 -45)))
(1.522 ((-1.499993217 0 0)(0 0 -45)))
(1.523 ((-1.499993217 0 0)(0 0 -45)))
(1.524 ((-1.499993217 0 0)(0 0 -45)))
(1.525 ((-1.499993217 0 0)(0 0 -45)))
(1.526 ((-1.499993217 0 0)(0 0 -45)))
(1.527 ((-1.499993217 0 0)(0 0 -45)))
(1.528 ((-1.499993217 0 0)(0 0 -45)))
(1.529 ((-1.499993217 0 0)(0 0 -45)))
(1.53 ((-1.499993217 0 0)(0 0 -45)))
(1.531 ((-1.499993217 0 0)(0 0 -45)))
(1.532 ((-1.499993217 0 0)(0 0 -45)))
(1.533 ((-1.499993217 0 0)(0 0 -45)))
(1.534 ((-1.499993217 0 0)(0 0 -45)))
(1.535 ((-1.499993217 0 0)(0 0 -45)))
(1.536 ((-1.499993217 0 0)(0 0 -45)))
(1.537 ((-1.499993217 0 0)(0 0 -45)))
(1.538 ((-1.499993217 0 0)(0 0 -45)))
(1.539 ((-1.499993217 0 0)(0 0 -45)))
(1.54 ((-1.499993217 0 0)(0 0 -45)))
(1.541 ((-1.499993217 0 0)(0 0 -45)))
(1.542 ((-1.499993217 0 0)(0 0 -45)))
(1.543 ((-1.499993217 0 0)(0 0 -45)))
(1.544 ((-1.499993217 0 0)(0 0 -45)))
(1.545 ((-1.499993217 0 0)(0 0 -45)))
(1.546 ((-1.499993217 0 0)(0 0 -45)))
(1.547 ((-1.499993217 0 0)(0 0 -45)))
(1.548 ((-1.499993217 0 0)(0 0 -45)))
(1.549 ((-1.499993217 0 0)(0 0 -45)))
(1.55 ((-1.499993217 0 0)(0 0 -45)))
(1.551 ((-1.499993217 0 0)(0 0 -45)))
(1.552 ((-1.499993217 0 0)(0 0 -45)))
(1.553 ((-1.499993217 0 0)(0 0 -45)))
(1.554 ((-1.499993217 0 0)(0 0 -45)))
(1.555 ((-1.499993217 0 0)(0 0 -45)))
(1.556 ((-1.499993217 0 0)(0 0 -45)))
(1.557 ((-1.499993217 0 0)(0 0 -45)))
(1.558 ((-1.499993217 0 0)(0 0 -45)))
(1.559 ((-1.499993217 0 0)(0 0 -45)))
(1.56 ((-1.499993217 0 0)(0 0 -45)))
(1.561 ((-1.499993217 0 0)(0 0 -45)))
(1.562 ((-1.499993217 0 0)(0 0 -45)))
(1.563 ((-1.499993217 0 0)(0 0 -45)))
(1.564 ((-1.499993217 0 0)(0 0 -45)))
(1.565 ((-1.499993217 0 0)(0 0 -45)))
(1.566 ((-1.499993217 0 0)(0 0 -45)))
(1.567 ((-1.499993217 0 0)(0 0 -45)))
(1.568 ((-1.499993217 0 0)(0 0 -45)))
(1.569 ((-1.499993217 0 0)(0 0 -45)))
(1.57 ((-1.499993217 0 0)(0 0 -45)))
(1.571 ((-1.499993217 0 0)(0 0 -45)))
(1.572 ((-1.499993217 0 0)(0 0 -45)))
(1.573 ((-1.499993217 0 0)(0 0 -45)))
(1.574 ((-1.499993217 0 0)(0 0 -45)))
(1.575 ((-1.499993217 0 0)(0 0 -45)))
(1.576 ((-1.499993217 0 0)(0 0 -45)))
(1.577 ((-1.499993217 0 0)(0 0 -45)))
(1.578 ((-1.499993217 0 0)(0 0 -45)))
(1.579 ((-1.499993217 0 0)(0 0 -45)))
(1.58 ((-1.499993217 0 0)(0 0 -45)))
(1.581 ((-1.499993217 0 0)(0 0 -45)))
(1.582 ((-1.499993217 0 0)(0 0 -45)))
(1.583 ((-1.499993217 0 0)(0 0 -45)))
(1.584 ((-1.499993217 0 0)(0 0 -45)))
(1.585 ((-1.499993217 0 0)(0 0 -45)))
(1.586 ((-1.499993217 0 0)(0 0 -45)))
(1.587 ((-1.499993217 0 0)(0 0 -45)))
(1.588 ((-1.499993217 0 0)(0 0 -45)))
(1.589 ((-1.499993217 0 0)(0 0 -45)))
(1.59 ((-1.499993217 0 0)(0 0 -45)))
(1.591 ((-1.499993217 0 0)(0 0 -45)))
(1.592 ((-1.499993217 0 0)(0 0 -45)))
(1.593 ((-1.499993217 0 0)(0 0 -45)))
(1.594 ((-1.499993217 0 0)(0 0 -45)))
(1.595 ((-1.499993217 0 0)(0 0 -45)))
(1.596 ((-1.499993217 0 0)(0 0 -45)))
(1.597 ((-1.499993217 0 0)(0 0 -45)))
(1.598 ((-1.499993217 0 0)(0 0 -45)))
(1.599 ((-1.499993217 0 0)(0 0 -45)))
(1.6 ((-1.499993217 0 0)(0 0 -45)))
(1.601 ((-1.499993217 0 0)(0 0 -45)))
(1.602 ((-1.499993217 0 0)(0 0 -45)))
(1.603 ((-1.499993217 0 0)(0 0 -45)))
(1.604 ((-1.499993217 0 0)(0 0 -45)))
(1.605 ((-1.499993217 0 0)(0 0 -45)))
(1.606 ((-1.499993217 0 0)(0 0 -45)))
(1.607 ((-1.499993217 0 0)(0 0 -45)))
(1.608 ((-1.499993217 0 0)(0 0 -45)))
(1.609 ((-1.499993217 0 0)(0 0 -45)))
(1.61 ((-1.499993217 0 0)(0 0 -45)))
(1.611 ((-1.499993217 0 0)(0 0 -45)))
(1.612 ((-1.499993217 0 0)(0 0 -45)))
(1.613 ((-1.499993217 0 0)(0 0 -45)))
(1.614 ((-1.499993217 0 0)(0 0 -45)))
(1.615 ((-1.499993217 0 0)(0 0 -45)))
(1.616 ((-1.499993217 0 0)(0 0 -45)))
(1.617 ((-1.499993217 0 0)(0 0 -45)))
(1.618 ((-1.499993217 0 0)(0 0 -45)))
(1.619 ((-1.499993217 0 0)(0 0 -45)))
(1.62 ((-1.499993217 0 0)(0 0 -45)))
(1.621 ((-1.499993217 0 0)(0 0 -45)))
(1.622 ((-1.499993217 0 0)(0 0 -45)))
(1.623 ((-1.499993217 0 0)(0 0 -45)))
(1.624 ((-1.499993217 0 0)(0 0 -45)))
(1.625 ((-1.499993217 0 0)(0 0 -45)))
(1.626 ((-1.499993217 0 0)(0 0 -45)))
(1.627 ((-1.499993217 0 0)(0 0 -45)))
(1.628 ((-1.499993217 0 0)(0 0 -45)))
(1.629 ((-1.499993217 0 0)(0 0 -45)))
(1.63 ((-1.499993217 0 0)(0 0 -45)))
(1.631 ((-1.499993217 0 0)(0 0 -45)))
(1.632 ((-1.499993217 0 0)(0 0 -45)))
(1.633 ((-1.499993217 0 0)(0 0 -45)))
(1.634 ((-1.499993217 0 0)(0 0 -45)))
(1.635 ((-1.499993217 0 0)(0 0 -45)))
(1.636 ((-1.499993217 0 0)(0 0 -45)))
(1.637 ((-1.499993217 0 0)(0 0 -45)))
(1.638 ((-1.499993217 0 0)(0 0 -45)))
(1.639 ((-1.499993217 0 0)(0 0 -45)))
(1.64 ((-1.499993217 0 0)(0 0 -45)))
(1.641 ((-1.499993217 0 0)(0 0 -45)))
(1.642 ((-1.499993217 0 0)(0 0 -45)))
(1.643 ((-1.499993217 0 0)(0 0 -45)))
(1.644 ((-1.499993217 0 0)(0 0 -45)))
(1.645 ((-1.499993217 0 0)(0 0 -45)))
(1.646 ((-1.499993217 0 0)(0 0 -45)))
(1.647 ((-1.499993217 0 0)(0 0 -45)))
(1.648 ((-1.499993217 0 0)(0 0 -45)))
(1.649 ((-1.499993217 0 0)(0 0 -45)))
(1.65 ((-1.499993217 0 0)(0 0 -45)))
(1.651 ((-1.499993217 0 0)(0 0 -45)))
(1.652 ((-1.499993217 0 0)(0 0 -45)))
(1.653 ((-1.499993217 0 0)(0 0 -45)))
(1.654 ((-1.499993217 0 0)(0 0 -45)))
(1.655 ((-1.499993217 0 0)(0 0 -45)))
(1.656 ((-1.499993217 0 0)(0 0 -45)))
(1.657 ((-1.499993217 0 0)(0 0 -45)))
(1.658 ((-1.499993217 0 0)(0 0 -45)))
(1.659 ((-1.499993217 0 0)(0 0 -45)))
(1.66 ((-1.499993217 0 0)(0 0 -45)))
(1.661 ((-1.499993217 0 0)(0 0 -45)))
(1.662 ((-1.499993217 0 0)(0 0 -45)))
(1.663 ((-1.499993217 0 0)(0 0 -45)))
(1.664 ((-1.499993217 0 0)(0 0 -45)))
(1.665 ((-1.499993217 0 0)(0 0 -45)))
(1.666 ((-1.499993217 0 0)(0 0 -45)))
(1.667 ((-1.499993217 0 0)(0 0 -45)))
(1.668 ((-1.499993217 0 0)(0 0 -45)))
(1.669 ((-1.499993217 0 0)(0 0 -45)))
(1.67 ((-1.499993217 0 0)(0 0 -45)))
(1.671 ((-1.499993217 0 0)(0 0 -45)))
(1.672 ((-1.499993217 0 0)(0 0 -45)))
(1.673 ((-1.499993217 0 0)(0 0 -45)))
(1.674 ((-1.499993217 0 0)(0 0 -45)))
(1.675 ((-1.499993217 0 0)(0 0 -45)))
(1.676 ((-1.499993217 0 0)(0 0 -45)))
(1.677 ((-1.499993217 0 0)(0 0 -45)))
(1.678 ((-1.499993217 0 0)(0 0 -45)))
(1.679 ((-1.499993217 0 0)(0 0 -45)))
(1.68 ((-1.499993217 0 0)(0 0 -45)))
(1.681 ((-1.499993217 0 0)(0 0 -45)))
(1.682 ((-1.499993217 0 0)(0 0 -45)))
(1.683 ((-1.499993217 0 0)(0 0 -45)))
(1.684 ((-1.499993217 0 0)(0 0 -45)))
(1.685 ((-1.499993217 0 0)(0 0 -45)))
(1.686 ((-1.499993217 0 0)(0 0 -45)))
(1.687 ((-1.499993217 0 0)(0 0 -45)))
(1.688 ((-1.499993217 0 0)(0 0 -45)))
(1.689 ((-1.499993217 0 0)(0 0 -45)))
(1.69 ((-1.499993217 0 0)(0 0 -45)))
(1.691 ((-1.499993217 0 0)(0 0 -45)))
(1.692 ((-1.499993217 0 0)(0 0 -45)))
(1.693 ((-1.499993217 0 0)(0 0 -45)))
(1.694 ((-1.499993217 0 0)(0 0 -45)))
(1.695 ((-1.499993217 0 0)(0 0 -45)))
(1.696 ((-1.499993217 0 0)(0 0 -45)))
(1.697 ((-1.499993217 0 0)(0 0 -45)))
(1.698 ((-1.499993217 0 0)(0 0 -45)))
(1.699 ((-1.499993217 0 0)(0 0 -45)))
(1.7 ((-1.499993217 0 0)(0 0 -45)))
(1.701 ((-1.499993217 0 0)(0 0 -45)))
(1.702 ((-1.499993217 0 0)(0 0 -45)))
(1.703 ((-1.499993217 0 0)(0 0 -45)))
(1.704 ((-1.499993217 0 0)(0 0 -45)))
(1.705 ((-1.499993217 0 0)(0 0 -45)))
(1.706 ((-1.499993217 0 0)(0 0 -45)))
(1.707 ((-1.499993217 0 0)(0 0 -45)))
(1.708 ((-1.499993217 0 0)(0 0 -45)))
(1.709 ((-1.499993217 0 0)(0 0 -45)))
(1.71 ((-1.499993217 0 0)(0 0 -45)))
(1.711 ((-1.499993217 0 0)(0 0 -45)))
(1.712 ((-1.499993217 0 0)(0 0 -45)))
(1.713 ((-1.499993217 0 0)(0 0 -45)))
(1.714 ((-1.499993217 0 0)(0 0 -45)))
(1.715 ((-1.499993217 0 0)(0 0 -45)))
(1.716 ((-1.499993217 0 0)(0 0 -45)))
(1.717 ((-1.499993217 0 0)(0 0 -45)))
(1.718 ((-1.499993217 0 0)(0 0 -45)))
(1.719 ((-1.499993217 0 0)(0 0 -45)))
(1.72 ((-1.499993217 0 0)(0 0 -45)))
(1.721 ((-1.499993217 0 0)(0 0 -45)))
(1.722 ((-1.499993217 0 0)(0 0 -45)))
(1.723 ((-1.499993217 0 0)(0 0 -45)))
(1.724 ((-1.499993217 0 0)(0 0 -45)))
(1.725 ((-1.499993217 0 0)(0 0 -45)))
(1.726 ((-1.499993217 0 0)(0 0 -45)))
(1.727 ((-1.499993217 0 0)(0 0 -45)))
(1.728 ((-1.499993217 0 0)(0 0 -45)))
(1.729 ((-1.499993217 0 0)(0 0 -45)))
(1.73 ((-1.499993217 0 0)(0 0 -45)))
(1.731 ((-1.499993217 0 0)(0 0 -45)))
(1.732 ((-1.499993217 0 0)(0 0 -45)))
(1.733 ((-1.499993217 0 0)(0 0 -45)))
(1.734 ((-1.499993217 0 0)(0 0 -45)))
(1.735 ((-1.499993217 0 0)(0 0 -45)))
(1.736 ((-1.499993217 0 0)(0 0 -45)))
(1.737 ((-1.499993217 0 0)(0 0 -45)))
(1.738 ((-1.499993217 0 0)(0 0 -45)))
(1.739 ((-1.499993217 0 0)(0 0 -45)))
(1.74 ((-1.499993217 0 0)(0 0 -45)))
(1.741 ((-1.499993217 0 0)(0 0 -45)))
(1.742 ((-1.499993217 0 0)(0 0 -45)))
(1.743 ((-1.499993217 0 0)(0 0 -45)))
(1.744 ((-1.499993217 0 0)(0 0 -45)))
(1.745 ((-1.499993217 0 0)(0 0 -45)))
(1.746 ((-1.499993217 0 0)(0 0 -45)))
(1.747 ((-1.499993217 0 0)(0 0 -45)))
(1.748 ((-1.499993217 0 0)(0 0 -45)))
(1.749 ((-1.499993217 0 0)(0 0 -45)))
(1.75 ((-1.499993217 0 0)(0 0 -45)))
(1.751 ((-1.499993217 0 0)(0 0 -45)))
(1.752 ((-1.499993217 0 0)(0 0 -45)))
(1.753 ((-1.499993217 0 0)(0 0 -45)))
(1.754 ((-1.499993217 0 0)(0 0 -45)))
(1.755 ((-1.499993217 0 0)(0 0 -45)))
(1.756 ((-1.499993217 0 0)(0 0 -45)))
(1.757 ((-1.499993217 0 0)(0 0 -45)))
(1.758 ((-1.499993217 0 0)(0 0 -45)))
(1.759 ((-1.499993217 0 0)(0 0 -45)))
(1.76 ((-1.499993217 0 0)(0 0 -45)))
(1.761 ((-1.499993217 0 0)(0 0 -45)))
(1.762 ((-1.499993217 0 0)(0 0 -45)))
(1.763 ((-1.499993217 0 0)(0 0 -45)))
(1.764 ((-1.499993217 0 0)(0 0 -45)))
(1.765 ((-1.499993217 0 0)(0 0 -45)))
(1.766 ((-1.499993217 0 0)(0 0 -45)))
(1.767 ((-1.499993217 0 0)(0 0 -45)))
(1.768 ((-1.499993217 0 0)(0 0 -45)))
(1.769 ((-1.499993217 0 0)(0 0 -45)))
(1.77 ((-1.499993217 0 0)(0 0 -45)))
(1.771 ((-1.499993217 0 0)(0 0 -45)))
(1.772 ((-1.499993217 0 0)(0 0 -45)))
(1.773 ((-1.499993217 0 0)(0 0 -45)))
(1.774 ((-1.499993217 0 0)(0 0 -45)))
(1.775 ((-1.499993217 0 0)(0 0 -45)))
(1.776 ((-1.499993217 0 0)(0 0 -45)))
(1.777 ((-1.499993217 0 0)(0 0 -45)))
(1.778 ((-1.499993217 0 0)(0 0 -45)))
(1.779 ((-1.499993217 0 0)(0 0 -45)))
(1.78 ((-1.499993217 0 0)(0 0 -45)))
(1.781 ((-1.499993217 0 0)(0 0 -45)))
(1.782 ((-1.499993217 0 0)(0 0 -45)))
(1.783 ((-1.499993217 0 0)(0 0 -45)))
(1.784 ((-1.499993217 0 0)(0 0 -45)))
(1.785 ((-1.499993217 0 0)(0 0 -45)))
(1.786 ((-1.499993217 0 0)(0 0 -45)))
(1.787 ((-1.499993217 0 0)(0 0 -45)))
(1.788 ((-1.499993217 0 0)(0 0 -45)))
(1.789 ((-1.499993217 0 0)(0 0 -45)))
(1.79 ((-1.499993217 0 0)(0 0 -45)))
(1.791 ((-1.499993217 0 0)(0 0 -45)))
(1.792 ((-1.499993217 0 0)(0 0 -45)))
(1.793 ((-1.499993217 0 0)(0 0 -45)))
(1.794 ((-1.499993217 0 0)(0 0 -45)))
(1.795 ((-1.499993217 0 0)(0 0 -45)))
(1.796 ((-1.499993217 0 0)(0 0 -45)))
(1.797 ((-1.499993217 0 0)(0 0 -45)))
(1.798 ((-1.499993217 0 0)(0 0 -45)))
(1.799 ((-1.499993217 0 0)(0 0 -45)))
(1.8 ((-1.499993217 0 0)(0 0 -45)))
(1.801 ((-1.499993217 0 0)(0 0 -45)))
(1.802 ((-1.499993217 0 0)(0 0 -45)))
(1.803 ((-1.499993217 0 0)(0 0 -45)))
(1.804 ((-1.499993217 0 0)(0 0 -45)))
(1.805 ((-1.499993217 0 0)(0 0 -45)))
(1.806 ((-1.499993217 0 0)(0 0 -45)))
(1.807 ((-1.499993217 0 0)(0 0 -45)))
(1.808 ((-1.499993217 0 0)(0 0 -45)))
(1.809 ((-1.499993217 0 0)(0 0 -45)))
(1.81 ((-1.499993217 0 0)(0 0 -45)))
(1.811 ((-1.499993217 0 0)(0 0 -45)))
(1.812 ((-1.499993217 0 0)(0 0 -45)))
(1.813 ((-1.499993217 0 0)(0 0 -45)))
(1.814 ((-1.499993217 0 0)(0 0 -45)))
(1.815 ((-1.499993217 0 0)(0 0 -45)))
(1.816 ((-1.499993217 0 0)(0 0 -45)))
(1.817 ((-1.499993217 0 0)(0 0 -45)))
(1.818 ((-1.499993217 0 0)(0 0 -45)))
(1.819 ((-1.499993217 0 0)(0 0 -45)))
(1.82 ((-1.499993217 0 0)(0 0 -45)))
(1.821 ((-1.499993217 0 0)(0 0 -45)))
(1.822 ((-1.499993217 0 0)(0 0 -45)))
(1.823 ((-1.499993217 0 0)(0 0 -45)))
(1.824 ((-1.499993217 0 0)(0 0 -45)))
(1.825 ((-1.499993217 0 0)(0 0 -45)))
(1.826 ((-1.499993217 0 0)(0 0 -45)))
(1.827 ((-1.499993217 0 0)(0 0 -45)))
(1.828 ((-1.499993217 0 0)(0 0 -45)))
(1.829 ((-1.499993217 0 0)(0 0 -45)))
(1.83 ((-1.499993217 0 0)(0 0 -45)))
(1.831 ((-1.499993217 0 0)(0 0 -45)))
(1.832 ((-1.499993217 0 0)(0 0 -45)))
(1.833 ((-1.499993217 0 0)(0 0 -45)))
(1.834 ((-1.499993217 0 0)(0 0 -45)))
(1.835 ((-1.499993217 0 0)(0 0 -45)))
(1.836 ((-1.499993217 0 0)(0 0 -45)))
(1.837 ((-1.499993217 0 0)(0 0 -45)))
(1.838 ((-1.499993217 0 0)(0 0 -45)))
(1.839 ((-1.499993217 0 0)(0 0 -45)))
(1.84 ((-1.499993217 0 0)(0 0 -45)))
(1.841 ((-1.499993217 0 0)(0 0 -45)))
(1.842 ((-1.499993217 0 0)(0 0 -45)))
(1.843 ((-1.499993217 0 0)(0 0 -45)))
(1.844 ((-1.499993217 0 0)(0 0 -45)))
(1.845 ((-1.499993217 0 0)(0 0 -45)))
(1.846 ((-1.499993217 0 0)(0 0 -45)))
(1.847 ((-1.499993217 0 0)(0 0 -45)))
(1.848 ((-1.499993217 0 0)(0 0 -45)))
(1.849 ((-1.499993217 0 0)(0 0 -45)))
(1.85 ((-1.499993217 0 0)(0 0 -45)))
(1.851 ((-1.499993217 0 0)(0 0 -45)))
(1.852 ((-1.499993217 0 0)(0 0 -45)))
(1.853 ((-1.499993217 0 0)(0 0 -45)))
(1.854 ((-1.499993217 0 0)(0 0 -45)))
(1.855 ((-1.499993217 0 0)(0 0 -45)))
(1.856 ((-1.499993217 0 0)(0 0 -45)))
(1.857 ((-1.499993217 0 0)(0 0 -45)))
(1.858 ((-1.499993217 0 0)(0 0 -45)))
(1.859 ((-1.499993217 0 0)(0 0 -45)))
(1.86 ((-1.499993217 0 0)(0 0 -45)))
(1.861 ((-1.499993217 0 0)(0 0 -45)))
(1.862 ((-1.499993217 0 0)(0 0 -45)))
(1.863 ((-1.499993217 0 0)(0 0 -45)))
(1.864 ((-1.499993217 0 0)(0 0 -45)))
(1.865 ((-1.499993217 0 0)(0 0 -45)))
(1.866 ((-1.499993217 0 0)(0 0 -45)))
(1.867 ((-1.499993217 0 0)(0 0 -45)))
(1.868 ((-1.499993217 0 0)(0 0 -45)))
(1.869 ((-1.499993217 0 0)(0 0 -45)))
(1.87 ((-1.499993217 0 0)(0 0 -45)))
(1.871 ((-1.499993217 0 0)(0 0 -45)))
(1.872 ((-1.499993217 0 0)(0 0 -45)))
(1.873 ((-1.499993217 0 0)(0 0 -45)))
(1.874 ((-1.499993217 0 0)(0 0 -45)))
(1.875 ((-1.499993217 0 0)(0 0 -45)))
(1.876 ((-1.499993217 0 0)(0 0 -45)))
(1.877 ((-1.499993217 0 0)(0 0 -45)))
(1.878 ((-1.499993217 0 0)(0 0 -45)))
(1.879 ((-1.499993217 0 0)(0 0 -45)))
(1.88 ((-1.499993217 0 0)(0 0 -45)))
(1.881 ((-1.499993217 0 0)(0 0 -45)))
(1.882 ((-1.499993217 0 0)(0 0 -45)))
(1.883 ((-1.499993217 0 0)(0 0 -45)))
(1.884 ((-1.499993217 0 0)(0 0 -45)))
(1.885 ((-1.499993217 0 0)(0 0 -45)))
(1.886 ((-1.499993217 0 0)(0 0 -45)))
(1.887 ((-1.499993217 0 0)(0 0 -45)))
(1.888 ((-1.499993217 0 0)(0 0 -45)))
(1.889 ((-1.499993217 0 0)(0 0 -45)))
(1.89 ((-1.499993217 0 0)(0 0 -45)))
(1.891 ((-1.499993217 0 0)(0 0 -45)))
(1.892 ((-1.499993217 0 0)(0 0 -45)))
(1.893 ((-1.499993217 0 0)(0 0 -45)))
(1.894 ((-1.499993217 0 0)(0 0 -45)))
(1.895 ((-1.499993217 0 0)(0 0 -45)))
(1.896 ((-1.499993217 0 0)(0 0 -45)))
(1.897 ((-1.499993217 0 0)(0 0 -45)))
(1.898 ((-1.499993217 0 0)(0 0 -45)))
(1.899 ((-1.499993217 0 0)(0 0 -45)))
(1.9 ((-1.499993217 0 0)(0 0 -45)))
(1.901 ((-1.499993217 0 0)(0 0 -45)))
(1.902 ((-1.499993217 0 0)(0 0 -45)))
(1.903 ((-1.499993217 0 0)(0 0 -45)))
(1.904 ((-1.499993217 0 0)(0 0 -45)))
(1.905 ((-1.499993217 0 0)(0 0 -45)))
(1.906 ((-1.499993217 0 0)(0 0 -45)))
(1.907 ((-1.499993217 0 0)(0 0 -45)))
(1.908 ((-1.499993217 0 0)(0 0 -45)))
(1.909 ((-1.499993217 0 0)(0 0 -45)))
(1.91 ((-1.499993217 0 0)(0 0 -45)))
(1.911 ((-1.499993217 0 0)(0 0 -45)))
(1.912 ((-1.499993217 0 0)(0 0 -45)))
(1.913 ((-1.499993217 0 0)(0 0 -45)))
(1.914 ((-1.499993217 0 0)(0 0 -45)))
(1.915 ((-1.499993217 0 0)(0 0 -45)))
(1.916 ((-1.499993217 0 0)(0 0 -45)))
(1.917 ((-1.499993217 0 0)(0 0 -45)))
(1.918 ((-1.499993217 0 0)(0 0 -45)))
(1.919 ((-1.499993217 0 0)(0 0 -45)))
(1.92 ((-1.499993217 0 0)(0 0 -45)))
(1.921 ((-1.499993217 0 0)(0 0 -45)))
(1.922 ((-1.499993217 0 0)(0 0 -45)))
(1.923 ((-1.499993217 0 0)(0 0 -45)))
(1.924 ((-1.499993217 0 0)(0 0 -45)))
(1.925 ((-1.499993217 0 0)(0 0 -45)))
(1.926 ((-1.499993217 0 0)(0 0 -45)))
(1.927 ((-1.499993217 0 0)(0 0 -45)))
(1.928 ((-1.499993217 0 0)(0 0 -45)))
(1.929 ((-1.499993217 0 0)(0 0 -45)))
(1.93 ((-1.499993217 0 0)(0 0 -45)))
(1.931 ((-1.499993217 0 0)(0 0 -45)))
(1.932 ((-1.499993217 0 0)(0 0 -45)))
(1.933 ((-1.499993217 0 0)(0 0 -45)))
(1.934 ((-1.499993217 0 0)(0 0 -45)))
(1.935 ((-1.499993217 0 0)(0 0 -45)))
(1.936 ((-1.499993217 0 0)(0 0 -45)))
(1.937 ((-1.499993217 0 0)(0 0 -45)))
(1.938 ((-1.499993217 0 0)(0 0 -45)))
(1.939 ((-1.499993217 0 0)(0 0 -45)))
(1.94 ((-1.499993217 0 0)(0 0 -45)))
(1.941 ((-1.499993217 0 0)(0 0 -45)))
(1.942 ((-1.499993217 0 0)(0 0 -45)))
(1.943 ((-1.499993217 0 0)(0 0 -45)))
(1.944 ((-1.499993217 0 0)(0 0 -45)))
(1.945 ((-1.499993217 0 0)(0 0 -45)))
(1.946 ((-1.499993217 0 0)(0 0 -45)))
(1.947 ((-1.499993217 0 0)(0 0 -45)))
(1.948 ((-1.499993217 0 0)(0 0 -45)))
(1.949 ((-1.499993217 0 0)(0 0 -45)))
(1.95 ((-1.499993217 0 0)(0 0 -45)))
(1.951 ((-1.499993217 0 0)(0 0 -45)))
(1.952 ((-1.499993217 0 0)(0 0 -45)))
(1.953 ((-1.499993217 0 0)(0 0 -45)))
(1.954 ((-1.499993217 0 0)(0 0 -45)))
(1.955 ((-1.499993217 0 0)(0 0 -45)))
(1.956 ((-1.499993217 0 0)(0 0 -45)))
(1.957 ((-1.499993217 0 0)(0 0 -45)))
(1.958 ((-1.499993217 0 0)(0 0 -45)))
(1.959 ((-1.499993217 0 0)(0 0 -45)))
(1.96 ((-1.499993217 0 0)(0 0 -45)))
(1.961 ((-1.499993217 0 0)(0 0 -45)))
(1.962 ((-1.499993217 0 0)(0 0 -45)))
(1.963 ((-1.499993217 0 0)(0 0 -45)))
(1.964 ((-1.499993217 0 0)(0 0 -45)))
(1.965 ((-1.499993217 0 0)(0 0 -45)))
(1.966 ((-1.499993217 0 0)(0 0 -45)))
(1.967 ((-1.499993217 0 0)(0 0 -45)))
(1.968 ((-1.499993217 0 0)(0 0 -45)))
(1.969 ((-1.499993217 0 0)(0 0 -45)))
(1.97 ((-1.499993217 0 0)(0 0 -45)))
(1.971 ((-1.499993217 0 0)(0 0 -45)))
(1.972 ((-1.499993217 0 0)(0 0 -45)))
(1.973 ((-1.499993217 0 0)(0 0 -45)))
(1.974 ((-1.499993217 0 0)(0 0 -45)))
(1.975 ((-1.499993217 0 0)(0 0 -45)))
(1.976 ((-1.499993217 0 0)(0 0 -45)))
(1.977 ((-1.499993217 0 0)(0 0 -45)))
(1.978 ((-1.499993217 0 0)(0 0 -45)))
(1.979 ((-1.499993217 0 0)(0 0 -45)))
(1.98 ((-1.499993217 0 0)(0 0 -45)))
(1.981 ((-1.499993217 0 0)(0 0 -45)))
(1.982 ((-1.499993217 0 0)(0 0 -45)))
(1.983 ((-1.499993217 0 0)(0 0 -45)))
(1.984 ((-1.499993217 0 0)(0 0 -45)))
(1.985 ((-1.499993217 0 0)(0 0 -45)))
(1.986 ((-1.499993217 0 0)(0 0 -45)))
(1.987 ((-1.499993217 0 0)(0 0 -45)))
(1.988 ((-1.499993217 0 0)(0 0 -45)))
(1.989 ((-1.499993217 0 0)(0 0 -45)))
(1.99 ((-1.499993217 0 0)(0 0 -45)))
(1.991 ((-1.499993217 0 0)(0 0 -45)))
(1.992 ((-1.499993217 0 0)(0 0 -45)))
(1.993 ((-1.499993217 0 0)(0 0 -45)))
(1.994 ((-1.499993217 0 0)(0 0 -45)))
(1.995 ((-1.499993217 0 0)(0 0 -45)))
(1.996 ((-1.499993217 0 0)(0 0 -45)))
(1.997 ((-1.499993217 0 0)(0 0 -45)))
(1.998 ((-1.499993217 0 0)(0 0 -45)))
(1.999 ((-1.499993217 0 0)(0 0 -45)))
(2 ((-1.499993217 0 0)(0 0 -45)))
(2.001 ((-1.499993217 0 0)(0 0 -45)))
(2.002 ((-1.499993217 0 0)(0 0 -45)))
(2.003 ((-1.499993217 0 0)(0 0 -45)))
(2.004 ((-1.499993217 0 0)(0 0 -45)))
(2.005 ((-1.499993217 0 0)(0 0 -45)))
(2.006 ((-1.499993217 0 0)(0 0 -45)))
(2.007 ((-1.499993217 0 0)(0 0 -45)))
(2.008 ((-1.499993217 0 0)(0 0 -45)))
(2.009 ((-1.499993217 0 0)(0 0 -45)))
(2.01 ((-1.499993217 0 0)(0 0 -45)))
(2.011 ((-1.499993217 0 0)(0 0 -45)))
(2.012 ((-1.499993217 0 0)(0 0 -45)))
(2.013 ((-1.499993217 0 0)(0 0 -45)))
(2.014 ((-1.499993217 0 0)(0 0 -45)))
(2.015 ((-1.499993217 0 0)(0 0 -45)))
(2.016 ((-1.499993217 0 0)(0 0 -45)))
(2.017 ((-1.499993217 0 0)(0 0 -45)))
(2.018 ((-1.499993217 0 0)(0 0 -45)))
(2.019 ((-1.499993217 0 0)(0 0 -45)))
(2.02 ((-1.499993217 0 0)(0 0 -45)))
(2.021 ((-1.499993217 0 0)(0 0 -45)))
(2.022 ((-1.499993217 0 0)(0 0 -45)))
(2.023 ((-1.499993217 0 0)(0 0 -45)))
(2.024 ((-1.499993217 0 0)(0 0 -45)))
(2.025 ((-1.499993217 0 0)(0 0 -45)))
(2.026 ((-1.499993217 0 0)(0 0 -45)))
(2.027 ((-1.499993217 0 0)(0 0 -45)))
(2.028 ((-1.499993217 0 0)(0 0 -45)))
(2.029 ((-1.499993217 0 0)(0 0 -45)))
(2.03 ((-1.499993217 0 0)(0 0 -45)))
(2.031 ((-1.499993217 0 0)(0 0 -45)))
(2.032 ((-1.499993217 0 0)(0 0 -45)))
(2.033 ((-1.499993217 0 0)(0 0 -45)))
(2.034 ((-1.499993217 0 0)(0 0 -45)))
(2.035 ((-1.499993217 0 0)(0 0 -45)))
(2.036 ((-1.499993217 0 0)(0 0 -45)))
(2.037 ((-1.499993217 0 0)(0 0 -45)))
(2.038 ((-1.499993217 0 0)(0 0 -45)))
(2.039 ((-1.499993217 0 0)(0 0 -45)))
(2.04 ((-1.499993217 0 0)(0 0 -45)))
(2.041 ((-1.499993217 0 0)(0 0 -45)))
(2.042 ((-1.499993217 0 0)(0 0 -45)))
(2.043 ((-1.499993217 0 0)(0 0 -45)))
(2.044 ((-1.499993217 0 0)(0 0 -45)))
(2.045 ((-1.499993217 0 0)(0 0 -45)))
(2.046 ((-1.499993217 0 0)(0 0 -45)))
(2.047 ((-1.499993217 0 0)(0 0 -45)))
(2.048 ((-1.499993217 0 0)(0 0 -45)))
(2.049 ((-1.499993217 0 0)(0 0 -45)))
(2.05 ((-1.499993217 0 0)(0 0 -45)))
(2.051 ((-1.499993217 0 0)(0 0 -45)))
(2.052 ((-1.499993217 0 0)(0 0 -45)))
(2.053 ((-1.499993217 0 0)(0 0 -45)))
(2.054 ((-1.499993217 0 0)(0 0 -45)))
(2.055 ((-1.499993217 0 0)(0 0 -45)))
(2.056 ((-1.499993217 0 0)(0 0 -45)))
(2.057 ((-1.499993217 0 0)(0 0 -45)))
(2.058 ((-1.499993217 0 0)(0 0 -45)))
(2.059 ((-1.499993217 0 0)(0 0 -45)))
(2.06 ((-1.499993217 0 0)(0 0 -45)))
(2.061 ((-1.499993217 0 0)(0 0 -45)))
(2.062 ((-1.499993217 0 0)(0 0 -45)))
(2.063 ((-1.499993217 0 0)(0 0 -45)))
(2.064 ((-1.499993217 0 0)(0 0 -45)))
(2.065 ((-1.499993217 0 0)(0 0 -45)))
(2.066 ((-1.499993217 0 0)(0 0 -45)))
(2.067 ((-1.499993217 0 0)(0 0 -45)))
(2.068 ((-1.499993217 0 0)(0 0 -45)))
(2.069 ((-1.499993217 0 0)(0 0 -45)))
(2.07 ((-1.499993217 0 0)(0 0 -45)))
(2.071 ((-1.499993217 0 0)(0 0 -45)))
(2.072 ((-1.499993217 0 0)(0 0 -45)))
(2.073 ((-1.499993217 0 0)(0 0 -45)))
(2.074 ((-1.499993217 0 0)(0 0 -45)))
(2.075 ((-1.499993217 0 0)(0 0 -45)))
(2.076 ((-1.499993217 0 0)(0 0 -45)))
(2.077 ((-1.499993217 0 0)(0 0 -45)))
(2.078 ((-1.499993217 0 0)(0 0 -45)))
(2.079 ((-1.499993217 0 0)(0 0 -45)))
(2.08 ((-1.499993217 0 0)(0 0 -45)))
(2.081 ((-1.499993217 0 0)(0 0 -45)))
(2.082 ((-1.499993217 0 0)(0 0 -45)))
(2.083 ((-1.499993217 0 0)(0 0 -45)))
(2.084 ((-1.499993217 0 0)(0 0 -45)))
(2.085 ((-1.499993217 0 0)(0 0 -45)))
(2.086 ((-1.499993217 0 0)(0 0 -45)))
(2.087 ((-1.499993217 0 0)(0 0 -45)))
(2.088 ((-1.499993217 0 0)(0 0 -45)))
(2.089 ((-1.499993217 0 0)(0 0 -45)))
(2.09 ((-1.499993217 0 0)(0 0 -45)))
(2.091 ((-1.499993217 0 0)(0 0 -45)))
(2.092 ((-1.499993217 0 0)(0 0 -45)))
(2.093 ((-1.499993217 0 0)(0 0 -45)))
(2.094 ((-1.499993217 0 0)(0 0 -45)))
(2.095 ((-1.499993217 0 0)(0 0 -45)))
(2.096 ((-1.499993217 0 0)(0 0 -45)))
(2.097 ((-1.499993217 0 0)(0 0 -45)))
(2.098 ((-1.499993217 0 0)(0 0 -45)))
(2.099 ((-1.499993217 0 0)(0 0 -45)))
)
