2100
(
(0 ((-0 0 0)(0 0 -0)))
(0.001 ((-5.974024118e-06 0 0)(0 0 -1.29810922e-16)))
(0.002 ((-1.325435384e-05 0 0)(0 0 4.930380658e-32)))
(0.003 ((-2.2122761e-05 0 0)(0 0 -6.854922392e-16)))
(0.004 ((-3.291930467e-05 0 0)(0 0 -1.32998841e-15)))
(0.005 ((-4.605402969e-05 0 0)(0 0 -1.323165693e-15)))
(0.006 ((-6.201983808e-05 0 0)(0 0 -7.059603904e-16)))
(0.007 ((-8.140729482e-05 0 0)(0 0 7.504988803e-17)))
(0.008 ((-0.000104921139 0 0)(0 0 -7.056017961e-16)))
(0.009 ((-0.0001333983526 0 0)(0 0 -1.324600071e-15)))
(0.01 ((-0.0001678273573 0 0)(0 0 -1.324609494e-15)))
(0.011 ((-0.0002093676368 0 0)(0 0 -7.055735251e-16)))
(0.012 ((-0.000259368727 0 0)(0 0 7.494622798e-17)))
(0.013 ((-0.0003193871288 0 0)(0 0 -7.055740212e-16)))
(0.014 ((-0.0003911993164 0 0)(0 0 -1.32460751e-15)))
(0.015 ((-0.0004768087326 0 0)(0 0 -1.324607511e-15)))
(0.016 ((-0.0005784445781 0 0)(0 0 -7.05574019e-16)))
(0.017 ((-0.0006985504334 0 0)(0 0 7.494622001e-17)))
(0.018 ((-0.0008397613842 0 0)(0 0 -7.055734954e-16)))
(0.019 ((-0.001004869372 0 0)(0 0 -1.324609605e-15)))
(0.02 ((-0.001196777844 0 0)(0 0 -1.324599657e-15)))
(0.021 ((-0.001418448221 0 0)(0 0 -7.056033392e-16)))
(0.022 ((-0.001672841923 0 0)(0 0 7.505564694e-17)))
(0.023 ((-0.001962862397 0 0)(0 0 -7.05981883e-16)))
(0.024 ((-0.002291301586 0 0)(0 0 -1.323085482e-15)))
(0.025 ((-0.002660794574 0 0)(0 0 -1.330287762e-15)))
(0.026 ((-0.003073784943 0 0)(0 0 -6.843750416e-16)))
(0.027 ((-0.003532501892 0 0)(0 0 -4.169438224e-18)))
(0.028 ((-0.004038948866 0 0)(0 0 -1.142503667e-16)))
(0.029 ((-0.004594902337 0 0)(0 0 -5.807278294e-17)))
(0.03 ((-0.005201918806 0 0)(0 0 -1.727021895e-16)))
(0.031 ((-0.005861347811 0 0)(0 0 5.256973261e-16)))
(0.032 ((-0.006574348834 0 0)(0 0 1.103382876e-15)))
(0.033 ((-0.007341910297 0 0)(0 0 1.64695484e-15)))
(0.034 ((-0.008164869182 0 0)(0 0 2.447695112e-15)))
(0.035 ((-0.009043930229 0 0)(0 0 1.661756792e-15)))
(0.036 ((-0.009979684 0 0)(0 0 1.044175068e-15)))
(0.037 ((-0.0109726234 0 0)(0 0 1.043786081e-15)))
(0.038 ((-0.01202315847 0 0)(0 0 1.662923753e-15)))
(0.039 ((-0.01313162932 0 0)(0 0 2.443416255e-15)))
(0.04 ((-0.01429831746 0 0)(0 0 1.662903309e-15)))
(0.041 ((-0.01552345542 0 0)(0 0 1.043867859e-15)))
(0.042 ((-0.01680723498 0 0)(0 0 1.043868397e-15)))
(0.043 ((-0.0181498141 0 0)(0 0 1.662901697e-15)))
(0.044 ((-0.01955132274 0 0)(0 0 2.443422165e-15)))
(0.045 ((-0.02101186774 0 0)(0 0 1.662901725e-15)))
(0.046 ((-0.02253153687 0 0)(0 0 1.043868284e-15)))
(0.047 ((-0.02411040216 0 0)(0 0 1.043868284e-15)))
(0.048 ((-0.02574852276 0 0)(0 0 1.662901725e-15)))
(0.049 ((-0.02744594713 0 0)(0 0 2.443422165e-15)))
(0.05 ((-0.02920271505 0 0)(0 0 1.662901697e-15)))
(0.051 ((-0.03101885912 0 0)(0 0 1.043868397e-15)))
(0.052 ((-0.03289440604 0 0)(0 0 1.043867859e-15)))
(0.053 ((-0.0348293777 0 0)(0 0 1.662903311e-15)))
(0.054 ((-0.03682379204 0 0)(0 0 2.443416244e-15)))
(0.055 ((-0.03887766374 0 0)(0 0 1.662923792e-15)))
(0.056 ((-0.04099100484 0 0)(0 0 1.043785937e-15)))
(0.057 ((-0.04316382519 0 0)(0 0 1.044175602e-15)))
(0.058 ((-0.04539613286 0 0)(0 0 1.661754798e-15)))
(0.059 ((-0.04768793446 0 0)(0 0 2.447702555e-15)))
(0.06 ((-0.05003923541 0 0)(0 0 1.646927062e-15)))
(0.061 ((-0.05245004014 0 0)(0 0 1.103486544e-15)))
(0.062 ((-0.05492035227 0 0)(0 0 5.253104295e-16)))
(0.063 ((-0.05745017477 0 0)(0 0 -1.712582718e-16)))
(0.064 ((-0.06003951007 0 0)(0 0 -6.346155707e-17)))
(0.065 ((-0.06268836017 0 0)(0 0 -9.413918784e-17)))
(0.066 ((-0.06539672669 0 0)(0 0 -7.922537948e-17)))
(0.067 ((-0.06816461096 0 0)(0 0 -1.082029822e-16)))
(0.068 ((-0.07099201408 0 0)(0 0 -7.206379828e-18)))
(0.069 ((-0.07387893692 0 0)(0 0 -6.782746597e-16)))
(0.07 ((-0.07682538023 0 0)(0 0 -1.351652348e-15)))
(0.071 ((-0.07983134458 0 0)(0 0 -1.24372752e-15)))
(0.072 ((-0.08289683046 0 0)(0 0 -1.298108617e-15)))
(0.073 ((-0.08602183826 0 0)(0 0 -1.188509056e-15)))
(0.074 ((-0.0892063683 0 0)(0 0 -1.868585678e-15)))
(0.075 ((-0.09245042081 0 0)(0 0 -2.514532956e-15)))
(0.076 ((-0.095753996 0 0)(0 0 -2.507321429e-15)))
(0.077 ((-0.09911709401 0 0)(0 0 -1.89022026e-15)))
(0.078 ((-0.102539715 0 0)(0 0 -1.109182256e-15)))
(0.079 ((-0.1060218589 0 0)(0 0 -1.889840706e-15)))
(0.08 ((-0.109563526 0 0)(0 0 -2.508839642e-15)))
(0.081 ((-0.1131647161 0 0)(0 0 -2.508839655e-15)))
(0.082 ((-0.1168254293 0 0)(0 0 -1.889840668e-15)))
(0.083 ((-0.1205456654 0 0)(0 0 -1.109182397e-15)))
(0.084 ((-0.1243254246 0 0)(0 0 -1.890219735e-15)))
(0.085 ((-0.1281647065 0 0)(0 0 -2.507323386e-15)))
(0.086 ((-0.1320635112 0 0)(0 0 -2.514525652e-15)))
(0.087 ((-0.1360218383 0 0)(0 0 -1.868612935e-15)))
(0.088 ((-0.1400396876 0 0)(0 0 -1.188407331e-15)))
(0.089 ((-0.1441170589 0 0)(0 0 -1.29848826e-15)))
(0.09 ((-0.1482539517 0 0)(0 0 -1.242310676e-15)))
(0.091 ((-0.1524503655 0 0)(0 0 -1.356940082e-15)))
(0.092 ((-0.1567062998 0 0)(0 0 -6.585405668e-16)))
(0.093 ((-0.1610217538 0 0)(0 0 -8.085501707e-17)))
(0.094 ((-0.1653967267 0 0)(0 0 4.627169472e-16)))
(0.095 ((-0.1698312173 0 0)(0 0 1.263457219e-15)))
(0.096 ((-0.1743252244 0 0)(0 0 4.775188993e-16)))
(0.097 ((-0.1788787462 0 0)(0 0 -1.400628254e-16)))
(0.098 ((-0.1834917808 0 0)(0 0 -1.404518124e-16)))
(0.099 ((-0.1881643259 0 0)(0 0 4.786858604e-16)))
(0.1 ((-0.1928963783 0 0)(0 0 1.259178362e-15)))
(0.101 ((-0.1976879345 0 0)(0 0 4.786654157e-16)))
(0.102 ((-0.20253899 0 0)(0 0 -1.403700335e-16)))
(0.103 ((-0.2074495395 0 0)(0 0 -1.403694962e-16)))
(0.104 ((-0.2124195763 0 0)(0 0 4.786638038e-16)))
(0.105 ((-0.2174490923 0 0)(0 0 1.259184272e-15)))
(0.106 ((-0.2225380777 0 0)(0 0 4.786638321e-16)))
(0.107 ((-0.2276865206 0 0)(0 0 -1.403696094e-16)))
(0.108 ((-0.232894406 0 0)(0 0 -1.403696094e-16)))
(0.109 ((-0.2381617163 0 0)(0 0 4.786638321e-16)))
(0.11 ((-0.2434884293 0 0)(0 0 1.259184272e-15)))
(0.111 ((-0.2488745186 0 0)(0 0 4.786638038e-16)))
(0.112 ((-0.2543199513 0 0)(0 0 -1.403694962e-16)))
(0.113 ((-0.2598246879 0 0)(0 0 -1.403700335e-16)))
(0.114 ((-0.2653886797 0 0)(0 0 4.786654157e-16)))
(0.115 ((-0.2710118677 0 0)(0 0 1.259178362e-15)))
(0.116 ((-0.2766941799 0 0)(0 0 4.786858604e-16)))
(0.117 ((-0.2824355284 0 0)(0 0 -1.404518124e-16)))
(0.118 ((-0.2882358064 0 0)(0 0 -1.400628254e-16)))
(0.119 ((-0.294094884 0 0)(0 0 4.775188993e-16)))
(0.12 ((-0.3000126032 0 0)(0 0 1.263457219e-15)))
(0.121 ((-0.3059887722 0 0)(0 0 4.627169472e-16)))
(0.122 ((-0.3120231585 0 0)(0 0 -8.085501707e-17)))
(0.123 ((-0.3181154805 0 0)(0 0 -6.585405668e-16)))
(0.124 ((-0.3242653983 0 0)(0 0 -1.356940082e-15)))
(0.125 ((-0.3304725017 0 0)(0 0 -1.242310676e-15)))
(0.126 ((-0.3367362978 0 0)(0 0 -1.29848826e-15)))
(0.127 ((-0.343056196 0 0)(0 0 -1.188407331e-15)))
(0.128 ((-0.3494314917 0 0)(0 0 -1.868612934e-15)))
(0.129 ((-0.3558613478 0 0)(0 0 -2.514525655e-15)))
(0.13 ((-0.3623447759 0 0)(0 0 -2.507323375e-15)))
(0.131 ((-0.3688806166 0 0)(0 0 -1.890219776e-15)))
(0.132 ((-0.3754675203 0 0)(0 0 -1.109182246e-15)))
(0.133 ((-0.3821039305 0 0)(0 0 -1.889841232e-15)))
(0.134 ((-0.3887880707 0 0)(0 0 -2.50883755e-15)))
(0.135 ((-0.3955179374 0 0)(0 0 -2.508847498e-15)))
(0.136 ((-0.4022913016 0 0)(0 0 -1.889811388e-15)))
(0.137 ((-0.4091057195 0 0)(0 0 -1.109291673e-15)))
(0.138 ((-0.4159585562 0 0)(0 0 -1.889811912e-15)))
(0.139 ((-0.4228470196 0 0)(0 0 -2.508845404e-15)))
(0.14 ((-0.4297682064 0 0)(0 0 -2.508845404e-15)))
(0.141 ((-0.4367191551 0 0)(0 0 -1.889811912e-15)))
(0.142 ((-0.4436969042 0 0)(0 0 -1.109291673e-15)))
(0.143 ((-0.4506985504 0 0)(0 0 -1.889811388e-15)))
(0.144 ((-0.4577213017 0 0)(0 0 -2.508847498e-15)))
(0.145 ((-0.464762523 0 0)(0 0 -2.50883755e-15)))
(0.146 ((-0.4718197707 0 0)(0 0 -1.889841232e-15)))
(0.147 ((-0.4788908157 0 0)(0 0 -1.109182246e-15)))
(0.148 ((-0.4859736544 0 0)(0 0 -1.890219776e-15)))
(0.149 ((-0.4930665105 0 0)(0 0 -2.507323375e-15)))
(0.15 ((-0.5001678274 0 0)(0 0 -2.514525655e-15)))
(0.151 ((-0.5072762555 0 0)(0 0 -1.868612934e-15)))
(0.152 ((-0.5143906354 0 0)(0 0 -1.188407331e-15)))
(0.153 ((-0.5215099787 0 0)(0 0 -1.29848826e-15)))
(0.154 ((-0.5286334484 0 0)(0 0 -1.242310676e-15)))
(0.155 ((-0.5357603397 0 0)(0 0 -1.356940082e-15)))
(0.156 ((-0.5428900622 0 0)(0 0 -6.585405668e-16)))
(0.157 ((-0.5500221228 0 0)(0 0 -8.085501707e-17)))
(0.158 ((-0.5571561115 0 0)(0 0 4.627169472e-16)))
(0.159 ((-0.5642916883 0 0)(0 0 1.263457219e-15)))
(0.16 ((-0.5714285716 0 0)(0 0 4.775188993e-16)))
(0.161 ((-0.5785665288 0 0)(0 0 -1.400628254e-16)))
(0.162 ((-0.5857053683 0 0)(0 0 -1.404518124e-16)))
(0.163 ((-0.5928449321 0 0)(0 0 4.786858603e-16)))
(0.164 ((-0.5999850901 0 0)(0 0 1.259178362e-15)))
(0.165 ((-0.6071257356 0 0)(0 0 4.786654149e-16)))
(0.166 ((-0.6142667807 0 0)(0 0 -1.403700308e-16)))
(0.167 ((-0.6214081535 0 0)(0 0 -1.403695065e-16)))
(0.168 ((-0.6285497948 0 0)(0 0 4.78663842e-16)))
(0.169 ((-0.6356916562 0 0)(0 0 1.259184129e-15)))
(0.17 ((-0.6428336978 0 0)(0 0 4.786643643e-16)))
(0.171 ((-0.649975887 0 0)(0 0 -1.403715956e-16)))
(0.172 ((-0.6571181972 0 0)(0 0 -1.403621966e-16)))
(0.173 ((-0.6642606065 0 0)(0 0 4.786361672e-16)))
(0.174 ((-0.6714030969 0 0)(0 0 1.259287519e-15)))
(0.175 ((-0.6785456538 0 0)(0 0 4.782784815e-16)))
(0.176 ((-0.6856882651 0 0)(0 0 -1.389314537e-16)))
(0.177 ((-0.6928309209 0 0)(0 0 -1.457368813e-16)))
(0.178 ((-0.6999736132 0 0)(0 0 4.986947641e-16)))
(0.179 ((-0.7071163354 0 0)(0 0 1.184427816e-15)))
(0.18 ((-0.714259082 0 0)(0 0 1.05371817e-15)))
(0.181 ((-0.7214018487 0 0)(0 0 1.186883176e-15)))
(0.182 ((-0.7285446317 0 0)(0 0 4.888733245e-16)))
(0.183 ((-0.7356874282 0 0)(0 0 -1.089064829e-16)))
(0.184 ((-0.7428302357 0 0)(0 0 -5.72491081e-16)))
(0.185 ((-0.7499730522 0 0)(0 0 -1.969146033e-15)))
(0.186 ((-0.7571158761 0 0)(0 0 -2.432250037e-15)))
(0.187 ((-0.764258706 0 0)(0 0 -3.03195222e-15)))
(0.188 ((-0.7714015408 0 0)(0 0 -3.722753163e-15)))
(0.189 ((-0.7785443797 0 0)(0 0 -3.616501415e-15)))
(0.19 ((-0.7856872218 0 0)(0 0 -3.646766937e-15)))
(0.191 ((-0.7928300667 0 0)(0 0 -3.631956597e-15)))
(0.192 ((-0.7999729139 0 0)(0 0 -3.660932434e-15)))
(0.193 ((-0.8071157628 0 0)(0 0 -3.559839426e-15)))
(0.194 ((-0.8142586132 0 0)(0 0 -4.231295096e-15)))
(0.195 ((-0.8214014649 0 0)(0 0 -4.903219631e-15)))
(0.196 ((-0.8285443175 0 0)(0 0 -4.800720024e-15)))
(0.197 ((-0.8356871709 0 0)(0 0 -4.834853392e-15)))
(0.198 ((-0.8428300251 0 0)(0 0 -4.800819528e-15)))
(0.199 ((-0.8499728797 0 0)(0 0 -4.902821616e-15)))
(0.2 ((-0.8571157349 0 0)(0 0 -4.232787653e-15)))
(0.201 ((-0.8642585903 0 0)(0 0 -3.554267212e-15)))
(0.202 ((-0.8714014461 0 0)(0 0 -3.681728732e-15)))
(0.203 ((-0.8785443022 0 0)(0 0 -3.554343621e-15)))
(0.204 ((-0.8856871584 0 0)(0 0 -4.232482018e-15)))
(0.205 ((-0.8928300148 0 0)(0 0 -4.903967748e-15)))
(0.206 ((-0.8999728713 0 0)(0 0 -4.796540635e-15)))
(0.207 ((-0.907115728 0 0)(0 0 -4.85082283e-15)))
(0.208 ((-0.9142585847 0 0)(0 0 -4.741121164e-15)))
(0.209 ((-0.9214014415 0 0)(0 0 -5.421705105e-15)))
(0.21 ((-0.9285442984 0 0)(0 0 -6.065725213e-15)))
(0.211 ((-0.9356871553 0 0)(0 0 -6.065715046e-15)))
(0.212 ((-0.9428300123 0 0)(0 0 -5.421735607e-15)))
(0.213 ((-0.9499728692 0 0)(0 0 -4.741009324e-15)))
(0.214 ((-0.9571157263 0 0)(0 0 -4.85123969e-15)))
(0.215 ((-0.9642585833 0 0)(0 0 -4.794985034e-15)))
(0.216 ((-0.9714014404 0 0)(0 0 -4.909773293e-15)))
(0.217 ((-0.9785442974 0 0)(0 0 -4.21081544e-15)))
(0.218 ((-0.9856871545 0 0)(0 0 -3.635204387e-15)))
(0.219 ((-0.9928300116 0 0)(0 0 -3.083892774e-15)))
(0.22 ((-0.9999728687 0 0)(0 0 -2.3120366e-15)))
(0.221 ((-1.007115726 0 0)(0 0 -2.990178177e-15)))
(0.222 ((-1.014258583 0 0)(0 0 -4.306122246e-15)))
(0.223 ((-1.02140144 0 0)(0 0 -4.877512803e-15)))
(0.224 ((-1.028544297 0 0)(0 0 -4.828720185e-15)))
(0.225 ((-1.035687154 0 0)(0 0 -4.748559573e-15)))
(0.226 ((-1.042830011 0 0)(0 0 -5.414054112e-15)))
(0.227 ((-1.049972869 0 0)(0 0 -6.088890774e-15)))
(0.228 ((-1.057115726 0 0)(0 0 -5.980703793e-15)))
(0.229 ((-1.064258583 0 0)(0 0 -6.034674531e-15)))
(0.23 ((-1.07140144 0 0)(0 0 -5.926978561e-15)))
(0.231 ((-1.078544297 0 0)(0 0 -6.599851176e-15)))
(0.232 ((-1.085687154 0 0)(0 0 -7.272710889e-15)))
(0.233 ((-1.092830011 0 0)(0 0 -7.165053629e-15)))
(0.234 ((-1.099972869 0 0)(0 0 -7.218882428e-15)))
(0.235 ((-1.107115726 0 0)(0 0 -7.11122449e-15)))
(0.236 ((-1.114258583 0 0)(0 0 -7.784086916e-15)))
(0.237 ((-1.12140144 0 0)(0 0 -8.456949357e-15)))
(0.238 ((-1.128544297 0 0)(0 0 -8.349291375e-15)))
(0.239 ((-1.135687154 0 0)(0 0 -8.403120333e-15)))
(0.24 ((-1.142830011 0 0)(0 0 -8.295462483e-15)))
(0.241 ((-1.149972869 0 0)(0 0 -8.968324399e-15)))
(0.242 ((-1.157115726 0 0)(0 0 -9.641188791e-15)))
(0.243 ((-1.164258583 0 0)(0 0 -9.533523513e-15)))
(0.244 ((-1.17140144 0 0)(0 0 -9.587379708e-15)))
(0.245 ((-1.178544297 0 0)(0 0 -9.479620205e-15)))
(0.246 ((-1.185687154 0 0)(0 0 -1.015286149e-14)))
(0.247 ((-1.192830011 0 0)(0 0 -1.082431005e-14)))
(0.248 ((-1.199972869 0 0)(0 0 -1.072192874e-14)))
(0.249 ((-1.207115726 0 0)(0 0 -1.075606491e-14)))
(0.25 ((-1.214258583 0 0)(0 0 -1.072190152e-14)))
(0.251 ((-1.22140144 0 0)(0 0 -1.082441891e-14)))
(0.252 ((-1.228544297 0 0)(0 0 -1.015245329e-14)))
(0.253 ((-1.235687154 0 0)(0 0 -9.48114418e-15)))
(0.254 ((-1.242830011 0 0)(0 0 -9.581692016e-15)))
(0.255 ((-1.249972869 0 0)(0 0 -9.554750305e-15)))
(0.256 ((-1.257115726 0 0)(0 0 -9.561969314e-15)))
(0.257 ((-1.264258583 0 0)(0 0 -9.560034987e-15)))
(0.258 ((-1.27140144 0 0)(0 0 -9.560553288e-15)))
(0.259 ((-1.278544297 0 0)(0 0 -9.56041441e-15)))
(0.26 ((-1.285687154 0 0)(0 0 -9.560451622e-15)))
(0.261 ((-1.292830011 0 0)(0 0 -9.560441651e-15)))
(0.262 ((-1.299972869 0 0)(0 0 -9.560444323e-15)))
(0.263 ((-1.307115726 0 0)(0 0 -9.560443607e-15)))
(0.264 ((-1.314258583 0 0)(0 0 -9.560443799e-15)))
(0.265 ((-1.32140144 0 0)(0 0 -9.560443747e-15)))
(0.266 ((-1.328544297 0 0)(0 0 -9.560443761e-15)))
(0.267 ((-1.335687154 0 0)(0 0 -9.560443757e-15)))
(0.268 ((-1.342830011 0 0)(0 0 -9.560443758e-15)))
(0.269 ((-1.349972869 0 0)(0 0 -9.560443758e-15)))
(0.27 ((-1.357115726 0 0)(0 0 -9.560443757e-15)))
(0.271 ((-1.364258583 0 0)(0 0 -9.560443761e-15)))
(0.272 ((-1.37140144 0 0)(0 0 -9.560443747e-15)))
(0.273 ((-1.378544297 0 0)(0 0 -9.560443799e-15)))
(0.274 ((-1.385687154 0 0)(0 0 -9.560443607e-15)))
(0.275 ((-1.392830011 0 0)(0 0 -9.560444322e-15)))
(0.276 ((-1.399972869 0 0)(0 0 -9.560441653e-15)))
(0.277 ((-1.407115726 0 0)(0 0 -9.560451615e-15)))
(0.278 ((-1.414258583 0 0)(0 0 -9.560414436e-15)))
(0.279 ((-1.42140144 0 0)(0 0 -9.560553188e-15)))
(0.28 ((-1.428544297 0 0)(0 0 -9.56003536e-15)))
(0.281 ((-1.435687154 0 0)(0 0 -9.561967922e-15)))
(0.282 ((-1.442830011 0 0)(0 0 -9.554755501e-15)))
(0.283 ((-1.449972869 0 0)(0 0 -9.581672623e-15)))
(0.284 ((-1.457115726 0 0)(0 0 -9.481216554e-15)))
(0.285 ((-1.464258583 0 0)(0 0 -1.015218318e-14)))
(0.286 ((-1.47140144 0 0)(0 0 -1.082542695e-14)))
(0.287 ((-1.478544297 0 0)(0 0 -1.071813946e-14)))
(0.288 ((-1.485687154 0 0)(0 0 -1.077010513e-14)))
(0.289 ((-1.492830011 0 0)(0 0 -1.066952992e-14)))
(0.29 ((-1.499972869 0 0)(0 0 -1.131592457e-14)))
(0.291 ((-1.507115726 0 0)(0 0 -1.208757538e-14)))
(0.292 ((-1.514258583 0 0)(0 0 -1.131517223e-14)))
(0.293 ((-1.52140144 0 0)(0 0 -1.06725393e-14)))
(0.294 ((-1.528544297 0 0)(0 0 -1.075881996e-14)))
(0.295 ((-1.535687154 0 0)(0 0 -1.076027077e-14)))
(0.296 ((-1.542830011 0 0)(0 0 -1.066818688e-14)))
(0.297 ((-1.549972869 0 0)(0 0 -1.13311311e-14)))
(0.298 ((-1.557115726 0 0)(0 0 -1.202809231e-14)))
(0.299 ((-1.564258583 0 0)(0 0 -1.183395746e-14)))
(0.3 ((-1.57140144 0 0)(0 0 -1.25056546e-14)))
(0.301 ((-1.578544297 0 0)(0 0 -1.326965508e-14)))
(0.302 ((-1.585687154 0 0)(0 0 -1.250255075e-14)))
(0.303 ((-1.592830011 0 0)(0 0 -1.184637286e-14)))
(0.304 ((-1.599972869 0 0)(0 0 -1.198153457e-14)))
(0.305 ((-1.607115726 0 0)(0 0 -1.165297641e-14)))
(0.306 ((-1.614258583 0 0)(0 0 -1.120372021e-14)))
(0.307 ((-1.62140144 0 0)(0 0 -1.199703554e-14)))
(0.308 ((-1.628544297 0 0)(0 0 -1.223362516e-14)))
(0.309 ((-1.635687154 0 0)(0 0 -1.241833791e-14)))
(0.31 ((-1.642830011 0 0)(0 0 -1.351531362e-14)))
(0.311 ((-1.649972869 0 0)(0 0 -1.367964958e-14)))
(0.312 ((-1.657115726 0 0)(0 0 -1.399774634e-14)))
(0.313 ((-1.664258583 0 0)(0 0 -1.43373802e-14)))
(0.314 ((-1.67140144 0 0)(0 0 -1.428907511e-14)))
(0.315 ((-1.678544297 0 0)(0 0 -1.429069134e-14)))
(0.316 ((-1.685687154 0 0)(0 0 -1.433253149e-14)))
(0.317 ((-1.692830011 0 0)(0 0 -1.401552493e-14)))
(0.318 ((-1.699972869 0 0)(0 0 -1.361338394e-14)))
(0.319 ((-1.707115726 0 0)(0 0 -1.405865707e-14)))
(0.32 ((-1.714258583 0 0)(0 0 -1.401197317e-14)))
(0.321 ((-1.72140144 0 0)(0 0 -1.390146538e-14)))
(0.322 ((-1.728544297 0 0)(0 0 -1.468623994e-14)))
(0.323 ((-1.735687154 0 0)(0 0 -1.461824422e-14)))
(0.324 ((-1.742830011 0 0)(0 0 -1.425348227e-14)))
(0.325 ((-1.749972869 0 0)(0 0 -1.430022841e-14)))
(0.326 ((-1.757115726 0 0)(0 0 -1.432997605e-14)))
(0.327 ((-1.764258583 0 0)(0 0 -1.401620961e-14)))
(0.328 ((-1.77140144 0 0)(0 0 -1.361320065e-14)))
(0.329 ((-1.778544297 0 0)(0 0 -1.405870558e-14)))
(0.33 ((-1.785687154 0 0)(0 0 -1.401196244e-14)))
(0.331 ((-1.792830011 0 0)(0 0 -1.39014598e-14)))
(0.332 ((-1.799972869 0 0)(0 0 -1.468627298e-14)))
(0.333 ((-1.807115726 0 0)(0 0 -1.461811763e-14)))
(0.334 ((-1.814258583 0 0)(0 0 -1.42539556e-14)))
(0.335 ((-1.82140144 0 0)(0 0 -1.42984617e-14)))
(0.336 ((-1.828544297 0 0)(0 0 -1.433656958e-14)))
(0.337 ((-1.835687154 0 0)(0 0 -1.399160221e-14)))
(0.338 ((-1.842830011 0 0)(0 0 -1.370503673e-14)))
(0.339 ((-1.849972869 0 0)(0 0 -1.341990919e-14)))
(0.34 ((-1.857115726 0 0)(0 0 -1.307062798e-14)))
(0.341 ((-1.864258583 0 0)(0 0 -1.312455326e-14)))
(0.342 ((-1.87140144 0 0)(0 0 -1.311010362e-14)))
(0.343 ((-1.878544297 0 0)(0 0 -1.311397688e-14)))
(0.344 ((-1.885687154 0 0)(0 0 -1.311293349e-14)))
(0.345 ((-1.892830011 0 0)(0 0 -1.311323379e-14)))
(0.346 ((-1.899972869 0 0)(0 0 -1.311307597e-14)))
(0.347 ((-1.907115726 0 0)(0 0 -1.311340694e-14)))
(0.348 ((-1.914258583 0 0)(0 0 -1.31122409e-14)))
(0.349 ((-1.92140144 0 0)(0 0 -1.311657408e-14)))
(0.35 ((-1.928544297 0 0)(0 0 -1.31004074e-14)))
(0.351 ((-1.935687154 0 0)(0 0 -1.316074092e-14)))
(0.352 ((-1.942830011 0 0)(0 0 -1.278754379e-14)))
(0.353 ((-1.949972869 0 0)(0 0 -1.273970144e-14)))
(0.354 ((-1.957115726 0 0)(0 0 -1.34522977e-14)))
(0.355 ((-1.964258583 0 0)(0 0 -1.37583795e-14)))
(0.356 ((-1.97140144 0 0)(0 0 -1.344978314e-14)))
(0.357 ((-1.978544297 0 0)(0 0 -1.274975968e-14)))
(0.358 ((-1.985687154 0 0)(0 0 -1.274982542e-14)))
(0.359 ((-1.992830011 0 0)(0 0 -1.344958591e-14)))
(0.36 ((-1.999972869 0 0)(0 0 -1.375910267e-14)))
(0.361 ((-2.007115726 0 0)(0 0 -1.344960226e-14)))
(0.362 ((-2.014258583 0 0)(0 0 -1.274976003e-14)))
(0.363 ((-2.02140144 0 0)(0 0 -1.275000487e-14)))
(0.364 ((-2.028544297 0 0)(0 0 -1.344886776e-14)))
(0.365 ((-2.035687154 0 0)(0 0 -1.376179583e-14)))
(0.366 ((-2.042830011 0 0)(0 0 -1.343954775e-14)))
(0.367 ((-2.049972869 0 0)(0 0 -1.278728489e-14)))
(0.368 ((-2.057115726 0 0)(0 0 -1.246193022e-14)))
(0.369 ((-2.064258583 0 0)(0 0 -1.278728464e-14)))
(0.37 ((-2.07140144 0 0)(0 0 -1.343954874e-14)))
(0.371 ((-2.078544297 0 0)(0 0 -1.376179212e-14)))
(0.372 ((-2.085687154 0 0)(0 0 -1.344888162e-14)))
(0.373 ((-2.092830011 0 0)(0 0 -1.274995313e-14)))
(0.374 ((-2.099972869 0 0)(0 0 -1.274995313e-14)))
(0.375 ((-2.107115726 0 0)(0 0 -1.344888162e-14)))
(0.376 ((-2.114258583 0 0)(0 0 -1.376179212e-14)))
(0.377 ((-2.12140144 0 0)(0 0 -1.343954874e-14)))
(0.378 ((-2.128544297 0 0)(0 0 -1.278728464e-14)))
(0.379 ((-2.135687154 0 0)(0 0 -1.246193022e-14)))
(0.38 ((-2.142830011 0 0)(0 0 -1.278728489e-14)))
(0.381 ((-2.149972869 0 0)(0 0 -1.343954775e-14)))
(0.382 ((-2.157115726 0 0)(0 0 -1.376179583e-14)))
(0.383 ((-2.164258583 0 0)(0 0 -1.344886775e-14)))
(0.384 ((-2.17140144 0 0)(0 0 -1.275000489e-14)))
(0.385 ((-2.178544297 0 0)(0 0 -1.274975996e-14)))
(0.386 ((-2.185687154 0 0)(0 0 -1.344960252e-14)))
(0.387 ((-2.192830011 0 0)(0 0 -1.375910167e-14)))
(0.388 ((-2.199972869 0 0)(0 0 -1.344958963e-14)))
(0.389 ((-2.207115726 0 0)(0 0 -1.274981152e-14)))
(0.39 ((-2.214258583 0 0)(0 0 -1.274981152e-14)))
(0.391 ((-2.22140144 0 0)(0 0 -1.344958963e-14)))
(0.392 ((-2.228544297 0 0)(0 0 -1.375910167e-14)))
(0.393 ((-2.235687154 0 0)(0 0 -1.344960252e-14)))
(0.394 ((-2.242830011 0 0)(0 0 -1.274975996e-14)))
(0.395 ((-2.249972869 0 0)(0 0 -1.275000489e-14)))
(0.396 ((-2.257115726 0 0)(0 0 -1.344886775e-14)))
(0.397 ((-2.264258583 0 0)(0 0 -1.376179583e-14)))
(0.398 ((-2.27140144 0 0)(0 0 -1.343954775e-14)))
(0.399 ((-2.278544297 0 0)(0 0 -1.278728489e-14)))
(0.4 ((-2.285687154 0 0)(0 0 -1.246193022e-14)))
(0.401 ((-2.292830011 0 0)(0 0 -1.278728464e-14)))
(0.402 ((-2.299972869 0 0)(0 0 -1.343954874e-14)))
(0.403 ((-2.307115726 0 0)(0 0 -1.376179211e-14)))
(0.404 ((-2.314258583 0 0)(0 0 -1.344888162e-14)))
(0.405 ((-2.32140144 0 0)(0 0 -1.274995311e-14)))
(0.406 ((-2.328544297 0 0)(0 0 -1.274995319e-14)))
(0.407 ((-2.335687154 0 0)(0 0 -1.34488814e-14)))
(0.408 ((-2.342830011 0 0)(0 0 -1.376179293e-14)))
(0.409 ((-2.349972869 0 0)(0 0 -1.343954572e-14)))
(0.41 ((-2.357115726 0 0)(0 0 -1.278729591e-14)))
(0.411 ((-2.364258583 0 0)(0 0 -1.246188816e-14)))
(0.412 ((-2.37140144 0 0)(0 0 -1.278744188e-14)))
(0.413 ((-2.378544297 0 0)(0 0 -1.343896185e-14)))
(0.414 ((-2.385687154 0 0)(0 0 -1.376398246e-14)))
(0.415 ((-2.392830011 0 0)(0 0 -1.344070712e-14)))
(0.416 ((-2.399972869 0 0)(0 0 -1.278046076e-14)))
(0.417 ((-2.407115726 0 0)(0 0 -1.248806734e-14)))
(0.418 ((-2.414258583 0 0)(0 0 -1.254153056e-14)))
(0.419 ((-2.42140144 0 0)(0 0 -1.247204136e-14)))
(0.42 ((-2.428544297 0 0)(0 0 -1.284456467e-14)))
(0.421 ((-2.435687154 0 0)(0 0 -1.290425801e-14)))
(0.422 ((-2.442830011 0 0)(0 0 -1.214493161e-14)))
(0.423 ((-2.449972869 0 0)(0 0 -1.216194915e-14)))
(0.424 ((-2.457115726 0 0)(0 0 -1.285320538e-14)))
(0.425 ((-2.464258583 0 0)(0 0 -1.317978736e-14)))
(0.426 ((-2.47140144 0 0)(0 0 -1.281053032e-14)))
(0.427 ((-2.478544297 0 0)(0 0 -1.248067915e-14)))
(0.428 ((-2.485687154 0 0)(0 0 -1.254101376e-14)))
(0.429 ((-2.492830011 0 0)(0 0 -1.248149674e-14)))
(0.43 ((-2.499972869 0 0)(0 0 -1.280725994e-14)))
(0.431 ((-2.507115726 0 0)(0 0 -1.319205127e-14)))
(0.432 ((-2.514258583 0 0)(0 0 -1.280742013e-14)))
(0.433 ((-2.52140144 0 0)(0 0 -1.2480856e-14)))
(0.434 ((-2.528544297 0 0)(0 0 -1.254341654e-14)))
(0.435 ((-2.535687154 0 0)(0 0 -1.247170878e-14)))
(0.436 ((-2.542830011 0 0)(0 0 -1.284400901e-14)))
(0.437 ((-2.549972869 0 0)(0 0 -1.290681323e-14)))
(0.438 ((-2.557115726 0 0)(0 0 -1.213526639e-14)))
(0.439 ((-2.564258583 0 0)(0 0 -1.219805479e-14)))
(0.44 ((-2.57140144 0 0)(0 0 -1.257041829e-14)))
(0.441 ((-2.578544297 0 0)(0 0 -1.249847325e-14)))
(0.442 ((-2.585687154 0 0)(0 0 -1.256191966e-14)))
(0.443 ((-2.592830011 0 0)(0 0 -1.223204932e-14)))
(0.444 ((-2.599972869 0 0)(0 0 -1.185975717e-14)))
(0.445 ((-2.607115726 0 0)(0 0 -1.219849874e-14)))
(0.446 ((-2.614258583 0 0)(0 0 -1.284415171e-14)))
(0.447 ((-2.62140144 0 0)(0 0 -1.317945248e-14)))
(0.448 ((-2.628544297 0 0)(0 0 -1.282092353e-14)))
(0.449 ((-2.635687154 0 0)(0 0 -1.24394412e-14)))
(0.45 ((-2.642830011 0 0)(0 0 -1.284360208e-14)))
(0.451 ((-2.649972869 0 0)(0 0 -1.308873826e-14)))
(0.452 ((-2.657115726 0 0)(0 0 -1.34803895e-14)))
(0.453 ((-2.664258583 0 0)(0 0 -1.314894573e-14)))
(0.454 ((-2.67140144 0 0)(0 0 -1.245474247e-14)))
(0.455 ((-2.678544297 0 0)(0 0 -1.245437482e-14)))
(0.456 ((-2.685687154 0 0)(0 0 -1.315004866e-14)))
(0.457 ((-2.692830011 0 0)(0 0 -1.347634542e-14)))
(0.458 ((-2.699972869 0 0)(0 0 -1.310381164e-14)))
(0.459 ((-2.707115726 0 0)(0 0 -1.278735265e-14)))
(0.46 ((-2.714258583 0 0)(0 0 -1.279739527e-14)))
(0.461 ((-2.72140144 0 0)(0 0 -1.30736838e-14)))
(0.462 ((-2.728544297 0 0)(0 0 -1.373484391e-14)))
(0.463 ((-2.735687154 0 0)(0 0 -1.407056913e-14)))
(0.464 ((-2.742830011 0 0)(0 0 -1.369483523e-14)))
(0.465 ((-2.749972869 0 0)(0 0 -1.338174825e-14)))
(0.466 ((-2.757115726 0 0)(0 0 -1.338150298e-14)))
(0.467 ((-2.764258583 0 0)(0 0 -1.369557102e-14)))
(0.468 ((-2.77140144 0 0)(0 0 -1.406787124e-14)))
(0.469 ((-2.778544297 0 0)(0 0 -1.374489969e-14)))
(0.47 ((-2.785687154 0 0)(0 0 -1.303615857e-14)))
(0.471 ((-2.792830011 0 0)(0 0 -1.308547014e-14)))
(0.472 ((-2.799972869 0 0)(0 0 -1.344893521e-14)))
(0.473 ((-2.807115726 0 0)(0 0 -1.342606072e-14)))
(0.474 ((-2.814258583 0 0)(0 0 -1.315409361e-14)))
(0.475 ((-2.82140144 0 0)(0 0 -1.24884797e-14)))
(0.476 ((-2.828544297 0 0)(0 0 -1.216624825e-14)))
(0.477 ((-2.835687154 0 0)(0 0 -1.249246086e-14)))
(0.478 ((-2.842830011 0 0)(0 0 -1.313816898e-14)))
(0.479 ((-2.849972869 0 0)(0 0 -1.34857781e-14)))
(0.48 ((-2.857115726 0 0)(0 0 -1.307796061e-14)))
(0.481 ((-2.864258583 0 0)(0 0 -1.288132409e-14)))
(0.482 ((-2.87140144 0 0)(0 0 -1.215130108e-14)))
(0.483 ((-2.878544297 0 0)(0 0 -1.215940518e-14)))
(0.484 ((-2.885687154 0 0)(0 0 -1.28570118e-14)))
(0.485 ((-2.892830011 0 0)(0 0 -1.316710568e-14)))
(0.486 ((-2.899972869 0 0)(0 0 -1.285745063e-14)))
(0.487 ((-2.907115726 0 0)(0 0 -1.215764984e-14)))
(0.488 ((-2.914258583 0 0)(0 0 -1.215788357e-14)))
(0.489 ((-2.92140144 0 0)(0 0 -1.285674944e-14)))
(0.49 ((-2.928544297 0 0)(0 0 -1.316967671e-14)))
(0.491 ((-2.935687154 0 0)(0 0 -1.284742885e-14)))
(0.492 ((-2.942830011 0 0)(0 0 -1.219516593e-14)))
(0.493 ((-2.949972869 0 0)(0 0 -1.186981128e-14)))
(0.494 ((-2.957115726 0 0)(0 0 -1.219516569e-14)))
(0.495 ((-2.964258583 0 0)(0 0 -1.28474298e-14)))
(0.496 ((-2.97140144 0 0)(0 0 -1.316967317e-14)))
(0.497 ((-2.978544297 0 0)(0 0 -1.285676267e-14)))
(0.498 ((-2.985687154 0 0)(0 0 -1.215783418e-14)))
(0.499 ((-2.992830011 0 0)(0 0 -1.215783418e-14)))
(0.5 ((-2.999972869 0 0)(0 0 -1.285676267e-14)))
(0.501 ((-3.007115726 0 0)(0 0 -1.316967317e-14)))
(0.502 ((-3.014258583 0 0)(0 0 -1.28474298e-14)))
(0.503 ((-3.02140144 0 0)(0 0 -1.219516569e-14)))
(0.504 ((-3.028544297 0 0)(0 0 -1.186981128e-14)))
(0.505 ((-3.035687154 0 0)(0 0 -1.219516594e-14)))
(0.506 ((-3.042830011 0 0)(0 0 -1.284742881e-14)))
(0.507 ((-3.049972869 0 0)(0 0 -1.316967688e-14)))
(0.508 ((-3.057115726 0 0)(0 0 -1.285674881e-14)))
(0.509 ((-3.064258583 0 0)(0 0 -1.215788594e-14)))
(0.51 ((-3.07140144 0 0)(0 0 -1.215764102e-14)))
(0.511 ((-3.078544297 0 0)(0 0 -1.285748358e-14)))
(0.512 ((-3.085687154 0 0)(0 0 -1.316698272e-14)))
(0.513 ((-3.092830011 0 0)(0 0 -1.285747069e-14)))
(0.514 ((-3.099972869 0 0)(0 0 -1.215769258e-14)))
(0.515 ((-3.107115726 0 0)(0 0 -1.215769258e-14)))
(0.516 ((-3.114258583 0 0)(0 0 -1.285747069e-14)))
(0.517 ((-3.12140144 0 0)(0 0 -1.316698272e-14)))
(0.518 ((-3.128544297 0 0)(0 0 -1.285748358e-14)))
(0.519 ((-3.135687154 0 0)(0 0 -1.215764101e-14)))
(0.52 ((-3.142830011 0 0)(0 0 -1.215788594e-14)))
(0.521 ((-3.149972869 0 0)(0 0 -1.28567488e-14)))
(0.522 ((-3.157115726 0 0)(0 0 -1.31696769e-14)))
(0.523 ((-3.164258583 0 0)(0 0 -1.284742873e-14)))
(0.524 ((-3.17140144 0 0)(0 0 -1.219516622e-14)))
(0.525 ((-3.178544297 0 0)(0 0 -1.186981022e-14)))
(0.526 ((-3.185687154 0 0)(0 0 -1.219516965e-14)))
(0.527 ((-3.192830011 0 0)(0 0 -1.284741504e-14)))
(0.528 ((-3.199972869 0 0)(0 0 -1.316972825e-14)))
(0.529 ((-3.207115726 0 0)(0 0 -1.28565571e-14)))
(0.53 ((-3.214258583 0 0)(0 0 -1.215860138e-14)))
(0.531 ((-3.22140144 0 0)(0 0 -1.215497097e-14)))
(0.532 ((-3.228544297 0 0)(0 0 -1.286744832e-14)))
(0.533 ((-3.235687154 0 0)(0 0 -1.312979379e-14)))
(0.534 ((-3.242830011 0 0)(0 0 -1.31442914e-14)))
(0.535 ((-3.249972869 0 0)(0 0 -1.282395548e-14)))
(0.536 ((-3.257115726 0 0)(0 0 -1.246247444e-14)))
(0.537 ((-3.264258583 0 0)(0 0 -1.274843715e-14)))
(0.538 ((-3.27140144 0 0)(0 0 -1.374242419e-14)))
(0.539 ((-3.278544297 0 0)(0 0 -1.436549464e-14)))
(0.54 ((-3.285687154 0 0)(0 0 -1.428390974e-14)))
(0.541 ((-3.292830011 0 0)(0 0 -1.428323838e-14)))
(0.542 ((-3.299972869 0 0)(0 0 -1.451553847e-14)))
(0.543 ((-3.307115726 0 0)(0 0 -1.551139604e-14)))
(0.544 ((-3.314258583 0 0)(0 0 -1.618064696e-14)))
(0.545 ((-3.32140144 0 0)(0 0 -1.576443993e-14)))
(0.546 ((-3.328544297 0 0)(0 0 -1.542774948e-14)))
(0.547 ((-3.335687154 0 0)(0 0 -1.571042094e-14)))
(0.548 ((-3.342830011 0 0)(0 0 -1.669278241e-14)))
(0.549 ((-3.349972869 0 0)(0 0 -1.736564636e-14)))
(0.55 ((-3.357115726 0 0)(0 0 -1.69484833e-14)))
(0.551 ((-3.364258583 0 0)(0 0 -1.661200397e-14)))
(0.552 ((-3.37140144 0 0)(0 0 -1.6894787e-14)))
(0.553 ((-3.378544297 0 0)(0 0 -1.787649106e-14)))
(0.554 ((-3.385687154 0 0)(0 0 -1.855187309e-14)))
(0.555 ((-3.392830011 0 0)(0 0 -1.812529512e-14)))
(0.556 ((-3.399972869 0 0)(0 0 -1.782395734e-14)))
(0.557 ((-3.407115726 0 0)(0 0 -1.78275593e-14)))
(0.558 ((-3.414258583 0 0)(0 0 -1.811448926e-14)))
(0.559 ((-3.42140144 0 0)(0 0 -1.87395243e-14)))
(0.56 ((-3.428544297 0 0)(0 0 -1.93571381e-14)))
(0.561 ((-3.435687154 0 0)(0 0 -1.966633181e-14)))
(0.562 ((-3.442830011 0 0)(0 0 -1.958830002e-14)))
(0.563 ((-3.449972869 0 0)(0 0 -1.988729294e-14)))
(0.564 ((-3.457115726 0 0)(0 0 -2.054570987e-14)))
(0.565 ((-3.464258583 0 0)(0 0 -2.086970343e-14)))
(0.566 ((-3.47140144 0 0)(0 0 -2.054363936e-14)))
(0.567 ((-3.478544297 0 0)(0 0 -1.989557498e-14)))
(0.568 ((-3.485687154 0 0)(0 0 -1.955724237e-14)))
(0.569 ((-3.492830011 0 0)(0 0 -1.993031011e-14)))
(0.57 ((-3.499972869 0 0)(0 0 -2.025666911e-14)))
(0.571 ((-3.507115726 0 0)(0 0 -2.020649249e-14)))
(0.572 ((-3.514258583 0 0)(0 0 -2.02288697e-14)))
(0.573 ((-3.52140144 0 0)(0 0 -2.018953746e-14)))
(0.574 ((-3.528544297 0 0)(0 0 -2.047251896e-14)))
(0.575 ((-3.535687154 0 0)(0 0 -2.115628204e-14)))
(0.576 ((-3.542830011 0 0)(0 0 -2.139490244e-14)))
(0.577 ((-3.549972869 0 0)(0 0 -2.168104434e-14)))
(0.578 ((-3.557115726 0 0)(0 0 -2.207421317e-14)))
(0.579 ((-3.564258583 0 0)(0 0 -2.16956933e-14)))
(0.58 ((-3.57140144 0 0)(0 0 -2.133630659e-14)))
(0.581 ((-3.578544297 0 0)(0 0 -2.167207596e-14)))
(0.582 ((-3.585687154 0 0)(0 0 -2.231671229e-14)))
(0.583 ((-3.592830011 0 0)(0 0 -2.265905178e-14)))
(0.584 ((-3.599972869 0 0)(0 0 -2.227338461e-14)))
(0.585 ((-3.607115726 0 0)(0 0 -2.199341643e-14)))
(0.586 ((-3.614258583 0 0)(0 0 -2.172259947e-14)))
(0.587 ((-3.62140144 0 0)(0 0 -2.130947865e-14)))
(0.588 ((-3.628544297 0 0)(0 0 -2.175248153e-14)))
(0.589 ((-3.635687154 0 0)(0 0 -2.172585847e-14)))
(0.59 ((-3.642830011 0 0)(0 0 -2.138934783e-14)))
(0.591 ((-3.649972869 0 0)(0 0 -2.113368633e-14)))
(0.592 ((-3.657115726 0 0)(0 0 -2.071648612e-14)))
(0.593 ((-3.664258583 0 0)(0 0 -2.116065109e-14)))
(0.594 ((-3.67140144 0 0)(0 0 -2.113345905e-14)))
(0.595 ((-3.678544297 0 0)(0 0 -2.079806226e-14)))
(0.596 ((-3.685687154 0 0)(0 0 -2.053851437e-14)))
(0.597 ((-3.692830011 0 0)(0 0 -2.013574585e-14)))
(0.598 ((-3.699972869 0 0)(0 0 -2.052607045e-14)))
(0.599 ((-3.707115726 0 0)(0 0 -2.084783794e-14)))
(0.6 ((-3.714258583 0 0)(0 0 -2.079877051e-14)))
(0.601 ((-3.72140144 0 0)(0 0 -2.082130248e-14)))
(0.602 ((-3.728544297 0 0)(0 0 -2.078024202e-14)))
(0.603 ((-3.735687154 0 0)(0 0 -2.106998162e-14)))
(0.604 ((-3.742830011 0 0)(0 0 -2.172844054e-14)))
(0.605 ((-3.749972869 0 0)(0 0 -2.206151946e-14)))
(0.606 ((-3.757115726 0 0)(0 0 -2.169907195e-14)))
(0.607 ((-3.764258583 0 0)(0 0 -2.133548571e-14)))
(0.608 ((-3.77140144 0 0)(0 0 -2.167198082e-14)))
(0.609 ((-3.778544297 0 0)(0 0 -2.23179137e-14)))
(0.61 ((-3.785687154 0 0)(0 0 -2.265434128e-14)))
(0.611 ((-3.792830011 0 0)(0 0 -2.229102518e-14)))
(0.612 ((-3.799972869 0 0)(0 0 -2.192756463e-14)))
(0.613 ((-3.807115726 0 0)(0 0 -2.226442557e-14)))
(0.614 ((-3.814258583 0 0)(0 0 -2.290876947e-14)))
(0.615 ((-3.82140144 0 0)(0 0 -2.325118712e-14)))
(0.616 ((-3.828544297 0 0)(0 0 -2.286549972e-14)))
(0.617 ((-3.835687154 0 0)(0 0 -2.25855343e-14)))
(0.618 ((-3.842830011 0 0)(0 0 -2.231472655e-14)))
(0.619 ((-3.849972869 0 0)(0 0 -2.190156614e-14)))
(0.62 ((-3.857115726 0 0)(0 0 -2.234471816e-14)))
(0.621 ((-3.864258583 0 0)(0 0 -2.231753812e-14)))
(0.622 ((-3.87140144 0 0)(0 0 -2.198310628e-14)))
(0.623 ((-3.878544297 0 0)(0 0 -2.171968656e-14)))
(0.624 ((-3.885687154 0 0)(0 0 -2.133144043e-14)))
(0.625 ((-3.892830011 0 0)(0 0 -2.159353246e-14)))
(0.626 ((-3.899972869 0 0)(0 0 -2.145151452e-14)))
(0.627 ((-3.907115726 0 0)(0 0 -2.079530096e-14)))
(0.628 ((-3.914258583 0 0)(0 0 -2.023150409e-14)))
(0.629 ((-3.92140144 0 0)(0 0 -1.959019144e-14)))
(0.63 ((-3.928544297 0 0)(0 0 -1.931455498e-14)))
(0.631 ((-3.935687154 0 0)(0 0 -1.920804176e-14)))
(0.632 ((-3.942830011 0 0)(0 0 -1.887352294e-14)))
(0.633 ((-3.949972869 0 0)(0 0 -1.861576946e-14)))
(0.634 ((-3.957115726 0 0)(0 0 -1.813093052e-14)))
(0.635 ((-3.964258583 0 0)(0 0 -1.781153424e-14)))
(0.636 ((-3.97140144 0 0)(0 0 -1.787161632e-14)))
(0.637 ((-3.978544297 0 0)(0 0 -1.772863967e-14)))
(0.638 ((-3.985687154 0 0)(0 0 -1.727827089e-14)))
(0.639 ((-3.992830011 0 0)(0 0 -1.663220226e-14)))
(0.64 ((-3.999972869 0 0)(0 0 -1.63361765e-14)))
(0.641 ((-4.007115726 0 0)(0 0 -1.638999134e-14)))
(0.642 ((-4.014258583 0 0)(0 0 -1.624871313e-14)))
(0.643 ((-4.02140144 0 0)(0 0 -1.579781784e-14)))
(0.644 ((-4.028544297 0 0)(0 0 -1.51521568e-14)))
(0.645 ((-4.035687154 0 0)(0 0 -1.485502718e-14)))
(0.646 ((-4.042830011 0 0)(0 0 -1.491284986e-14)))
(0.647 ((-4.049972869 0 0)(0 0 -1.475664417e-14)))
(0.648 ((-4.057115726 0 0)(0 0 -1.443546585e-14)))
(0.649 ((-4.064258583 0 0)(0 0 -1.417404284e-14)))
(0.65 ((-4.07140144 0 0)(0 0 -1.369054148e-14)))
(0.651 ((-4.078544297 0 0)(0 0 -1.33694644e-14)))
(0.652 ((-4.085687154 0 0)(0 0 -1.343493212e-14)))
(0.653 ((-4.092830011 0 0)(0 0 -1.327209372e-14)))
(0.654 ((-4.099972869 0 0)(0 0 -1.296980117e-14)))
(0.655 ((-4.107115726 0 0)(0 0 -1.26394678e-14)))
(0.656 ((-4.114258583 0 0)(0 0 -1.263476672e-14)))
(0.657 ((-4.12140144 0 0)(0 0 -1.298390443e-14)))
(0.658 ((-4.128544297 0 0)(0 0 -1.314636691e-14)))
(0.659 ((-4.135687154 0 0)(0 0 -1.296154282e-14)))
(0.66 ((-4.142830011 0 0)(0 0 -1.2798228e-14)))
(0.661 ((-4.149972869 0 0)(0 0 -1.282214784e-14)))
(0.662 ((-4.157115726 0 0)(0 0 -1.281576842e-14)))
(0.663 ((-4.164258583 0 0)(0 0 -1.281736626e-14)))
(0.664 ((-4.17140144 0 0)(0 0 -1.281735433e-14)))
(0.665 ((-4.178544297 0 0)(0 0 -1.28158042e-14)))
(0.666 ((-4.185687154 0 0)(0 0 -1.282201666e-14)))
(0.667 ((-4.192830011 0 0)(0 0 -1.279871693e-14)))
(0.668 ((-4.199972869 0 0)(0 0 -1.295971828e-14)))
(0.669 ((-4.207115726 0 0)(0 0 -1.315317616e-14)))
(0.67 ((-4.214258583 0 0)(0 0 -1.295849198e-14)))
(0.671 ((-4.22140144 0 0)(0 0 -1.280362213e-14)))
(0.672 ((-4.228544297 0 0)(0 0 -1.280362213e-14)))
(0.673 ((-4.235687154 0 0)(0 0 -1.295849198e-14)))
(0.674 ((-4.242830011 0 0)(0 0 -1.315317615e-14)))
(0.675 ((-4.249972869 0 0)(0 0 -1.295971829e-14)))
(0.676 ((-4.257115726 0 0)(0 0 -1.279871688e-14)))
(0.677 ((-4.264258583 0 0)(0 0 -1.282201685e-14)))
(0.678 ((-4.27140144 0 0)(0 0 -1.281580352e-14)))
(0.679 ((-4.278544297 0 0)(0 0 -1.281735686e-14)))
(0.68 ((-4.285687154 0 0)(0 0 -1.281735682e-14)))
(0.681 ((-4.292830011 0 0)(0 0 -1.281580363e-14)))
(0.682 ((-4.299972869 0 0)(0 0 -1.282201642e-14)))
(0.683 ((-4.307115726 0 0)(0 0 -1.279871845e-14)))
(0.684 ((-4.314258583 0 0)(0 0 -1.295971241e-14)))
(0.685 ((-4.32140144 0 0)(0 0 -1.315319811e-14)))
(0.686 ((-4.328544297 0 0)(0 0 -1.295841005e-14)))
(0.687 ((-4.335687154 0 0)(0 0 -1.28039279e-14)))
(0.688 ((-4.342830011 0 0)(0 0 -1.2802481e-14)))
(0.689 ((-4.349972869 0 0)(0 0 -1.296275075e-14)))
(0.69 ((-4.357115726 0 0)(0 0 -1.313728222e-14)))
(0.691 ((-4.364258583 0 0)(0 0 -1.309305013e-14)))
(0.692 ((-4.37140144 0 0)(0 0 -1.324347676e-14)))
(0.693 ((-4.378544297 0 0)(0 0 -1.357418075e-14)))
(0.694 ((-4.385687154 0 0)(0 0 -1.372926525e-14)))
(0.695 ((-4.392830011 0 0)(0 0 -1.366640167e-14)))
(0.696 ((-4.399972869 0 0)(0 0 -1.398481612e-14)))
(0.697 ((-4.407115726 0 0)(0 0 -1.447636386e-14)))
(0.698 ((-4.414258583 0 0)(0 0 -1.470826397e-14)))
(0.699 ((-4.42140144 0 0)(0 0 -1.528751722e-14)))
(0.7 ((-4.428544297 0 0)(0 0 -1.636533265e-14)))
(0.701 ((-4.435687154 0 0)(0 0 -1.754403689e-14)))
(0.702 ((-4.442830011 0 0)(0 0 -1.885683187e-14)))
(0.703 ((-4.449972869 0 0)(0 0 -2.049456835e-14)))
(0.704 ((-4.457115726 0 0)(0 0 -2.240079008e-14)))
(0.705 ((-4.464258583 0 0)(0 0 -2.4758501e-14)))
(0.706 ((-4.47140144 0 0)(0 0 -2.770630517e-14)))
(0.707 ((-4.478544297 0 0)(0 0 -3.139496085e-14)))
(0.708 ((-4.485687154 0 0)(0 0 -3.597100931e-14)))
(0.709 ((-4.492830011 0 0)(0 0 -4.158570568e-14)))
(0.71 ((-4.499972869 0 0)(0 0 -4.837566655e-14)))
(0.711 ((-4.507115726 0 0)(0 0 -5.660536372e-14)))
(0.712 ((-4.514258583 0 0)(0 0 -6.693066515e-14)))
(0.713 ((-4.52140144 0 0)(0 0 -7.979429625e-14)))
(0.714 ((-4.528544297 0 0)(0 0 -9.543402267e-14)))
(0.715 ((-4.535687154 0 0)(0 0 -1.144544579e-13)))
(0.716 ((-4.542830011 0 0)(0 0 -1.37752096e-13)))
(0.717 ((-4.549972869 0 0)(0 0 -1.663914025e-13)))
(0.718 ((-4.557115726 0 0)(0 0 -2.013612559e-13)))
(0.719 ((-4.564258583 0 0)(0 0 -2.440069552e-13)))
(0.72 ((-4.57140144 0 0)(0 0 -2.959520314e-13)))
(0.721 ((-4.578544297 0 0)(0 0 -3.592010392e-13)))
(0.722 ((-4.585687154 0 0)(0 0 -4.366947563e-13)))
(0.723 ((-4.592830011 0 0)(0 0 -5.31244848e-13)))
(0.724 ((-4.599972869 0 0)(0 0 -6.468715326e-13)))
(0.725 ((-4.607115726 0 0)(0 0 -7.885890742e-13)))
(0.726 ((-4.614258583 0 0)(0 0 -9.613340264e-13)))
(0.727 ((-4.62140144 0 0)(0 0 -1.172246319e-12)))
(0.728 ((-4.628544297 0 0)(0 0 -1.430462243e-12)))
(0.729 ((-4.635687154 0 0)(0 0 -1.746105514e-12)))
(0.73 ((-4.642830011 0 0)(0 0 -2.131199364e-12)))
(0.731 ((-4.649972869 0 0)(0 0 -2.601023915e-12)))
(0.732 ((-4.657115726 0 0)(0 0 -3.175250093e-12)))
(0.733 ((-4.664258583 0 0)(0 0 -3.87685756e-12)))
(0.734 ((-4.67140144 0 0)(0 0 -4.733404695e-12)))
(0.735 ((-4.678544297 0 0)(0 0 -5.779766086e-12)))
(0.736 ((-4.685687154 0 0)(0 0 -7.057754961e-12)))
(0.737 ((-4.692830011 0 0)(0 0 -8.6185227e-12)))
(0.738 ((-4.699972869 0 0)(0 0 -1.05250327e-11)))
(0.739 ((-4.707115726 0 0)(0 0 -1.285360619e-11)))
(0.74 ((-4.714258583 0 0)(0 0 -1.569784767e-11)))
(0.741 ((-4.72140144 0 0)(0 0 -1.917182531e-11)))
(0.742 ((-4.728544297 0 0)(0 0 -2.341451836e-11)))
(0.743 ((-4.735687154 0 0)(0 0 -2.859675055e-11)))
(0.744 ((-4.742830011 0 0)(0 0 -3.492690473e-11)))
(0.745 ((-4.749972869 0 0)(0 0 -4.265865651e-11)))
(0.746 ((-4.757115726 0 0)(0 0 -5.210199054e-11)))
(0.747 ((-4.764258583 0 0)(0 0 -6.363572074e-11)))
(0.748 ((-4.77140144 0 0)(0 0 -7.772322055e-11)))
(0.749 ((-4.778544297 0 0)(0 0 -9.493001833e-11)))
(0.75 ((-4.785687154 0 0)(0 0 -1.159463393e-10)))
(0.751 ((-4.792830011 0 0)(0 0 -1.416157519e-10)))
(0.752 ((-4.799972869 0 0)(0 0 -1.729682747e-10)))
(0.753 ((-4.807115726 0 0)(0 0 -2.112624728e-10)))
(0.754 ((-4.814258583 0 0)(0 0 -2.580353204e-10)))
(0.755 ((-4.82140144 0 0)(0 0 -3.151633e-10)))
(0.756 ((-4.828544297 0 0)(0 0 -3.849395506e-10)))
(0.757 ((-4.835687154 0 0)(0 0 -4.701649185e-10)))
(0.758 ((-4.842830011 0 0)(0 0 -5.742591251e-10)))
(0.759 ((-4.849972869 0 0)(0 0 -7.013999143e-10)))
(0.76 ((-4.857115726 0 0)(0 0 -8.566902563e-10)))
(0.761 ((-4.864258583 0 0)(0 0 -1.04636239e-09)))
(0.762 ((-4.87140144 0 0)(0 0 -1.278028426e-09)))
(0.763 ((-4.878544297 0 0)(0 0 -1.560985644e-09)))
(0.764 ((-4.885687154 0 0)(0 0 -1.906590634e-09)))
(0.765 ((-4.892830011 0 0)(0 0 -2.328713701e-09)))
(0.766 ((-4.899972869 0 0)(0 0 -2.8442958e-09)))
(0.767 ((-4.907115726 0 0)(0 0 -3.474029249e-09)))
(0.768 ((-4.914258583 0 0)(0 0 -4.243187173e-09)))
(0.769 ((-4.92140144 0 0)(0 0 -5.18263887e-09)))
(0.77 ((-4.928544297 0 0)(0 0 -6.330087988e-09)))
(0.771 ((-4.935687154 0 0)(0 0 -7.731585426e-09)))
(0.772 ((-4.942830011 0 0)(0 0 -9.443378553e-09)))
(0.773 ((-4.949972869 0 0)(0 0 -1.15341673e-08)))
(0.774 ((-4.957115726 0 0)(0 0 -1.408786205e-08)))
(0.775 ((-4.964258583 0 0)(0 0 -1.720695187e-08)))
(0.776 ((-4.97140144 0 0)(0 0 -2.101661701e-08)))
(0.777 ((-4.978544297 0 0)(0 0 -2.566975243e-08)))
(0.778 ((-4.985687154 0 0)(0 0 -3.135310477e-08)))
(0.779 ((-4.992830011 0 0)(0 0 -3.829476676e-08)))
(0.78 ((-4.999972868 0 0)(0 0 -4.677333188e-08)))
(0.781 ((-5.007115726 0 0)(0 0 -5.712907455e-08)))
(0.782 ((-5.014258583 0 0)(0 0 -6.977760671e-08)))
(0.783 ((-5.02140144 0 0)(0 0 -8.522655861e-08)))
(0.784 ((-5.028544297 0 0)(0 0 -1.040959507e-07)))
(0.785 ((-5.035687154 0 0)(0 0 -1.27143078e-07)))
(0.786 ((-5.042830011 0 0)(0 0 -1.552929019e-07)))
(0.787 ((-5.049972868 0 0)(0 0 -1.896751729e-07)))
(0.788 ((-5.057115725 0 0)(0 0 -2.316697719e-07)))
(0.789 ((-5.064258582 0 0)(0 0 -2.829620881e-07)))
(0.79 ((-5.071401439 0 0)(0 0 -3.456106598e-07)))
(0.791 ((-5.078544296 0 0)(0 0 -4.221297917e-07)))
(0.792 ((-5.085687152 0 0)(0 0 -5.15590461e-07)))
(0.793 ((-5.092830009 0 0)(0 0 -6.297435662e-07)))
(0.794 ((-5.099972866 0 0)(0 0 -7.691704622e-07)))
(0.795 ((-5.107115722 0 0)(0 0 -9.394668258e-07)))
(0.796 ((-5.114258579 0 0)(0 0 -1.147467227e-06)))
(0.797 ((-5.121401435 0 0)(0 0 -1.401519419e-06)))
(0.798 ((-5.128544291 0 0)(0 0 -1.711819361e-06)))
(0.799 ((-5.135687147 0 0)(0 0 -2.09082041e-06)))
(0.8 ((-5.142830002 0 0)(0 0 -2.5537331e-06)))
(0.801 ((-5.149972857 0 0)(0 0 -3.119135587e-06)))
(0.802 ((-5.157115712 0 0)(0 0 -3.80971922e-06)))
(0.803 ((-5.164258566 0 0)(0 0 -4.653199195e-06)))
(0.804 ((-5.17140142 0 0)(0 0 -5.683426798e-06)))
(0.805 ((-5.178544272 0 0)(0 0 -6.941747898e-06)))
(0.806 ((-5.185687124 0 0)(0 0 -8.47866217e-06)))
(0.807 ((-5.192829974 0 0)(0 0 -1.035584964e-05)))
(0.808 ((-5.199972823 0 0)(0 0 -1.264864582e-05)))
(0.809 ((-5.20711567 0 0)(0 0 -1.54490648e-05)))
(0.81 ((-5.214258515 0 0)(0 0 -1.886949144e-05)))
(0.811 ((-5.221401357 0 0)(0 0 -2.304719083e-05)))
(0.812 ((-5.228544196 0 0)(0 0 -2.814981584e-05)))
(0.813 ((-5.235687031 0 0)(0 0 -3.438213351e-05)))
(0.814 ((-5.242829861 0 0)(0 0 -4.199423995e-05)))
(0.815 ((-5.249972685 0 0)(0 0 -5.129159296e-05)))
(0.816 ((-5.257115501 0 0)(0 0 -6.264726417e-05)))
(0.817 ((-5.264258309 0 0)(0 0 -7.651690135e-05)))
(0.818 ((-5.271401105 0 0)(0 0 -9.345699978e-05)))
(0.819 ((-5.278543888 0 0)(0 0 -0.0001141472133)))
(0.82 ((-5.285686655 0 0)(0 0 -0.0001394175969)))
(0.821 ((-5.292829402 0 0)(0 0 -0.0001702818686)))
(0.822 ((-5.299972124 0 0)(0 0 -0.000207978017)))
(0.823 ((-5.307114816 0 0)(0 0 -0.0002540178724)))
(0.824 ((-5.314257472 0 0)(0 0 -0.0003102476119)))
(0.825 ((-5.321400083 0 0)(0 0 -0.0003789216)))
(0.826 ((-5.32854264 0 0)(0 0 -0.000462792486)))
(0.827 ((-5.335685131 0 0)(0 0 -0.0005652211152)))
(0.828 ((-5.34282754 0 0)(0 0 -0.0006903105716)))
(0.829 ((-5.34996985 0 0)(0 0 -0.0008430695985)))
(0.83 ((-5.357112039 0 0)(0 0 -0.001029611753)))
(0.831 ((-5.364254081 0 0)(0 0 -0.001257397989)))
(0.832 ((-5.371395942 0 0)(0 0 -0.001535531952)))
(0.833 ((-5.378537584 0 0)(0 0 -0.00187511919)))
(0.834 ((-5.385678956 0 0)(0 0 -0.002289703692)))
(0.835 ((-5.392820002 0 0)(0 0 -0.002795797832)))
(0.836 ((-5.399960647 0 0)(0 0 -0.003413524818)))
(0.837 ((-5.407100805 0 0)(0 0 -0.004167396236)))
(0.838 ((-5.414240369 0 0)(0 0 -0.005087251173)))
(0.839 ((-5.421379208 0 0)(0 0 -0.006209387661)))
(0.84 ((-5.428517166 0 0)(0 0 -0.007577921652)))
(0.841 ((-5.435654049 0 0)(0 0 -0.009246413109)))
(0.842 ((-5.442789626 0 0)(0 0 -0.01127980274)))
(0.843 ((-5.449923614 0 0)(0 0 -0.01375670551)))
(0.844 ((-5.457055675 0 0)(0 0 -0.01677210758)))
(0.845 ((-5.464185397 0 0)(0 0 -0.02044050983)))
(0.846 ((-5.471312289 0 0)(0 0 -0.02489955228)))
(0.847 ((-5.478435758 0 0)(0 0 -0.03031413596)))
(0.848 ((-5.485555102 0 0)(0 0 -0.03688103002)))
(0.849 ((-5.492669482 0 0)(0 0 -0.04483390808)))
(0.85 ((-5.49977791 0 0)(0 0 -0.05444869606)))
(0.851 ((-5.506879227 0 0)(0 0 -0.06604903313)))
(0.852 ((-5.513972083 0 0)(0 0 -0.08001154832)))
(0.853 ((-5.521054921 0 0)(0 0 -0.09677054626)))
(0.854 ((-5.528125966 0 0)(0 0 -0.1168215889)))
(0.855 ((-5.535183214 0 0)(0 0 -0.1407233803)))
(0.856 ((-5.542224435 0 0)(0 0 -0.1690973372)))
(0.857 ((-5.549247187 0 0)(0 0 -0.2026242927)))
(0.858 ((-5.556248833 0 0)(0 0 -0.2420379576)))
(0.859 ((-5.563226582 0 0)(0 0 -0.2881150543)))
(0.86 ((-5.570177531 0 0)(0 0 -0.3416624191)))
(0.861 ((-5.577098717 0 0)(0 0 -0.4035017701)))
(0.862 ((-5.583987181 0 0)(0 0 -0.4744531787)))
(0.863 ((-5.590840018 0 0)(0 0 -0.5553184767)))
(0.864 ((-5.597654436 0 0)(0 0 -0.6468658297)))
(0.865 ((-5.6044278 0 0)(0 0 -0.7498165077)))
(0.866 ((-5.611157666 0 0)(0 0 -0.8648345394)))
(0.867 ((-5.617841807 0 0)(0 0 -0.9925195273)))
(0.868 ((-5.624478217 0 0)(0 0 -1.133402521)))
(0.869 ((-5.631065121 0 0)(0 0 -1.287944542)))
(0.87 ((-5.637600961 0 0)(0 0 -1.456537182)))
(0.871 ((-5.644084389 0 0)(0 0 -1.639504613)))
(0.872 ((-5.650514245 0 0)(0 0 -1.837106382)))
(0.873 ((-5.656889541 0 0)(0 0 -2.049540426)))
(0.874 ((-5.663209439 0 0)(0 0 -2.276945862)))
(0.875 ((-5.669473235 0 0)(0 0 -2.519405209)))
(0.876 ((-5.675680339 0 0)(0 0 -2.776945811)))
(0.877 ((-5.681830257 0 0)(0 0 -3.049540321)))
(0.878 ((-5.687922579 0 0)(0 0 -3.33710622)))
(0.879 ((-5.693956965 0 0)(0 0 -3.639504388)))
(0.88 ((-5.699933134 0 0)(0 0 -3.956536883)))
(0.881 ((-5.705850853 0 0)(0 0 -4.287944158)))
(0.882 ((-5.711709931 0 0)(0 0 -4.633402036)))
(0.883 ((-5.717510209 0 0)(0 0 -4.992518923)))
(0.884 ((-5.723251557 0 0)(0 0 -5.364833791)))
(0.885 ((-5.728933869 0 0)(0 0 -5.749815585)))
(0.886 ((-5.734557057 0 0)(0 0 -6.146864696)))
(0.887 ((-5.740121049 0 0)(0 0 -6.555317087)))
(0.888 ((-5.745625786 0 0)(0 0 -6.974451476)))
(0.889 ((-5.751071219 0 0)(0 0 -7.403499687)))
(0.89 ((-5.756457308 0 0)(0 0 -7.841659872)))
(0.891 ((-5.761784021 0 0)(0 0 -8.28811194)))
(0.892 ((-5.767051331 0 0)(0 0 -8.742034152)))
(0.893 ((-5.772259217 0 0)(0 0 -9.202619643)))
(0.894 ((-5.777407659 0 0)(0 0 -9.669091657)))
(0.895 ((-5.782496645 0 0)(0 0 -10.14071644)))
(0.896 ((-5.787526161 0 0)(0 0 -10.61681311)))
(0.897 ((-5.792496198 0 0)(0 0 -11.09676019)))
(0.898 ((-5.797406747 0 0)(0 0 -11.5799989)))
(0.899 ((-5.802257803 0 0)(0 0 -12.06603359)))
(0.9 ((-5.807049359 0 0)(0 0 -12.55442983)))
(0.901 ((-5.811781411 0 0)(0 0 -13.04481086)))
(0.902 ((-5.816453956 0 0)(0 0 -13.53685288)))
(0.903 ((-5.821066991 0 0)(0 0 -14.03027975)))
(0.904 ((-5.825620513 0 0)(0 0 -14.52485756)))
(0.905 ((-5.83011452 0 0)(0 0 -15.02038922)))
(0.906 ((-5.83454901 0 0)(0 0 -15.51670946)))
(0.907 ((-5.838923983 0 0)(0 0 -16.01368019)))
(0.908 ((-5.843239437 0 0)(0 0 -16.51118635)))
(0.909 ((-5.847495372 0 0)(0 0 -17.00913227)))
(0.91 ((-5.851691785 0 0)(0 0 -17.5074385)))
(0.911 ((-5.855828678 0 0)(0 0 -18.00603911)))
(0.912 ((-5.85990605 0 0)(0 0 -18.50487927)))
(0.913 ((-5.863923899 0 0)(0 0 -19.00391338)))
(0.914 ((-5.867882226 0 0)(0 0 -19.50310328)))
(0.915 ((-5.871781031 0 0)(0 0 -20.00241688)))
(0.916 ((-5.875620313 0 0)(0 0 -20.50182691)))
(0.917 ((-5.879400072 0 0)(0 0 -21.0013099)))
(0.918 ((-5.883120308 0 0)(0 0 -21.50084522)))
(0.919 ((-5.886781021 0 0)(0 0 -22.00041433)))
(0.92 ((-5.890382211 0 0)(0 0 -22.5)))
(0.921 ((-5.893923878 0 0)(0 0 -22.99958567)))
(0.922 ((-5.897406022 0 0)(0 0 -23.49915478)))
(0.923 ((-5.900828643 0 0)(0 0 -23.9986901)))
(0.924 ((-5.904191741 0 0)(0 0 -24.49817309)))
(0.925 ((-5.907495316 0 0)(0 0 -24.99758312)))
(0.926 ((-5.910739369 0 0)(0 0 -25.49689672)))
(0.927 ((-5.913923899 0 0)(0 0 -25.99608662)))
(0.928 ((-5.917048907 0 0)(0 0 -26.49512073)))
(0.929 ((-5.920114393 0 0)(0 0 -26.99396089)))
(0.93 ((-5.923120357 0 0)(0 0 -27.4925615)))
(0.931 ((-5.9260668 0 0)(0 0 -27.99086773)))
(0.932 ((-5.928953723 0 0)(0 0 -28.48881365)))
(0.933 ((-5.931781126 0 0)(0 0 -28.98631981)))
(0.934 ((-5.93454901 0 0)(0 0 -29.48329054)))
(0.935 ((-5.937257377 0 0)(0 0 -29.97961078)))
(0.936 ((-5.939906227 0 0)(0 0 -30.47514244)))
(0.937 ((-5.942495562 0 0)(0 0 -30.96972025)))
(0.938 ((-5.945025385 0 0)(0 0 -31.46314712)))
(0.939 ((-5.947495697 0 0)(0 0 -31.95518914)))
(0.94 ((-5.949906502 0 0)(0 0 -32.44557017)))
(0.941 ((-5.952257803 0 0)(0 0 -32.93396641)))
(0.942 ((-5.954549604 0 0)(0 0 -33.4200011)))
(0.943 ((-5.956781912 0 0)(0 0 -33.90323981)))
(0.944 ((-5.958954732 0 0)(0 0 -34.38318689)))
(0.945 ((-5.961068073 0 0)(0 0 -34.85928356)))
(0.946 ((-5.963121945 0 0)(0 0 -35.33090834)))
(0.947 ((-5.965116359 0 0)(0 0 -35.79738036)))
(0.948 ((-5.967051331 0 0)(0 0 -36.25796585)))
(0.949 ((-5.968926878 0 0)(0 0 -36.71188806)))
(0.95 ((-5.970743022 0 0)(0 0 -37.15834013)))
(0.951 ((-5.97249979 0 0)(0 0 -37.59650031)))
(0.952 ((-5.974197214 0 0)(0 0 -38.02554852)))
(0.953 ((-5.975835335 0 0)(0 0 -38.44468291)))
(0.954 ((-5.9774142 0 0)(0 0 -38.8531353)))
(0.955 ((-5.978933869 0 0)(0 0 -39.25018441)))
(0.956 ((-5.980394414 0 0)(0 0 -39.63516621)))
(0.957 ((-5.981795923 0 0)(0 0 -40.00748108)))
(0.958 ((-5.983138502 0 0)(0 0 -40.36659796)))
(0.959 ((-5.984422282 0 0)(0 0 -40.71205584)))
(0.96 ((-5.98564742 0 0)(0 0 -41.04346312)))
(0.961 ((-5.986814108 0 0)(0 0 -41.36049561)))
(0.962 ((-5.987922579 0 0)(0 0 -41.66289378)))
(0.963 ((-5.988973114 0 0)(0 0 -41.95045968)))
(0.964 ((-5.989966053 0 0)(0 0 -42.22305419)))
(0.965 ((-5.990901807 0 0)(0 0 -42.48059479)))
(0.966 ((-5.991780868 0 0)(0 0 -42.72305414)))
(0.967 ((-5.992603827 0 0)(0 0 -42.95045957)))
(0.968 ((-5.993371388 0 0)(0 0 -43.16289362)))
(0.969 ((-5.994084389 0 0)(0 0 -43.36049539)))
(0.97 ((-5.994743818 0 0)(0 0 -43.54346282)))
(0.971 ((-5.995350835 0 0)(0 0 -43.71205546)))
(0.972 ((-5.995906788 0 0)(0 0 -43.86659748)))
(0.973 ((-5.996413235 0 0)(0 0 -44.00748047)))
(0.974 ((-5.996871952 0 0)(0 0 -44.13516546)))
(0.975 ((-5.997284943 0 0)(0 0 -44.25018349)))
(0.976 ((-5.997654436 0 0)(0 0 -44.35313417)))
(0.977 ((-5.997982875 0 0)(0 0 -44.44468152)))
(0.978 ((-5.998272895 0 0)(0 0 -44.52554682)))
(0.979 ((-5.998527289 0 0)(0 0 -44.59649823)))
(0.98 ((-5.998748959 0 0)(0 0 -44.65833758)))
(0.981 ((-5.998940868 0 0)(0 0 -44.71188495)))
(0.982 ((-5.999105976 0 0)(0 0 -44.75796204)))
(0.983 ((-5.999247187 0 0)(0 0 -44.79737571)))
(0.984 ((-5.999367293 0 0)(0 0 -44.83090266)))
(0.985 ((-5.999468928 0 0)(0 0 -44.85927662)))
(0.986 ((-5.999554538 0 0)(0 0 -44.88317841)))
(0.987 ((-5.99962635 0 0)(0 0 -44.90322945)))
(0.988 ((-5.999686368 0 0)(0 0 -44.91998845)))
(0.989 ((-5.999736369 0 0)(0 0 -44.93395097)))
(0.99 ((-5.99977791 0 0)(0 0 -44.9455513)))
(0.991 ((-5.999812339 0 0)(0 0 -44.95516609)))
(0.992 ((-5.999840816 0 0)(0 0 -44.96311897)))
(0.993 ((-5.99986433 0 0)(0 0 -44.96968586)))
(0.994 ((-5.999883717 0 0)(0 0 -44.97510045)))
(0.995 ((-5.999899683 0 0)(0 0 -44.97955949)))
(0.996 ((-5.999912818 0 0)(0 0 -44.98322789)))
(0.997 ((-5.999923614 0 0)(0 0 -44.98624329)))
(0.998 ((-5.999932483 0 0)(0 0 -44.9887202)))
(0.999 ((-5.999939763 0 0)(0 0 -44.99075359)))
(1 ((-5.999945737 0 0)(0 0 -44.99242208)))
(1.001 ((-5.999950637 0 0)(0 0 -44.99379061)))
(1.002 ((-5.999954655 0 0)(0 0 -44.99491275)))
(1.003 ((-5.999957948 0 0)(0 0 -44.9958326)))
(1.004 ((-5.999960647 0 0)(0 0 -44.99658648)))
(1.005 ((-5.999962859 0 0)(0 0 -44.9972042)))
(1.006 ((-5.999964671 0 0)(0 0 -44.9977103)))
(1.007 ((-5.999966155 0 0)(0 0 -44.99812488)))
(1.008 ((-5.999967371 0 0)(0 0 -44.99846447)))
(1.009 ((-5.999968367 0 0)(0 0 -44.9987426)))
(1.01 ((-5.999969182 0 0)(0 0 -44.99897039)))
(1.011 ((-5.99996985 0 0)(0 0 -44.99915693)))
(1.012 ((-5.999970397 0 0)(0 0 -44.99930969)))
(1.013 ((-5.999970845 0 0)(0 0 -44.99943478)))
(1.014 ((-5.999971212 0 0)(0 0 -44.99953721)))
(1.015 ((-5.999971512 0 0)(0 0 -44.99962108)))
(1.016 ((-5.999971758 0 0)(0 0 -44.99968975)))
(1.017 ((-5.999971959 0 0)(0 0 -44.99974598)))
(1.018 ((-5.999972124 0 0)(0 0 -44.99979202)))
(1.019 ((-5.999972259 0 0)(0 0 -44.99982972)))
(1.02 ((-5.999972369 0 0)(0 0 -44.99986058)))
(1.021 ((-5.99997246 0 0)(0 0 -44.99988585)))
(1.022 ((-5.999972534 0 0)(0 0 -44.99990654)))
(1.023 ((-5.999972595 0 0)(0 0 -44.99992348)))
(1.024 ((-5.999972644 0 0)(0 0 -44.99993735)))
(1.025 ((-5.999972685 0 0)(0 0 -44.99994871)))
(1.026 ((-5.999972718 0 0)(0 0 -44.99995801)))
(1.027 ((-5.999972745 0 0)(0 0 -44.99996562)))
(1.028 ((-5.999972768 0 0)(0 0 -44.99997185)))
(1.029 ((-5.999972786 0 0)(0 0 -44.99997695)))
(1.03 ((-5.999972801 0 0)(0 0 -44.99998113)))
(1.031 ((-5.999972813 0 0)(0 0 -44.99998455)))
(1.032 ((-5.999972823 0 0)(0 0 -44.99998735)))
(1.033 ((-5.999972831 0 0)(0 0 -44.99998964)))
(1.034 ((-5.999972838 0 0)(0 0 -44.99999152)))
(1.035 ((-5.999972844 0 0)(0 0 -44.99999306)))
(1.036 ((-5.999972848 0 0)(0 0 -44.99999432)))
(1.037 ((-5.999972852 0 0)(0 0 -44.99999535)))
(1.038 ((-5.999972855 0 0)(0 0 -44.99999619)))
(1.039 ((-5.999972857 0 0)(0 0 -44.99999688)))
(1.04 ((-5.999972859 0 0)(0 0 -44.99999745)))
(1.041 ((-5.999972861 0 0)(0 0 -44.99999791)))
(1.042 ((-5.999972862 0 0)(0 0 -44.99999829)))
(1.043 ((-5.999972864 0 0)(0 0 -44.9999986)))
(1.044 ((-5.999972864 0 0)(0 0 -44.99999885)))
(1.045 ((-5.999972865 0 0)(0 0 -44.99999906)))
(1.046 ((-5.999972866 0 0)(0 0 -44.99999923)))
(1.047 ((-5.999972866 0 0)(0 0 -44.99999937)))
(1.048 ((-5.999972867 0 0)(0 0 -44.99999948)))
(1.049 ((-5.999972867 0 0)(0 0 -44.99999958)))
(1.05 ((-5.999972867 0 0)(0 0 -44.99999965)))
(1.051 ((-5.999972868 0 0)(0 0 -44.99999972)))
(1.052 ((-5.999972868 0 0)(0 0 -44.99999977)))
(1.053 ((-5.999972868 0 0)(0 0 -44.99999981)))
(1.054 ((-5.999972868 0 0)(0 0 -44.99999984)))
(1.055 ((-5.999972868 0 0)(0 0 -44.99999987)))
(1.056 ((-5.999972868 0 0)(0 0 -44.9999999)))
(1.057 ((-5.999972868 0 0)(0 0 -44.99999991)))
(1.058 ((-5.999972868 0 0)(0 0 -44.99999993)))
(1.059 ((-5.999972868 0 0)(0 0 -44.99999994)))
(1.06 ((-5.999972868 0 0)(0 0 -44.99999995)))
(1.061 ((-5.999972868 0 0)(0 0 -44.99999996)))
(1.062 ((-5.999972868 0 0)(0 0 -44.99999997)))
(1.063 ((-5.999972868 0 0)(0 0 -44.99999997)))
(1.064 ((-5.999972868 0 0)(0 0 -44.99999998)))
(1.065 ((-5.999972869 0 0)(0 0 -44.99999998)))
(1.066 ((-5.999972869 0 0)(0 0 -44.99999999)))
(1.067 ((-5.999972869 0 0)(0 0 -44.99999999)))
(1.068 ((-5.999972869 0 0)(0 0 -44.99999999)))
(1.069 ((-5.999972869 0 0)(0 0 -44.99999999)))
(1.07 ((-5.999972869 0 0)(0 0 -44.99999999)))
(1.071 ((-5.999972869 0 0)(0 0 -44.99999999)))
(1.072 ((-5.999972869 0 0)(0 0 -45)))
(1.073 ((-5.999972869 0 0)(0 0 -45)))
(1.074 ((-5.999972869 0 0)(0 0 -45)))
(1.075 ((-5.999972869 0 0)(0 0 -45)))
(1.076 ((-5.999972869 0 0)(0 0 -45)))
(1.077 ((-5.999972869 0 0)(0 0 -45)))
(1.078 ((-5.999972869 0 0)(0 0 -45)))
(1.079 ((-5.999972869 0 0)(0 0 -45)))
(1.08 ((-5.999972869 0 0)(0 0 -45)))
(1.081 ((-5.999972869 0 0)(0 0 -45)))
(1.082 ((-5.999972869 0 0)(0 0 -45)))
(1.083 ((-5.999972869 0 0)(0 0 -45)))
(1.084 ((-5.999972869 0 0)(0 0 -45)))
(1.085 ((-5.999972869 0 0)(0 0 -45)))
(1.086 ((-5.999972869 0 0)(0 0 -45)))
(1.087 ((-5.999972869 0 0)(0 0 -45)))
(1.088 ((-5.999972869 0 0)(0 0 -45)))
(1.089 ((-5.999972869 0 0)(0 0 -45)))
(1.09 ((-5.999972869 0 0)(0 0 -45)))
(1.091 ((-5.999972869 0 0)(0 0 -45)))
(1.092 ((-5.999972869 0 0)(0 0 -45)))
(1.093 ((-5.999972869 0 0)(0 0 -45)))
(1.094 ((-5.999972869 0 0)(0 0 -45)))
(1.095 ((-5.999972869 0 0)(0 0 -45)))
(1.096 ((-5.999972869 0 0)(0 0 -45)))
(1.097 ((-5.999972869 0 0)(0 0 -45)))
(1.098 ((-5.999972869 0 0)(0 0 -45)))
(1.099 ((-5.999972869 0 0)(0 0 -45)))
(1.1 ((-5.999972869 0 0)(0 0 -45)))
(1.101 ((-5.999972869 0 0)(0 0 -45)))
(1.102 ((-5.999972869 0 0)(0 0 -45)))
(1.103 ((-5.999972869 0 0)(0 0 -45)))
(1.104 ((-5.999972869 0 0)(0 0 -45)))
(1.105 ((-5.999972869 0 0)(0 0 -45)))
(1.106 ((-5.999972869 0 0)(0 0 -45)))
(1.107 ((-5.999972869 0 0)(0 0 -45)))
(1.108 ((-5.999972869 0 0)(0 0 -45)))
(1.109 ((-5.999972869 0 0)(0 0 -45)))
(1.11 ((-5.999972869 0 0)(0 0 -45)))
(1.111 ((-5.999972869 0 0)(0 0 -45)))
(1.112 ((-5.999972869 0 0)(0 0 -45)))
(1.113 ((-5.999972869 0 0)(0 0 -45)))
(1.114 ((-5.999972869 0 0)(0 0 -45)))
(1.115 ((-5.999972869 0 0)(0 0 -45)))
(1.116 ((-5.999972869 0 0)(0 0 -45)))
(1.117 ((-5.999972869 0 0)(0 0 -45)))
(1.118 ((-5.999972869 0 0)(0 0 -45)))
(1.119 ((-5.999972869 0 0)(0 0 -45)))
(1.12 ((-5.999972869 0 0)(0 0 -45)))
(1.121 ((-5.999972869 0 0)(0 0 -45)))
(1.122 ((-5.999972869 0 0)(0 0 -45)))
(1.123 ((-5.999972869 0 0)(0 0 -45)))
(1.124 ((-5.999972869 0 0)(0 0 -45)))
(1.125 ((-5.999972869 0 0)(0 0 -45)))
(1.126 ((-5.999972869 0 0)(0 0 -45)))
(1.127 ((-5.999972869 0 0)(0 0 -45)))
(1.128 ((-5.999972869 0 0)(0 0 -45)))
(1.129 ((-5.999972869 0 0)(0 0 -45)))
(1.13 ((-5.999972869 0 0)(0 0 -45)))
(1.131 ((-5.999972869 0 0)(0 0 -45)))
(1.132 ((-5.999972869 0 0)(0 0 -45)))
(1.133 ((-5.999972869 0 0)(0 0 -45)))
(1.134 ((-5.999972869 0 0)(0 0 -45)))
(1.135 ((-5.999972869 0 0)(0 0 -45)))
(1.136 ((-5.999972869 0 0)(0 0 -45)))
(1.137 ((-5.999972869 0 0)(0 0 -45)))
(1.138 ((-5.999972869 0 0)(0 0 -45)))
(1.139 ((-5.999972869 0 0)(0 0 -45)))
(1.14 ((-5.999972869 0 0)(0 0 -45)))
(1.141 ((-5.999972869 0 0)(0 0 -45)))
(1.142 ((-5.999972869 0 0)(0 0 -45)))
(1.143 ((-5.999972869 0 0)(0 0 -45)))
(1.144 ((-5.999972869 0 0)(0 0 -45)))
(1.145 ((-5.999972869 0 0)(0 0 -45)))
(1.146 ((-5.999972869 0 0)(0 0 -45)))
(1.147 ((-5.999972869 0 0)(0 0 -45)))
(1.148 ((-5.999972869 0 0)(0 0 -45)))
(1.149 ((-5.999972869 0 0)(0 0 -45)))
(1.15 ((-5.999972869 0 0)(0 0 -45)))
(1.151 ((-5.999972869 0 0)(0 0 -45)))
(1.152 ((-5.999972869 0 0)(0 0 -45)))
(1.153 ((-5.999972869 0 0)(0 0 -45)))
(1.154 ((-5.999972869 0 0)(0 0 -45)))
(1.155 ((-5.999972869 0 0)(0 0 -45)))
(1.156 ((-5.999972869 0 0)(0 0 -45)))
(1.157 ((-5.999972869 0 0)(0 0 -45)))
(1.158 ((-5.999972869 0 0)(0 0 -45)))
(1.159 ((-5.999972869 0 0)(0 0 -45)))
(1.16 ((-5.999972869 0 0)(0 0 -45)))
(1.161 ((-5.999972869 0 0)(0 0 -45)))
(1.162 ((-5.999972869 0 0)(0 0 -45)))
(1.163 ((-5.999972869 0 0)(0 0 -45)))
(1.164 ((-5.999972869 0 0)(0 0 -45)))
(1.165 ((-5.999972869 0 0)(0 0 -45)))
(1.166 ((-5.999972869 0 0)(0 0 -45)))
(1.167 ((-5.999972869 0 0)(0 0 -45)))
(1.168 ((-5.999972869 0 0)(0 0 -45)))
(1.169 ((-5.999972869 0 0)(0 0 -45)))
(1.17 ((-5.999972869 0 0)(0 0 -45)))
(1.171 ((-5.999972869 0 0)(0 0 -45)))
(1.172 ((-5.999972869 0 0)(0 0 -45)))
(1.173 ((-5.999972869 0 0)(0 0 -45)))
(1.174 ((-5.999972869 0 0)(0 0 -45)))
(1.175 ((-5.999972869 0 0)(0 0 -45)))
(1.176 ((-5.999972869 0 0)(0 0 -45)))
(1.177 ((-5.999972869 0 0)(0 0 -45)))
(1.178 ((-5.999972869 0 0)(0 0 -45)))
(1.179 ((-5.999972869 0 0)(0 0 -45)))
(1.18 ((-5.999972869 0 0)(0 0 -45)))
(1.181 ((-5.999972869 0 0)(0 0 -45)))
(1.182 ((-5.999972869 0 0)(0 0 -45)))
(1.183 ((-5.999972869 0 0)(0 0 -45)))
(1.184 ((-5.999972869 0 0)(0 0 -45)))
(1.185 ((-5.999972869 0 0)(0 0 -45)))
(1.186 ((-5.999972869 0 0)(0 0 -45)))
(1.187 ((-5.999972869 0 0)(0 0 -45)))
(1.188 ((-5.999972869 0 0)(0 0 -45)))
(1.189 ((-5.999972869 0 0)(0 0 -45)))
(1.19 ((-5.999972869 0 0)(0 0 -45)))
(1.191 ((-5.999972869 0 0)(0 0 -45)))
(1.192 ((-5.999972869 0 0)(0 0 -45)))
(1.193 ((-5.999972869 0 0)(0 0 -45)))
(1.194 ((-5.999972869 0 0)(0 0 -45)))
(1.195 ((-5.999972869 0 0)(0 0 -45)))
(1.196 ((-5.999972869 0 0)(0 0 -45)))
(1.197 ((-5.999972869 0 0)(0 0 -45)))
(1.198 ((-5.999972869 0 0)(0 0 -45)))
(1.199 ((-5.999972869 0 0)(0 0 -45)))
(1.2 ((-5.999972869 0 0)(0 0 -45)))
(1.201 ((-5.999972869 0 0)(0 0 -45)))
(1.202 ((-5.999972869 0 0)(0 0 -45)))
(1.203 ((-5.999972869 0 0)(0 0 -45)))
(1.204 ((-5.999972869 0 0)(0 0 -45)))
(1.205 ((-5.999972869 0 0)(0 0 -45)))
(1.206 ((-5.999972869 0 0)(0 0 -45)))
(1.207 ((-5.999972869 0 0)(0 0 -45)))
(1.208 ((-5.999972869 0 0)(0 0 -45)))
(1.209 ((-5.999972869 0 0)(0 0 -45)))
(1.21 ((-5.999972869 0 0)(0 0 -45)))
(1.211 ((-5.999972869 0 0)(0 0 -45)))
(1.212 ((-5.999972869 0 0)(0 0 -45)))
(1.213 ((-5.999972869 0 0)(0 0 -45)))
(1.214 ((-5.999972869 0 0)(0 0 -45)))
(1.215 ((-5.999972869 0 0)(0 0 -45)))
(1.216 ((-5.999972869 0 0)(0 0 -45)))
(1.217 ((-5.999972869 0 0)(0 0 -45)))
(1.218 ((-5.999972869 0 0)(0 0 -45)))
(1.219 ((-5.999972869 0 0)(0 0 -45)))
(1.22 ((-5.999972869 0 0)(0 0 -45)))
(1.221 ((-5.999972869 0 0)(0 0 -45)))
(1.222 ((-5.999972869 0 0)(0 0 -45)))
(1.223 ((-5.999972869 0 0)(0 0 -45)))
(1.224 ((-5.999972869 0 0)(0 0 -45)))
(1.225 ((-5.999972869 0 0)(0 0 -45)))
(1.226 ((-5.999972869 0 0)(0 0 -45)))
(1.227 ((-5.999972869 0 0)(0 0 -45)))
(1.228 ((-5.999972869 0 0)(0 0 -45)))
(1.229 ((-5.999972869 0 0)(0 0 -45)))
(1.23 ((-5.999972869 0 0)(0 0 -45)))
(1.231 ((-5.999972869 0 0)(0 0 -45)))
(1.232 ((-5.999972869 0 0)(0 0 -45)))
(1.233 ((-5.999972869 0 0)(0 0 -45)))
(1.234 ((-5.999972869 0 0)(0 0 -45)))
(1.235 ((-5.999972869 0 0)(0 0 -45)))
(1.236 ((-5.999972869 0 0)(0 0 -45)))
(1.237 ((-5.999972869 0 0)(0 0 -45)))
(1.238 ((-5.999972869 0 0)(0 0 -45)))
(1.239 ((-5.999972869 0 0)(0 0 -45)))
(1.24 ((-5.999972869 0 0)(0 0 -45)))
(1.241 ((-5.999972869 0 0)(0 0 -45)))
(1.242 ((-5.999972869 0 0)(0 0 -45)))
(1.243 ((-5.999972869 0 0)(0 0 -45)))
(1.244 ((-5.999972869 0 0)(0 0 -45)))
(1.245 ((-5.999972869 0 0)(0 0 -45)))
(1.246 ((-5.999972869 0 0)(0 0 -45)))
(1.247 ((-5.999972869 0 0)(0 0 -45)))
(1.248 ((-5.999972869 0 0)(0 0 -45)))
(1.249 ((-5.999972869 0 0)(0 0 -45)))
(1.25 ((-5.999972869 0 0)(0 0 -45)))
(1.251 ((-5.999972869 0 0)(0 0 -45)))
(1.252 ((-5.999972869 0 0)(0 0 -45)))
(1.253 ((-5.999972869 0 0)(0 0 -45)))
(1.254 ((-5.999972869 0 0)(0 0 -45)))
(1.255 ((-5.999972869 0 0)(0 0 -45)))
(1.256 ((-5.999972869 0 0)(0 0 -45)))
(1.257 ((-5.999972869 0 0)(0 0 -45)))
(1.258 ((-5.999972869 0 0)(0 0 -45)))
(1.259 ((-5.999972869 0 0)(0 0 -45)))
(1.26 ((-5.999972869 0 0)(0 0 -45)))
(1.261 ((-5.999972869 0 0)(0 0 -45)))
(1.262 ((-5.999972869 0 0)(0 0 -45)))
(1.263 ((-5.999972869 0 0)(0 0 -45)))
(1.264 ((-5.999972869 0 0)(0 0 -45)))
(1.265 ((-5.999972869 0 0)(0 0 -45)))
(1.266 ((-5.999972869 0 0)(0 0 -45)))
(1.267 ((-5.999972869 0 0)(0 0 -45)))
(1.268 ((-5.999972869 0 0)(0 0 -45)))
(1.269 ((-5.999972869 0 0)(0 0 -45)))
(1.27 ((-5.999972869 0 0)(0 0 -45)))
(1.271 ((-5.999972869 0 0)(0 0 -45)))
(1.272 ((-5.999972869 0 0)(0 0 -45)))
(1.273 ((-5.999972869 0 0)(0 0 -45)))
(1.274 ((-5.999972869 0 0)(0 0 -45)))
(1.275 ((-5.999972869 0 0)(0 0 -45)))
(1.276 ((-5.999972869 0 0)(0 0 -45)))
(1.277 ((-5.999972869 0 0)(0 0 -45)))
(1.278 ((-5.999972869 0 0)(0 0 -45)))
(1.279 ((-5.999972869 0 0)(0 0 -45)))
(1.28 ((-5.999972869 0 0)(0 0 -45)))
(1.281 ((-5.999972869 0 0)(0 0 -45)))
(1.282 ((-5.999972869 0 0)(0 0 -45)))
(1.283 ((-5.999972869 0 0)(0 0 -45)))
(1.284 ((-5.999972869 0 0)(0 0 -45)))
(1.285 ((-5.999972869 0 0)(0 0 -45)))
(1.286 ((-5.999972869 0 0)(0 0 -45)))
(1.287 ((-5.999972869 0 0)(0 0 -45)))
(1.288 ((-5.999972869 0 0)(0 0 -45)))
(1.289 ((-5.999972869 0 0)(0 0 -45)))
(1.29 ((-5.999972869 0 0)(0 0 -45)))
(1.291 ((-5.999972869 0 0)(0 0 -45)))
(1.292 ((-5.999972869 0 0)(0 0 -45)))
(1.293 ((-5.999972869 0 0)(0 0 -45)))
(1.294 ((-5.999972869 0 0)(0 0 -45)))
(1.295 ((-5.999972869 0 0)(0 0 -45)))
(1.296 ((-5.999972869 0 0)(0 0 -45)))
(1.297 ((-5.999972869 0 0)(0 0 -45)))
(1.298 ((-5.999972869 0 0)(0 0 -45)))
(1.299 ((-5.999972869 0 0)(0 0 -45)))
(1.3 ((-5.999972869 0 0)(0 0 -45)))
(1.301 ((-5.999972869 0 0)(0 0 -45)))
(1.302 ((-5.999972869 0 0)(0 0 -45)))
(1.303 ((-5.999972869 0 0)(0 0 -45)))
(1.304 ((-5.999972869 0 0)(0 0 -45)))
(1.305 ((-5.999972869 0 0)(0 0 -45)))
(1.306 ((-5.999972869 0 0)(0 0 -45)))
(1.307 ((-5.999972869 0 0)(0 0 -45)))
(1.308 ((-5.999972869 0 0)(0 0 -45)))
(1.309 ((-5.999972869 0 0)(0 0 -45)))
(1.31 ((-5.999972869 0 0)(0 0 -45)))
(1.311 ((-5.999972869 0 0)(0 0 -45)))
(1.312 ((-5.999972869 0 0)(0 0 -45)))
(1.313 ((-5.999972869 0 0)(0 0 -45)))
(1.314 ((-5.999972869 0 0)(0 0 -45)))
(1.315 ((-5.999972869 0 0)(0 0 -45)))
(1.316 ((-5.999972869 0 0)(0 0 -45)))
(1.317 ((-5.999972869 0 0)(0 0 -45)))
(1.318 ((-5.999972869 0 0)(0 0 -45)))
(1.319 ((-5.999972869 0 0)(0 0 -45)))
(1.32 ((-5.999972869 0 0)(0 0 -45)))
(1.321 ((-5.999972869 0 0)(0 0 -45)))
(1.322 ((-5.999972869 0 0)(0 0 -45)))
(1.323 ((-5.999972869 0 0)(0 0 -45)))
(1.324 ((-5.999972869 0 0)(0 0 -45)))
(1.325 ((-5.999972869 0 0)(0 0 -45)))
(1.326 ((-5.999972869 0 0)(0 0 -45)))
(1.327 ((-5.999972869 0 0)(0 0 -45)))
(1.328 ((-5.999972869 0 0)(0 0 -45)))
(1.329 ((-5.999972869 0 0)(0 0 -45)))
(1.33 ((-5.999972869 0 0)(0 0 -45)))
(1.331 ((-5.999972869 0 0)(0 0 -45)))
(1.332 ((-5.999972869 0 0)(0 0 -45)))
(1.333 ((-5.999972869 0 0)(0 0 -45)))
(1.334 ((-5.999972869 0 0)(0 0 -45)))
(1.335 ((-5.999972869 0 0)(0 0 -45)))
(1.336 ((-5.999972869 0 0)(0 0 -45)))
(1.337 ((-5.999972869 0 0)(0 0 -45)))
(1.338 ((-5.999972869 0 0)(0 0 -45)))
(1.339 ((-5.999972869 0 0)(0 0 -45)))
(1.34 ((-5.999972869 0 0)(0 0 -45)))
(1.341 ((-5.999972869 0 0)(0 0 -45)))
(1.342 ((-5.999972869 0 0)(0 0 -45)))
(1.343 ((-5.999972869 0 0)(0 0 -45)))
(1.344 ((-5.999972869 0 0)(0 0 -45)))
(1.345 ((-5.999972869 0 0)(0 0 -45)))
(1.346 ((-5.999972869 0 0)(0 0 -45)))
(1.347 ((-5.999972869 0 0)(0 0 -45)))
(1.348 ((-5.999972869 0 0)(0 0 -45)))
(1.349 ((-5.999972869 0 0)(0 0 -45)))
(1.35 ((-5.999972869 0 0)(0 0 -45)))
(1.351 ((-5.999972869 0 0)(0 0 -45)))
(1.352 ((-5.999972869 0 0)(0 0 -45)))
(1.353 ((-5.999972869 0 0)(0 0 -45)))
(1.354 ((-5.999972869 0 0)(0 0 -45)))
(1.355 ((-5.999972869 0 0)(0 0 -45)))
(1.356 ((-5.999972869 0 0)(0 0 -45)))
(1.357 ((-5.999972869 0 0)(0 0 -45)))
(1.358 ((-5.999972869 0 0)(0 0 -45)))
(1.359 ((-5.999972869 0 0)(0 0 -45)))
(1.36 ((-5.999972869 0 0)(0 0 -45)))
(1.361 ((-5.999972869 0 0)(0 0 -45)))
(1.362 ((-5.999972869 0 0)(0 0 -45)))
(1.363 ((-5.999972869 0 0)(0 0 -45)))
(1.364 ((-5.999972869 0 0)(0 0 -45)))
(1.365 ((-5.999972869 0 0)(0 0 -45)))
(1.366 ((-5.999972869 0 0)(0 0 -45)))
(1.367 ((-5.999972869 0 0)(0 0 -45)))
(1.368 ((-5.999972869 0 0)(0 0 -45)))
(1.369 ((-5.999972869 0 0)(0 0 -45)))
(1.37 ((-5.999972869 0 0)(0 0 -45)))
(1.371 ((-5.999972869 0 0)(0 0 -45)))
(1.372 ((-5.999972869 0 0)(0 0 -45)))
(1.373 ((-5.999972869 0 0)(0 0 -45)))
(1.374 ((-5.999972869 0 0)(0 0 -45)))
(1.375 ((-5.999972869 0 0)(0 0 -45)))
(1.376 ((-5.999972869 0 0)(0 0 -45)))
(1.377 ((-5.999972869 0 0)(0 0 -45)))
(1.378 ((-5.999972869 0 0)(0 0 -45)))
(1.379 ((-5.999972869 0 0)(0 0 -45)))
(1.38 ((-5.999972869 0 0)(0 0 -45)))
(1.381 ((-5.999972869 0 0)(0 0 -45)))
(1.382 ((-5.999972869 0 0)(0 0 -45)))
(1.383 ((-5.999972869 0 0)(0 0 -45)))
(1.384 ((-5.999972869 0 0)(0 0 -45)))
(1.385 ((-5.999972869 0 0)(0 0 -45)))
(1.386 ((-5.999972869 0 0)(0 0 -45)))
(1.387 ((-5.999972869 0 0)(0 0 -45)))
(1.388 ((-5.999972869 0 0)(0 0 -45)))
(1.389 ((-5.999972869 0 0)(0 0 -45)))
(1.39 ((-5.999972869 0 0)(0 0 -45)))
(1.391 ((-5.999972869 0 0)(0 0 -45)))
(1.392 ((-5.999972869 0 0)(0 0 -45)))
(1.393 ((-5.999972869 0 0)(0 0 -45)))
(1.394 ((-5.999972869 0 0)(0 0 -45)))
(1.395 ((-5.999972869 0 0)(0 0 -45)))
(1.396 ((-5.999972869 0 0)(0 0 -45)))
(1.397 ((-5.999972869 0 0)(0 0 -45)))
(1.398 ((-5.999972869 0 0)(0 0 -45)))
(1.399 ((-5.999972869 0 0)(0 0 -45)))
(1.4 ((-5.999972869 0 0)(0 0 -45)))
(1.401 ((-5.999972869 0 0)(0 0 -45)))
(1.402 ((-5.999972869 0 0)(0 0 -45)))
(1.403 ((-5.999972869 0 0)(0 0 -45)))
(1.404 ((-5.999972869 0 0)(0 0 -45)))
(1.405 ((-5.999972869 0 0)(0 0 -45)))
(1.406 ((-5.999972869 0 0)(0 0 -45)))
(1.407 ((-5.999972869 0 0)(0 0 -45)))
(1.408 ((-5.999972869 0 0)(0 0 -45)))
(1.409 ((-5.999972869 0 0)(0 0 -45)))
(1.41 ((-5.999972869 0 0)(0 0 -45)))
(1.411 ((-5.999972869 0 0)(0 0 -45)))
(1.412 ((-5.999972869 0 0)(0 0 -45)))
(1.413 ((-5.999972869 0 0)(0 0 -45)))
(1.414 ((-5.999972869 0 0)(0 0 -45)))
(1.415 ((-5.999972869 0 0)(0 0 -45)))
(1.416 ((-5.999972869 0 0)(0 0 -45)))
(1.417 ((-5.999972869 0 0)(0 0 -45)))
(1.418 ((-5.999972869 0 0)(0 0 -45)))
(1.419 ((-5.999972869 0 0)(0 0 -45)))
(1.42 ((-5.999972869 0 0)(0 0 -45)))
(1.421 ((-5.999972869 0 0)(0 0 -45)))
(1.422 ((-5.999972869 0 0)(0 0 -45)))
(1.423 ((-5.999972869 0 0)(0 0 -45)))
(1.424 ((-5.999972869 0 0)(0 0 -45)))
(1.425 ((-5.999972869 0 0)(0 0 -45)))
(1.426 ((-5.999972869 0 0)(0 0 -45)))
(1.427 ((-5.999972869 0 0)(0 0 -45)))
(1.428 ((-5.999972869 0 0)(0 0 -45)))
(1.429 ((-5.999972869 0 0)(0 0 -45)))
(1.43 ((-5.999972869 0 0)(0 0 -45)))
(1.431 ((-5.999972869 0 0)(0 0 -45)))
(1.432 ((-5.999972869 0 0)(0 0 -45)))
(1.433 ((-5.999972869 0 0)(0 0 -45)))
(1.434 ((-5.999972869 0 0)(0 0 -45)))
(1.435 ((-5.999972869 0 0)(0 0 -45)))
(1.436 ((-5.999972869 0 0)(0 0 -45)))
(1.437 ((-5.999972869 0 0)(0 0 -45)))
(1.438 ((-5.999972869 0 0)(0 0 -45)))
(1.439 ((-5.999972869 0 0)(0 0 -45)))
(1.44 ((-5.999972869 0 0)(0 0 -45)))
(1.441 ((-5.999972869 0 0)(0 0 -45)))
(1.442 ((-5.999972869 0 0)(0 0 -45)))
(1.443 ((-5.999972869 0 0)(0 0 -45)))
(1.444 ((-5.999972869 0 0)(0 0 -45)))
(1.445 ((-5.999972869 0 0)(0 0 -45)))
(1.446 ((-5.999972869 0 0)(0 0 -45)))
(1.447 ((-5.999972869 0 0)(0 0 -45)))
(1.448 ((-5.999972869 0 0)(0 0 -45)))
(1.449 ((-5.999972869 0 0)(0 0 -45)))
(1.45 ((-5.999972869 0 0)(0 0 -45)))
(1.451 ((-5.999972869 0 0)(0 0 -45)))
(1.452 ((-5.999972869 0 0)(0 0 -45)))
(1.453 ((-5.999972869 0 0)(0 0 -45)))
(1.454 ((-5.999972869 0 0)(0 0 -45)))
(1.455 ((-5.999972869 0 0)(0 0 -45)))
(1.456 ((-5.999972869 0 0)(0 0 -45)))
(1.457 ((-5.999972869 0 0)(0 0 -45)))
(1.458 ((-5.999972869 0 0)(0 0 -45)))
(1.459 ((-5.999972869 0 0)(0 0 -45)))
(1.46 ((-5.999972869 0 0)(0 0 -45)))
(1.461 ((-5.999972869 0 0)(0 0 -45)))
(1.462 ((-5.999972869 0 0)(0 0 -45)))
(1.463 ((-5.999972869 0 0)(0 0 -45)))
(1.464 ((-5.999972869 0 0)(0 0 -45)))
(1.465 ((-5.999972869 0 0)(0 0 -45)))
(1.466 ((-5.999972869 0 0)(0 0 -45)))
(1.467 ((-5.999972869 0 0)(0 0 -45)))
(1.468 ((-5.999972869 0 0)(0 0 -45)))
(1.469 ((-5.999972869 0 0)(0 0 -45)))
(1.47 ((-5.999972869 0 0)(0 0 -45)))
(1.471 ((-5.999972869 0 0)(0 0 -45)))
(1.472 ((-5.999972869 0 0)(0 0 -45)))
(1.473 ((-5.999972869 0 0)(0 0 -45)))
(1.474 ((-5.999972869 0 0)(0 0 -45)))
(1.475 ((-5.999972869 0 0)(0 0 -45)))
(1.476 ((-5.999972869 0 0)(0 0 -45)))
(1.477 ((-5.999972869 0 0)(0 0 -45)))
(1.478 ((-5.999972869 0 0)(0 0 -45)))
(1.479 ((-5.999972869 0 0)(0 0 -45)))
(1.48 ((-5.999972869 0 0)(0 0 -45)))
(1.481 ((-5.999972869 0 0)(0 0 -45)))
(1.482 ((-5.999972869 0 0)(0 0 -45)))
(1.483 ((-5.999972869 0 0)(0 0 -45)))
(1.484 ((-5.999972869 0 0)(0 0 -45)))
(1.485 ((-5.999972869 0 0)(0 0 -45)))
(1.486 ((-5.999972869 0 0)(0 0 -45)))
(1.487 ((-5.999972869 0 0)(0 0 -45)))
(1.488 ((-5.999972869 0 0)(0 0 -45)))
(1.489 ((-5.999972869 0 0)(0 0 -45)))
(1.49 ((-5.999972869 0 0)(0 0 -45)))
(1.491 ((-5.999972869 0 0)(0 0 -45)))
(1.492 ((-5.999972869 0 0)(0 0 -45)))
(1.493 ((-5.999972869 0 0)(0 0 -45)))
(1.494 ((-5.999972869 0 0)(0 0 -45)))
(1.495 ((-5.999972869 0 0)(0 0 -45)))
(1.496 ((-5.999972869 0 0)(0 0 -45)))
(1.497 ((-5.999972869 0 0)(0 0 -45)))
(1.498 ((-5.999972869 0 0)(0 0 -45)))
(1.499 ((-5.999972869 0 0)(0 0 -45)))
(1.5 ((-5.999972869 0 0)(0 0 -45)))
(1.501 ((-5.999972869 0 0)(0 0 -45)))
(1.502 ((-5.999972869 0 0)(0 0 -45)))
(1.503 ((-5.999972869 0 0)(0 0 -45)))
(1.504 ((-5.999972869 0 0)(0 0 -45)))
(1.505 ((-5.999972869 0 0)(0 0 -45)))
(1.506 ((-5.999972869 0 0)(0 0 -45)))
(1.507 ((-5.999972869 0 0)(0 0 -45)))
(1.508 ((-5.999972869 0 0)(0 0 -45)))
(1.509 ((-5.999972869 0 0)(0 0 -45)))
(1.51 ((-5.999972869 0 0)(0 0 -45)))
(1.511 ((-5.999972869 0 0)(0 0 -45)))
(1.512 ((-5.999972869 0 0)(0 0 -45)))
(1.513 ((-5.999972869 0 0)(0 0 -45)))
(1.514 ((-5.999972869 0 0)(0 0 -45)))
(1.515 ((-5.999972869 0 0)(0 0 -45)))
(1.516 ((-5.999972869 0 0)(0 0 -45)))
(1.517 ((-5.999972869 0 0)(0 0 -45)))
(1.518 ((-5.999972869 0 0)(0 0 -45)))
(1.519 ((-5.999972869 0 0)(0 0 -45)))
(1.52 ((-5.999972869 0 0)(0 0 -45)))
(1.521 ((-5.999972869 0 0)(0 0 -45)))
(1.522 ((-5.999972869 0 0)(0 0 -45)))
(1.523 ((-5.999972869 0 0)(0 0 -45)))
(1.524 ((-5.999972869 0 0)(0 0 -45)))
(1.525 ((-5.999972869 0 0)(0 0 -45)))
(1.526 ((-5.999972869 0 0)(0 0 -45)))
(1.527 ((-5.999972869 0 0)(0 0 -45)))
(1.528 ((-5.999972869 0 0)(0 0 -45)))
(1.529 ((-5.999972869 0 0)(0 0 -45)))
(1.53 ((-5.999972869 0 0)(0 0 -45)))
(1.531 ((-5.999972869 0 0)(0 0 -45)))
(1.532 ((-5.999972869 0 0)(0 0 -45)))
(1.533 ((-5.999972869 0 0)(0 0 -45)))
(1.534 ((-5.999972869 0 0)(0 0 -45)))
(1.535 ((-5.999972869 0 0)(0 0 -45)))
(1.536 ((-5.999972869 0 0)(0 0 -45)))
(1.537 ((-5.999972869 0 0)(0 0 -45)))
(1.538 ((-5.999972869 0 0)(0 0 -45)))
(1.539 ((-5.999972869 0 0)(0 0 -45)))
(1.54 ((-5.999972869 0 0)(0 0 -45)))
(1.541 ((-5.999972869 0 0)(0 0 -45)))
(1.542 ((-5.999972869 0 0)(0 0 -45)))
(1.543 ((-5.999972869 0 0)(0 0 -45)))
(1.544 ((-5.999972869 0 0)(0 0 -45)))
(1.545 ((-5.999972869 0 0)(0 0 -45)))
(1.546 ((-5.999972869 0 0)(0 0 -45)))
(1.547 ((-5.999972869 0 0)(0 0 -45)))
(1.548 ((-5.999972869 0 0)(0 0 -45)))
(1.549 ((-5.999972869 0 0)(0 0 -45)))
(1.55 ((-5.999972869 0 0)(0 0 -45)))
(1.551 ((-5.999972869 0 0)(0 0 -45)))
(1.552 ((-5.999972869 0 0)(0 0 -45)))
(1.553 ((-5.999972869 0 0)(0 0 -45)))
(1.554 ((-5.999972869 0 0)(0 0 -45)))
(1.555 ((-5.999972869 0 0)(0 0 -45)))
(1.556 ((-5.999972869 0 0)(0 0 -45)))
(1.557 ((-5.999972869 0 0)(0 0 -45)))
(1.558 ((-5.999972869 0 0)(0 0 -45)))
(1.559 ((-5.999972869 0 0)(0 0 -45)))
(1.56 ((-5.999972869 0 0)(0 0 -45)))
(1.561 ((-5.999972869 0 0)(0 0 -45)))
(1.562 ((-5.999972869 0 0)(0 0 -45)))
(1.563 ((-5.999972869 0 0)(0 0 -45)))
(1.564 ((-5.999972869 0 0)(0 0 -45)))
(1.565 ((-5.999972869 0 0)(0 0 -45)))
(1.566 ((-5.999972869 0 0)(0 0 -45)))
(1.567 ((-5.999972869 0 0)(0 0 -45)))
(1.568 ((-5.999972869 0 0)(0 0 -45)))
(1.569 ((-5.999972869 0 0)(0 0 -45)))
(1.57 ((-5.999972869 0 0)(0 0 -45)))
(1.571 ((-5.999972869 0 0)(0 0 -45)))
(1.572 ((-5.999972869 0 0)(0 0 -45)))
(1.573 ((-5.999972869 0 0)(0 0 -45)))
(1.574 ((-5.999972869 0 0)(0 0 -45)))
(1.575 ((-5.999972869 0 0)(0 0 -45)))
(1.576 ((-5.999972869 0 0)(0 0 -45)))
(1.577 ((-5.999972869 0 0)(0 0 -45)))
(1.578 ((-5.999972869 0 0)(0 0 -45)))
(1.579 ((-5.999972869 0 0)(0 0 -45)))
(1.58 ((-5.999972869 0 0)(0 0 -45)))
(1.581 ((-5.999972869 0 0)(0 0 -45)))
(1.582 ((-5.999972869 0 0)(0 0 -45)))
(1.583 ((-5.999972869 0 0)(0 0 -45)))
(1.584 ((-5.999972869 0 0)(0 0 -45)))
(1.585 ((-5.999972869 0 0)(0 0 -45)))
(1.586 ((-5.999972869 0 0)(0 0 -45)))
(1.587 ((-5.999972869 0 0)(0 0 -45)))
(1.588 ((-5.999972869 0 0)(0 0 -45)))
(1.589 ((-5.999972869 0 0)(0 0 -45)))
(1.59 ((-5.999972869 0 0)(0 0 -45)))
(1.591 ((-5.999972869 0 0)(0 0 -45)))
(1.592 ((-5.999972869 0 0)(0 0 -45)))
(1.593 ((-5.999972869 0 0)(0 0 -45)))
(1.594 ((-5.999972869 0 0)(0 0 -45)))
(1.595 ((-5.999972869 0 0)(0 0 -45)))
(1.596 ((-5.999972869 0 0)(0 0 -45)))
(1.597 ((-5.999972869 0 0)(0 0 -45)))
(1.598 ((-5.999972869 0 0)(0 0 -45)))
(1.599 ((-5.999972869 0 0)(0 0 -45)))
(1.6 ((-5.999972869 0 0)(0 0 -45)))
(1.601 ((-5.999972869 0 0)(0 0 -45)))
(1.602 ((-5.999972869 0 0)(0 0 -45)))
(1.603 ((-5.999972869 0 0)(0 0 -45)))
(1.604 ((-5.999972869 0 0)(0 0 -45)))
(1.605 ((-5.999972869 0 0)(0 0 -45)))
(1.606 ((-5.999972869 0 0)(0 0 -45)))
(1.607 ((-5.999972869 0 0)(0 0 -45)))
(1.608 ((-5.999972869 0 0)(0 0 -45)))
(1.609 ((-5.999972869 0 0)(0 0 -45)))
(1.61 ((-5.999972869 0 0)(0 0 -45)))
(1.611 ((-5.999972869 0 0)(0 0 -45)))
(1.612 ((-5.999972869 0 0)(0 0 -45)))
(1.613 ((-5.999972869 0 0)(0 0 -45)))
(1.614 ((-5.999972869 0 0)(0 0 -45)))
(1.615 ((-5.999972869 0 0)(0 0 -45)))
(1.616 ((-5.999972869 0 0)(0 0 -45)))
(1.617 ((-5.999972869 0 0)(0 0 -45)))
(1.618 ((-5.999972869 0 0)(0 0 -45)))
(1.619 ((-5.999972869 0 0)(0 0 -45)))
(1.62 ((-5.999972869 0 0)(0 0 -45)))
(1.621 ((-5.999972869 0 0)(0 0 -45)))
(1.622 ((-5.999972869 0 0)(0 0 -45)))
(1.623 ((-5.999972869 0 0)(0 0 -45)))
(1.624 ((-5.999972869 0 0)(0 0 -45)))
(1.625 ((-5.999972869 0 0)(0 0 -45)))
(1.626 ((-5.999972869 0 0)(0 0 -45)))
(1.627 ((-5.999972869 0 0)(0 0 -45)))
(1.628 ((-5.999972869 0 0)(0 0 -45)))
(1.629 ((-5.999972869 0 0)(0 0 -45)))
(1.63 ((-5.999972869 0 0)(0 0 -45)))
(1.631 ((-5.999972869 0 0)(0 0 -45)))
(1.632 ((-5.999972869 0 0)(0 0 -45)))
(1.633 ((-5.999972869 0 0)(0 0 -45)))
(1.634 ((-5.999972869 0 0)(0 0 -45)))
(1.635 ((-5.999972869 0 0)(0 0 -45)))
(1.636 ((-5.999972869 0 0)(0 0 -45)))
(1.637 ((-5.999972869 0 0)(0 0 -45)))
(1.638 ((-5.999972869 0 0)(0 0 -45)))
(1.639 ((-5.999972869 0 0)(0 0 -45)))
(1.64 ((-5.999972869 0 0)(0 0 -45)))
(1.641 ((-5.999972869 0 0)(0 0 -45)))
(1.642 ((-5.999972869 0 0)(0 0 -45)))
(1.643 ((-5.999972869 0 0)(0 0 -45)))
(1.644 ((-5.999972869 0 0)(0 0 -45)))
(1.645 ((-5.999972869 0 0)(0 0 -45)))
(1.646 ((-5.999972869 0 0)(0 0 -45)))
(1.647 ((-5.999972869 0 0)(0 0 -45)))
(1.648 ((-5.999972869 0 0)(0 0 -45)))
(1.649 ((-5.999972869 0 0)(0 0 -45)))
(1.65 ((-5.999972869 0 0)(0 0 -45)))
(1.651 ((-5.999972869 0 0)(0 0 -45)))
(1.652 ((-5.999972869 0 0)(0 0 -45)))
(1.653 ((-5.999972869 0 0)(0 0 -45)))
(1.654 ((-5.999972869 0 0)(0 0 -45)))
(1.655 ((-5.999972869 0 0)(0 0 -45)))
(1.656 ((-5.999972869 0 0)(0 0 -45)))
(1.657 ((-5.999972869 0 0)(0 0 -45)))
(1.658 ((-5.999972869 0 0)(0 0 -45)))
(1.659 ((-5.999972869 0 0)(0 0 -45)))
(1.66 ((-5.999972869 0 0)(0 0 -45)))
(1.661 ((-5.999972869 0 0)(0 0 -45)))
(1.662 ((-5.999972869 0 0)(0 0 -45)))
(1.663 ((-5.999972869 0 0)(0 0 -45)))
(1.664 ((-5.999972869 0 0)(0 0 -45)))
(1.665 ((-5.999972869 0 0)(0 0 -45)))
(1.666 ((-5.999972869 0 0)(0 0 -45)))
(1.667 ((-5.999972869 0 0)(0 0 -45)))
(1.668 ((-5.999972869 0 0)(0 0 -45)))
(1.669 ((-5.999972869 0 0)(0 0 -45)))
(1.67 ((-5.999972869 0 0)(0 0 -45)))
(1.671 ((-5.999972869 0 0)(0 0 -45)))
(1.672 ((-5.999972869 0 0)(0 0 -45)))
(1.673 ((-5.999972869 0 0)(0 0 -45)))
(1.674 ((-5.999972869 0 0)(0 0 -45)))
(1.675 ((-5.999972869 0 0)(0 0 -45)))
(1.676 ((-5.999972869 0 0)(0 0 -45)))
(1.677 ((-5.999972869 0 0)(0 0 -45)))
(1.678 ((-5.999972869 0 0)(0 0 -45)))
(1.679 ((-5.999972869 0 0)(0 0 -45)))
(1.68 ((-5.999972869 0 0)(0 0 -45)))
(1.681 ((-5.999972869 0 0)(0 0 -45)))
(1.682 ((-5.999972869 0 0)(0 0 -45)))
(1.683 ((-5.999972869 0 0)(0 0 -45)))
(1.684 ((-5.999972869 0 0)(0 0 -45)))
(1.685 ((-5.999972869 0 0)(0 0 -45)))
(1.686 ((-5.999972869 0 0)(0 0 -45)))
(1.687 ((-5.999972869 0 0)(0 0 -45)))
(1.688 ((-5.999972869 0 0)(0 0 -45)))
(1.689 ((-5.999972869 0 0)(0 0 -45)))
(1.69 ((-5.999972869 0 0)(0 0 -45)))
(1.691 ((-5.999972869 0 0)(0 0 -45)))
(1.692 ((-5.999972869 0 0)(0 0 -45)))
(1.693 ((-5.999972869 0 0)(0 0 -45)))
(1.694 ((-5.999972869 0 0)(0 0 -45)))
(1.695 ((-5.999972869 0 0)(0 0 -45)))
(1.696 ((-5.999972869 0 0)(0 0 -45)))
(1.697 ((-5.999972869 0 0)(0 0 -45)))
(1.698 ((-5.999972869 0 0)(0 0 -45)))
(1.699 ((-5.999972869 0 0)(0 0 -45)))
(1.7 ((-5.999972869 0 0)(0 0 -45)))
(1.701 ((-5.999972869 0 0)(0 0 -45)))
(1.702 ((-5.999972869 0 0)(0 0 -45)))
(1.703 ((-5.999972869 0 0)(0 0 -45)))
(1.704 ((-5.999972869 0 0)(0 0 -45)))
(1.705 ((-5.999972869 0 0)(0 0 -45)))
(1.706 ((-5.999972869 0 0)(0 0 -45)))
(1.707 ((-5.999972869 0 0)(0 0 -45)))
(1.708 ((-5.999972869 0 0)(0 0 -45)))
(1.709 ((-5.999972869 0 0)(0 0 -45)))
(1.71 ((-5.999972869 0 0)(0 0 -45)))
(1.711 ((-5.999972869 0 0)(0 0 -45)))
(1.712 ((-5.999972869 0 0)(0 0 -45)))
(1.713 ((-5.999972869 0 0)(0 0 -45)))
(1.714 ((-5.999972869 0 0)(0 0 -45)))
(1.715 ((-5.999972869 0 0)(0 0 -45)))
(1.716 ((-5.999972869 0 0)(0 0 -45)))
(1.717 ((-5.999972869 0 0)(0 0 -45)))
(1.718 ((-5.999972869 0 0)(0 0 -45)))
(1.719 ((-5.999972869 0 0)(0 0 -45)))
(1.72 ((-5.999972869 0 0)(0 0 -45)))
(1.721 ((-5.999972869 0 0)(0 0 -45)))
(1.722 ((-5.999972869 0 0)(0 0 -45)))
(1.723 ((-5.999972869 0 0)(0 0 -45)))
(1.724 ((-5.999972869 0 0)(0 0 -45)))
(1.725 ((-5.999972869 0 0)(0 0 -45)))
(1.726 ((-5.999972869 0 0)(0 0 -45)))
(1.727 ((-5.999972869 0 0)(0 0 -45)))
(1.728 ((-5.999972869 0 0)(0 0 -45)))
(1.729 ((-5.999972869 0 0)(0 0 -45)))
(1.73 ((-5.999972869 0 0)(0 0 -45)))
(1.731 ((-5.999972869 0 0)(0 0 -45)))
(1.732 ((-5.999972869 0 0)(0 0 -45)))
(1.733 ((-5.999972869 0 0)(0 0 -45)))
(1.734 ((-5.999972869 0 0)(0 0 -45)))
(1.735 ((-5.999972869 0 0)(0 0 -45)))
(1.736 ((-5.999972869 0 0)(0 0 -45)))
(1.737 ((-5.999972869 0 0)(0 0 -45)))
(1.738 ((-5.999972869 0 0)(0 0 -45)))
(1.739 ((-5.999972869 0 0)(0 0 -45)))
(1.74 ((-5.999972869 0 0)(0 0 -45)))
(1.741 ((-5.999972869 0 0)(0 0 -45)))
(1.742 ((-5.999972869 0 0)(0 0 -45)))
(1.743 ((-5.999972869 0 0)(0 0 -45)))
(1.744 ((-5.999972869 0 0)(0 0 -45)))
(1.745 ((-5.999972869 0 0)(0 0 -45)))
(1.746 ((-5.999972869 0 0)(0 0 -45)))
(1.747 ((-5.999972869 0 0)(0 0 -45)))
(1.748 ((-5.999972869 0 0)(0 0 -45)))
(1.749 ((-5.999972869 0 0)(0 0 -45)))
(1.75 ((-5.999972869 0 0)(0 0 -45)))
(1.751 ((-5.999972869 0 0)(0 0 -45)))
(1.752 ((-5.999972869 0 0)(0 0 -45)))
(1.753 ((-5.999972869 0 0)(0 0 -45)))
(1.754 ((-5.999972869 0 0)(0 0 -45)))
(1.755 ((-5.999972869 0 0)(0 0 -45)))
(1.756 ((-5.999972869 0 0)(0 0 -45)))
(1.757 ((-5.999972869 0 0)(0 0 -45)))
(1.758 ((-5.999972869 0 0)(0 0 -45)))
(1.759 ((-5.999972869 0 0)(0 0 -45)))
(1.76 ((-5.999972869 0 0)(0 0 -45)))
(1.761 ((-5.999972869 0 0)(0 0 -45)))
(1.762 ((-5.999972869 0 0)(0 0 -45)))
(1.763 ((-5.999972869 0 0)(0 0 -45)))
(1.764 ((-5.999972869 0 0)(0 0 -45)))
(1.765 ((-5.999972869 0 0)(0 0 -45)))
(1.766 ((-5.999972869 0 0)(0 0 -45)))
(1.767 ((-5.999972869 0 0)(0 0 -45)))
(1.768 ((-5.999972869 0 0)(0 0 -45)))
(1.769 ((-5.999972869 0 0)(0 0 -45)))
(1.77 ((-5.999972869 0 0)(0 0 -45)))
(1.771 ((-5.999972869 0 0)(0 0 -45)))
(1.772 ((-5.999972869 0 0)(0 0 -45)))
(1.773 ((-5.999972869 0 0)(0 0 -45)))
(1.774 ((-5.999972869 0 0)(0 0 -45)))
(1.775 ((-5.999972869 0 0)(0 0 -45)))
(1.776 ((-5.999972869 0 0)(0 0 -45)))
(1.777 ((-5.999972869 0 0)(0 0 -45)))
(1.778 ((-5.999972869 0 0)(0 0 -45)))
(1.779 ((-5.999972869 0 0)(0 0 -45)))
(1.78 ((-5.999972869 0 0)(0 0 -45)))
(1.781 ((-5.999972869 0 0)(0 0 -45)))
(1.782 ((-5.999972869 0 0)(0 0 -45)))
(1.783 ((-5.999972869 0 0)(0 0 -45)))
(1.784 ((-5.999972869 0 0)(0 0 -45)))
(1.785 ((-5.999972869 0 0)(0 0 -45)))
(1.786 ((-5.999972869 0 0)(0 0 -45)))
(1.787 ((-5.999972869 0 0)(0 0 -45)))
(1.788 ((-5.999972869 0 0)(0 0 -45)))
(1.789 ((-5.999972869 0 0)(0 0 -45)))
(1.79 ((-5.999972869 0 0)(0 0 -45)))
(1.791 ((-5.999972869 0 0)(0 0 -45)))
(1.792 ((-5.999972869 0 0)(0 0 -45)))
(1.793 ((-5.999972869 0 0)(0 0 -45)))
(1.794 ((-5.999972869 0 0)(0 0 -45)))
(1.795 ((-5.999972869 0 0)(0 0 -45)))
(1.796 ((-5.999972869 0 0)(0 0 -45)))
(1.797 ((-5.999972869 0 0)(0 0 -45)))
(1.798 ((-5.999972869 0 0)(0 0 -45)))
(1.799 ((-5.999972869 0 0)(0 0 -45)))
(1.8 ((-5.999972869 0 0)(0 0 -45)))
(1.801 ((-5.999972869 0 0)(0 0 -45)))
(1.802 ((-5.999972869 0 0)(0 0 -45)))
(1.803 ((-5.999972869 0 0)(0 0 -45)))
(1.804 ((-5.999972869 0 0)(0 0 -45)))
(1.805 ((-5.999972869 0 0)(0 0 -45)))
(1.806 ((-5.999972869 0 0)(0 0 -45)))
(1.807 ((-5.999972869 0 0)(0 0 -45)))
(1.808 ((-5.999972869 0 0)(0 0 -45)))
(1.809 ((-5.999972869 0 0)(0 0 -45)))
(1.81 ((-5.999972869 0 0)(0 0 -45)))
(1.811 ((-5.999972869 0 0)(0 0 -45)))
(1.812 ((-5.999972869 0 0)(0 0 -45)))
(1.813 ((-5.999972869 0 0)(0 0 -45)))
(1.814 ((-5.999972869 0 0)(0 0 -45)))
(1.815 ((-5.999972869 0 0)(0 0 -45)))
(1.816 ((-5.999972869 0 0)(0 0 -45)))
(1.817 ((-5.999972869 0 0)(0 0 -45)))
(1.818 ((-5.999972869 0 0)(0 0 -45)))
(1.819 ((-5.999972869 0 0)(0 0 -45)))
(1.82 ((-5.999972869 0 0)(0 0 -45)))
(1.821 ((-5.999972869 0 0)(0 0 -45)))
(1.822 ((-5.999972869 0 0)(0 0 -45)))
(1.823 ((-5.999972869 0 0)(0 0 -45)))
(1.824 ((-5.999972869 0 0)(0 0 -45)))
(1.825 ((-5.999972869 0 0)(0 0 -45)))
(1.826 ((-5.999972869 0 0)(0 0 -45)))
(1.827 ((-5.999972869 0 0)(0 0 -45)))
(1.828 ((-5.999972869 0 0)(0 0 -45)))
(1.829 ((-5.999972869 0 0)(0 0 -45)))
(1.83 ((-5.999972869 0 0)(0 0 -45)))
(1.831 ((-5.999972869 0 0)(0 0 -45)))
(1.832 ((-5.999972869 0 0)(0 0 -45)))
(1.833 ((-5.999972869 0 0)(0 0 -45)))
(1.834 ((-5.999972869 0 0)(0 0 -45)))
(1.835 ((-5.999972869 0 0)(0 0 -45)))
(1.836 ((-5.999972869 0 0)(0 0 -45)))
(1.837 ((-5.999972869 0 0)(0 0 -45)))
(1.838 ((-5.999972869 0 0)(0 0 -45)))
(1.839 ((-5.999972869 0 0)(0 0 -45)))
(1.84 ((-5.999972869 0 0)(0 0 -45)))
(1.841 ((-5.999972869 0 0)(0 0 -45)))
(1.842 ((-5.999972869 0 0)(0 0 -45)))
(1.843 ((-5.999972869 0 0)(0 0 -45)))
(1.844 ((-5.999972869 0 0)(0 0 -45)))
(1.845 ((-5.999972869 0 0)(0 0 -45)))
(1.846 ((-5.999972869 0 0)(0 0 -45)))
(1.847 ((-5.999972869 0 0)(0 0 -45)))
(1.848 ((-5.999972869 0 0)(0 0 -45)))
(1.849 ((-5.999972869 0 0)(0 0 -45)))
(1.85 ((-5.999972869 0 0)(0 0 -45)))
(1.851 ((-5.999972869 0 0)(0 0 -45)))
(1.852 ((-5.999972869 0 0)(0 0 -45)))
(1.853 ((-5.999972869 0 0)(0 0 -45)))
(1.854 ((-5.999972869 0 0)(0 0 -45)))
(1.855 ((-5.999972869 0 0)(0 0 -45)))
(1.856 ((-5.999972869 0 0)(0 0 -45)))
(1.857 ((-5.999972869 0 0)(0 0 -45)))
(1.858 ((-5.999972869 0 0)(0 0 -45)))
(1.859 ((-5.999972869 0 0)(0 0 -45)))
(1.86 ((-5.999972869 0 0)(0 0 -45)))
(1.861 ((-5.999972869 0 0)(0 0 -45)))
(1.862 ((-5.999972869 0 0)(0 0 -45)))
(1.863 ((-5.999972869 0 0)(0 0 -45)))
(1.864 ((-5.999972869 0 0)(0 0 -45)))
(1.865 ((-5.999972869 0 0)(0 0 -45)))
(1.866 ((-5.999972869 0 0)(0 0 -45)))
(1.867 ((-5.999972869 0 0)(0 0 -45)))
(1.868 ((-5.999972869 0 0)(0 0 -45)))
(1.869 ((-5.999972869 0 0)(0 0 -45)))
(1.87 ((-5.999972869 0 0)(0 0 -45)))
(1.871 ((-5.999972869 0 0)(0 0 -45)))
(1.872 ((-5.999972869 0 0)(0 0 -45)))
(1.873 ((-5.999972869 0 0)(0 0 -45)))
(1.874 ((-5.999972869 0 0)(0 0 -45)))
(1.875 ((-5.999972869 0 0)(0 0 -45)))
(1.876 ((-5.999972869 0 0)(0 0 -45)))
(1.877 ((-5.999972869 0 0)(0 0 -45)))
(1.878 ((-5.999972869 0 0)(0 0 -45)))
(1.879 ((-5.999972869 0 0)(0 0 -45)))
(1.88 ((-5.999972869 0 0)(0 0 -45)))
(1.881 ((-5.999972869 0 0)(0 0 -45)))
(1.882 ((-5.999972869 0 0)(0 0 -45)))
(1.883 ((-5.999972869 0 0)(0 0 -45)))
(1.884 ((-5.999972869 0 0)(0 0 -45)))
(1.885 ((-5.999972869 0 0)(0 0 -45)))
(1.886 ((-5.999972869 0 0)(0 0 -45)))
(1.887 ((-5.999972869 0 0)(0 0 -45)))
(1.888 ((-5.999972869 0 0)(0 0 -45)))
(1.889 ((-5.999972869 0 0)(0 0 -45)))
(1.89 ((-5.999972869 0 0)(0 0 -45)))
(1.891 ((-5.999972869 0 0)(0 0 -45)))
(1.892 ((-5.999972869 0 0)(0 0 -45)))
(1.893 ((-5.999972869 0 0)(0 0 -45)))
(1.894 ((-5.999972869 0 0)(0 0 -45)))
(1.895 ((-5.999972869 0 0)(0 0 -45)))
(1.896 ((-5.999972869 0 0)(0 0 -45)))
(1.897 ((-5.999972869 0 0)(0 0 -45)))
(1.898 ((-5.999972869 0 0)(0 0 -45)))
(1.899 ((-5.999972869 0 0)(0 0 -45)))
(1.9 ((-5.999972869 0 0)(0 0 -45)))
(1.901 ((-5.999972869 0 0)(0 0 -45)))
(1.902 ((-5.999972869 0 0)(0 0 -45)))
(1.903 ((-5.999972869 0 0)(0 0 -45)))
(1.904 ((-5.999972869 0 0)(0 0 -45)))
(1.905 ((-5.999972869 0 0)(0 0 -45)))
(1.906 ((-5.999972869 0 0)(0 0 -45)))
(1.907 ((-5.999972869 0 0)(0 0 -45)))
(1.908 ((-5.999972869 0 0)(0 0 -45)))
(1.909 ((-5.999972869 0 0)(0 0 -45)))
(1.91 ((-5.999972869 0 0)(0 0 -45)))
(1.911 ((-5.999972869 0 0)(0 0 -45)))
(1.912 ((-5.999972869 0 0)(0 0 -45)))
(1.913 ((-5.999972869 0 0)(0 0 -45)))
(1.914 ((-5.999972869 0 0)(0 0 -45)))
(1.915 ((-5.999972869 0 0)(0 0 -45)))
(1.916 ((-5.999972869 0 0)(0 0 -45)))
(1.917 ((-5.999972869 0 0)(0 0 -45)))
(1.918 ((-5.999972869 0 0)(0 0 -45)))
(1.919 ((-5.999972869 0 0)(0 0 -45)))
(1.92 ((-5.999972869 0 0)(0 0 -45)))
(1.921 ((-5.999972869 0 0)(0 0 -45)))
(1.922 ((-5.999972869 0 0)(0 0 -45)))
(1.923 ((-5.999972869 0 0)(0 0 -45)))
(1.924 ((-5.999972869 0 0)(0 0 -45)))
(1.925 ((-5.999972869 0 0)(0 0 -45)))
(1.926 ((-5.999972869 0 0)(0 0 -45)))
(1.927 ((-5.999972869 0 0)(0 0 -45)))
(1.928 ((-5.999972869 0 0)(0 0 -45)))
(1.929 ((-5.999972869 0 0)(0 0 -45)))
(1.93 ((-5.999972869 0 0)(0 0 -45)))
(1.931 ((-5.999972869 0 0)(0 0 -45)))
(1.932 ((-5.999972869 0 0)(0 0 -45)))
(1.933 ((-5.999972869 0 0)(0 0 -45)))
(1.934 ((-5.999972869 0 0)(0 0 -45)))
(1.935 ((-5.999972869 0 0)(0 0 -45)))
(1.936 ((-5.999972869 0 0)(0 0 -45)))
(1.937 ((-5.999972869 0 0)(0 0 -45)))
(1.938 ((-5.999972869 0 0)(0 0 -45)))
(1.939 ((-5.999972869 0 0)(0 0 -45)))
(1.94 ((-5.999972869 0 0)(0 0 -45)))
(1.941 ((-5.999972869 0 0)(0 0 -45)))
(1.942 ((-5.999972869 0 0)(0 0 -45)))
(1.943 ((-5.999972869 0 0)(0 0 -45)))
(1.944 ((-5.999972869 0 0)(0 0 -45)))
(1.945 ((-5.999972869 0 0)(0 0 -45)))
(1.946 ((-5.999972869 0 0)(0 0 -45)))
(1.947 ((-5.999972869 0 0)(0 0 -45)))
(1.948 ((-5.999972869 0 0)(0 0 -45)))
(1.949 ((-5.999972869 0 0)(0 0 -45)))
(1.95 ((-5.999972869 0 0)(0 0 -45)))
(1.951 ((-5.999972869 0 0)(0 0 -45)))
(1.952 ((-5.999972869 0 0)(0 0 -45)))
(1.953 ((-5.999972869 0 0)(0 0 -45)))
(1.954 ((-5.999972869 0 0)(0 0 -45)))
(1.955 ((-5.999972869 0 0)(0 0 -45)))
(1.956 ((-5.999972869 0 0)(0 0 -45)))
(1.957 ((-5.999972869 0 0)(0 0 -45)))
(1.958 ((-5.999972869 0 0)(0 0 -45)))
(1.959 ((-5.999972869 0 0)(0 0 -45)))
(1.96 ((-5.999972869 0 0)(0 0 -45)))
(1.961 ((-5.999972869 0 0)(0 0 -45)))
(1.962 ((-5.999972869 0 0)(0 0 -45)))
(1.963 ((-5.999972869 0 0)(0 0 -45)))
(1.964 ((-5.999972869 0 0)(0 0 -45)))
(1.965 ((-5.999972869 0 0)(0 0 -45)))
(1.966 ((-5.999972869 0 0)(0 0 -45)))
(1.967 ((-5.999972869 0 0)(0 0 -45)))
(1.968 ((-5.999972869 0 0)(0 0 -45)))
(1.969 ((-5.999972869 0 0)(0 0 -45)))
(1.97 ((-5.999972869 0 0)(0 0 -45)))
(1.971 ((-5.999972869 0 0)(0 0 -45)))
(1.972 ((-5.999972869 0 0)(0 0 -45)))
(1.973 ((-5.999972869 0 0)(0 0 -45)))
(1.974 ((-5.999972869 0 0)(0 0 -45)))
(1.975 ((-5.999972869 0 0)(0 0 -45)))
(1.976 ((-5.999972869 0 0)(0 0 -45)))
(1.977 ((-5.999972869 0 0)(0 0 -45)))
(1.978 ((-5.999972869 0 0)(0 0 -45)))
(1.979 ((-5.999972869 0 0)(0 0 -45)))
(1.98 ((-5.999972869 0 0)(0 0 -45)))
(1.981 ((-5.999972869 0 0)(0 0 -45)))
(1.982 ((-5.999972869 0 0)(0 0 -45)))
(1.983 ((-5.999972869 0 0)(0 0 -45)))
(1.984 ((-5.999972869 0 0)(0 0 -45)))
(1.985 ((-5.999972869 0 0)(0 0 -45)))
(1.986 ((-5.999972869 0 0)(0 0 -45)))
(1.987 ((-5.999972869 0 0)(0 0 -45)))
(1.988 ((-5.999972869 0 0)(0 0 -45)))
(1.989 ((-5.999972869 0 0)(0 0 -45)))
(1.99 ((-5.999972869 0 0)(0 0 -45)))
(1.991 ((-5.999972869 0 0)(0 0 -45)))
(1.992 ((-5.999972869 0 0)(0 0 -45)))
(1.993 ((-5.999972869 0 0)(0 0 -45)))
(1.994 ((-5.999972869 0 0)(0 0 -45)))
(1.995 ((-5.999972869 0 0)(0 0 -45)))
(1.996 ((-5.999972869 0 0)(0 0 -45)))
(1.997 ((-5.999972869 0 0)(0 0 -45)))
(1.998 ((-5.999972869 0 0)(0 0 -45)))
(1.999 ((-5.999972869 0 0)(0 0 -45)))
(2 ((-5.999972869 0 0)(0 0 -45)))
(2.001 ((-5.999972869 0 0)(0 0 -45)))
(2.002 ((-5.999972869 0 0)(0 0 -45)))
(2.003 ((-5.999972869 0 0)(0 0 -45)))
(2.004 ((-5.999972869 0 0)(0 0 -45)))
(2.005 ((-5.999972869 0 0)(0 0 -45)))
(2.006 ((-5.999972869 0 0)(0 0 -45)))
(2.007 ((-5.999972869 0 0)(0 0 -45)))
(2.008 ((-5.999972869 0 0)(0 0 -45)))
(2.009 ((-5.999972869 0 0)(0 0 -45)))
(2.01 ((-5.999972869 0 0)(0 0 -45)))
(2.011 ((-5.999972869 0 0)(0 0 -45)))
(2.012 ((-5.999972869 0 0)(0 0 -45)))
(2.013 ((-5.999972869 0 0)(0 0 -45)))
(2.014 ((-5.999972869 0 0)(0 0 -45)))
(2.015 ((-5.999972869 0 0)(0 0 -45)))
(2.016 ((-5.999972869 0 0)(0 0 -45)))
(2.017 ((-5.999972869 0 0)(0 0 -45)))
(2.018 ((-5.999972869 0 0)(0 0 -45)))
(2.019 ((-5.999972869 0 0)(0 0 -45)))
(2.02 ((-5.999972869 0 0)(0 0 -45)))
(2.021 ((-5.999972869 0 0)(0 0 -45)))
(2.022 ((-5.999972869 0 0)(0 0 -45)))
(2.023 ((-5.999972869 0 0)(0 0 -45)))
(2.024 ((-5.999972869 0 0)(0 0 -45)))
(2.025 ((-5.999972869 0 0)(0 0 -45)))
(2.026 ((-5.999972869 0 0)(0 0 -45)))
(2.027 ((-5.999972869 0 0)(0 0 -45)))
(2.028 ((-5.999972869 0 0)(0 0 -45)))
(2.029 ((-5.999972869 0 0)(0 0 -45)))
(2.03 ((-5.999972869 0 0)(0 0 -45)))
(2.031 ((-5.999972869 0 0)(0 0 -45)))
(2.032 ((-5.999972869 0 0)(0 0 -45)))
(2.033 ((-5.999972869 0 0)(0 0 -45)))
(2.034 ((-5.999972869 0 0)(0 0 -45)))
(2.035 ((-5.999972869 0 0)(0 0 -45)))
(2.036 ((-5.999972869 0 0)(0 0 -45)))
(2.037 ((-5.999972869 0 0)(0 0 -45)))
(2.038 ((-5.999972869 0 0)(0 0 -45)))
(2.039 ((-5.999972869 0 0)(0 0 -45)))
(2.04 ((-5.999972869 0 0)(0 0 -45)))
(2.041 ((-5.999972869 0 0)(0 0 -45)))
(2.042 ((-5.999972869 0 0)(0 0 -45)))
(2.043 ((-5.999972869 0 0)(0 0 -45)))
(2.044 ((-5.999972869 0 0)(0 0 -45)))
(2.045 ((-5.999972869 0 0)(0 0 -45)))
(2.046 ((-5.999972869 0 0)(0 0 -45)))
(2.047 ((-5.999972869 0 0)(0 0 -45)))
(2.048 ((-5.999972869 0 0)(0 0 -45)))
(2.049 ((-5.999972869 0 0)(0 0 -45)))
(2.05 ((-5.999972869 0 0)(0 0 -45)))
(2.051 ((-5.999972869 0 0)(0 0 -45)))
(2.052 ((-5.999972869 0 0)(0 0 -45)))
(2.053 ((-5.999972869 0 0)(0 0 -45)))
(2.054 ((-5.999972869 0 0)(0 0 -45)))
(2.055 ((-5.999972869 0 0)(0 0 -45)))
(2.056 ((-5.999972869 0 0)(0 0 -45)))
(2.057 ((-5.999972869 0 0)(0 0 -45)))
(2.058 ((-5.999972869 0 0)(0 0 -45)))
(2.059 ((-5.999972869 0 0)(0 0 -45)))
(2.06 ((-5.999972869 0 0)(0 0 -45)))
(2.061 ((-5.999972869 0 0)(0 0 -45)))
(2.062 ((-5.999972869 0 0)(0 0 -45)))
(2.063 ((-5.999972869 0 0)(0 0 -45)))
(2.064 ((-5.999972869 0 0)(0 0 -45)))
(2.065 ((-5.999972869 0 0)(0 0 -45)))
(2.066 ((-5.999972869 0 0)(0 0 -45)))
(2.067 ((-5.999972869 0 0)(0 0 -45)))
(2.068 ((-5.999972869 0 0)(0 0 -45)))
(2.069 ((-5.999972869 0 0)(0 0 -45)))
(2.07 ((-5.999972869 0 0)(0 0 -45)))
(2.071 ((-5.999972869 0 0)(0 0 -45)))
(2.072 ((-5.999972869 0 0)(0 0 -45)))
(2.073 ((-5.999972869 0 0)(0 0 -45)))
(2.074 ((-5.999972869 0 0)(0 0 -45)))
(2.075 ((-5.999972869 0 0)(0 0 -45)))
(2.076 ((-5.999972869 0 0)(0 0 -45)))
(2.077 ((-5.999972869 0 0)(0 0 -45)))
(2.078 ((-5.999972869 0 0)(0 0 -45)))
(2.079 ((-5.999972869 0 0)(0 0 -45)))
(2.08 ((-5.999972869 0 0)(0 0 -45)))
(2.081 ((-5.999972869 0 0)(0 0 -45)))
(2.082 ((-5.999972869 0 0)(0 0 -45)))
(2.083 ((-5.999972869 0 0)(0 0 -45)))
(2.084 ((-5.999972869 0 0)(0 0 -45)))
(2.085 ((-5.999972869 0 0)(0 0 -45)))
(2.086 ((-5.999972869 0 0)(0 0 -45)))
(2.087 ((-5.999972869 0 0)(0 0 -45)))
(2.088 ((-5.999972869 0 0)(0 0 -45)))
(2.089 ((-5.999972869 0 0)(0 0 -45)))
(2.09 ((-5.999972869 0 0)(0 0 -45)))
(2.091 ((-5.999972869 0 0)(0 0 -45)))
(2.092 ((-5.999972869 0 0)(0 0 -45)))
(2.093 ((-5.999972869 0 0)(0 0 -45)))
(2.094 ((-5.999972869 0 0)(0 0 -45)))
(2.095 ((-5.999972869 0 0)(0 0 -45)))
(2.096 ((-5.999972869 0 0)(0 0 -45)))
(2.097 ((-5.999972869 0 0)(0 0 -45)))
(2.098 ((-5.999972869 0 0)(0 0 -45)))
(2.099 ((-5.999972869 0 0)(0 0 -45)))
)
