2100
(
(0 ((-0 0 0)(0 0 -0)))
(0.001 ((-2.987012059e-06 0 0)(0 0 -0)))
(0.002 ((-6.627176922e-06 0 0)(0 0 -0)))
(0.003 ((-1.10613805e-05 0 0)(0 0 -0)))
(0.004 ((-1.645965233e-05 0 0)(0 0 -0)))
(0.005 ((-2.302701485e-05 0 0)(0 0 -0)))
(0.006 ((-3.100991904e-05 0 0)(0 0 -0)))
(0.007 ((-4.070364741e-05 0 0)(0 0 -0)))
(0.008 ((-5.246056948e-05 0 0)(0 0 -0)))
(0.009 ((-6.66991763e-05 0 0)(0 0 -0)))
(0.01 ((-8.391367867e-05 0 0)(0 0 -0)))
(0.011 ((-0.0001046838184 0 0)(0 0 -0)))
(0.012 ((-0.0001296843635 0 0)(0 0 -0)))
(0.013 ((-0.0001596935644 0 0)(0 0 -0)))
(0.014 ((-0.0001955996582 0 0)(0 0 -0)))
(0.015 ((-0.0002384043663 0 0)(0 0 -0)))
(0.016 ((-0.0002892222891 0 0)(0 0 -0)))
(0.017 ((-0.0003492752167 0 0)(0 0 -0)))
(0.018 ((-0.0004198806921 0 0)(0 0 -0)))
(0.019 ((-0.000502434686 0 0)(0 0 -0)))
(0.02 ((-0.000598388922 0 0)(0 0 -0)))
(0.021 ((-0.0007092241103 0 0)(0 0 -0)))
(0.022 ((-0.0008364209614 0 0)(0 0 -0)))
(0.023 ((-0.0009814311987 0 0)(0 0 -0)))
(0.024 ((-0.001145650793 0 0)(0 0 -0)))
(0.025 ((-0.001330397287 0 0)(0 0 -0)))
(0.026 ((-0.001536892471 0 0)(0 0 -0)))
(0.027 ((-0.001766250946 0 0)(0 0 -0)))
(0.028 ((-0.002019474433 0 0)(0 0 -0)))
(0.029 ((-0.002297451168 0 0)(0 0 -0)))
(0.03 ((-0.002600959403 0 0)(0 0 -0)))
(0.031 ((-0.002930673906 0 0)(0 0 -0)))
(0.032 ((-0.003287174417 0 0)(0 0 -0)))
(0.033 ((-0.003670955149 0 0)(0 0 -0)))
(0.034 ((-0.004082434591 0 0)(0 0 -0)))
(0.035 ((-0.004521965114 0 0)(0 0 -0)))
(0.036 ((-0.004989842 0 0)(0 0 -0)))
(0.037 ((-0.005486311702 0 0)(0 0 -0)))
(0.038 ((-0.006011579233 0 0)(0 0 -0)))
(0.039 ((-0.006565814658 0 0)(0 0 -0)))
(0.04 ((-0.007149158728 0 0)(0 0 -0)))
(0.041 ((-0.00776172771 0 0)(0 0 -0)))
(0.042 ((-0.00840361749 0 0)(0 0 -0)))
(0.043 ((-0.009074907049 0 0)(0 0 -0)))
(0.044 ((-0.00977566137 0 0)(0 0 -0)))
(0.045 ((-0.01050593387 0 0)(0 0 -0)))
(0.046 ((-0.01126576843 0 0)(0 0 -0)))
(0.047 ((-0.01205520108 0 0)(0 0 -0)))
(0.048 ((-0.01287426138 0 0)(0 0 -0)))
(0.049 ((-0.01372297357 0 0)(0 0 -0)))
(0.05 ((-0.01460135753 0 0)(0 0 -0)))
(0.051 ((-0.01550942956 0 0)(0 0 -0)))
(0.052 ((-0.01644720302 0 0)(0 0 -0)))
(0.053 ((-0.01741468885 0 0)(0 0 -0)))
(0.054 ((-0.01841189602 0 0)(0 0 -0)))
(0.055 ((-0.01943883187 0 0)(0 0 -0)))
(0.056 ((-0.02049550242 0 0)(0 0 -0)))
(0.057 ((-0.02158191259 0 0)(0 0 -0)))
(0.058 ((-0.02269806643 0 0)(0 0 -0)))
(0.059 ((-0.02384396723 0 0)(0 0 -0)))
(0.06 ((-0.02501961771 0 0)(0 0 -0)))
(0.061 ((-0.02622502007 0 0)(0 0 -0)))
(0.062 ((-0.02746017613 0 0)(0 0 -0)))
(0.063 ((-0.02872508738 0 0)(0 0 -0)))
(0.064 ((-0.03001975504 0 0)(0 0 -0)))
(0.065 ((-0.03134418008 0 0)(0 0 -0)))
(0.066 ((-0.03269836334 0 0)(0 0 -0)))
(0.067 ((-0.03408230548 0 0)(0 0 -0)))
(0.068 ((-0.03549600704 0 0)(0 0 -0)))
(0.069 ((-0.03693946846 0 0)(0 0 -0)))
(0.07 ((-0.03841269011 0 0)(0 0 -0)))
(0.071 ((-0.03991567229 0 0)(0 0 -0)))
(0.072 ((-0.04144841523 0 0)(0 0 -0)))
(0.073 ((-0.04301091913 0 0)(0 0 -0)))
(0.074 ((-0.04460318415 0 0)(0 0 -0)))
(0.075 ((-0.0462252104 0 0)(0 0 -0)))
(0.076 ((-0.047876998 0 0)(0 0 -0)))
(0.077 ((-0.04955854701 0 0)(0 0 -0)))
(0.078 ((-0.05126985749 0 0)(0 0 -0)))
(0.079 ((-0.05301092947 0 0)(0 0 -0)))
(0.08 ((-0.05478176299 0 0)(0 0 -0)))
(0.081 ((-0.05658235804 0 0)(0 0 -0)))
(0.082 ((-0.05841271463 0 0)(0 0 -0)))
(0.083 ((-0.06027283272 0 0)(0 0 -0)))
(0.084 ((-0.06216271228 0 0)(0 0 -0)))
(0.085 ((-0.06408235326 0 0)(0 0 -0)))
(0.086 ((-0.06603175558 0 0)(0 0 -0)))
(0.087 ((-0.06801091913 0 0)(0 0 -0)))
(0.088 ((-0.0700198438 0 0)(0 0 -0)))
(0.089 ((-0.07205852943 0 0)(0 0 -0)))
(0.09 ((-0.07412697583 0 0)(0 0 -0)))
(0.091 ((-0.07622518275 0 0)(0 0 -0)))
(0.092 ((-0.0783531499 0 0)(0 0 -0)))
(0.093 ((-0.08051087691 0 0)(0 0 -0)))
(0.094 ((-0.08269836334 0 0)(0 0 -0)))
(0.095 ((-0.08491560866 0 0)(0 0 -0)))
(0.096 ((-0.08716261218 0 0)(0 0 -0)))
(0.097 ((-0.0894393731 0 0)(0 0 -0)))
(0.098 ((-0.09174589042 0 0)(0 0 -0)))
(0.099 ((-0.09408216293 0 0)(0 0 -0)))
(0.1 ((-0.09644818914 0 0)(0 0 -0)))
(0.101 ((-0.09884396723 0 0)(0 0 -0)))
(0.102 ((-0.101269495 0 0)(0 0 -0)))
(0.103 ((-0.1037247697 0 0)(0 0 -0)))
(0.104 ((-0.1062097881 0 0)(0 0 -0)))
(0.105 ((-0.1087245462 0 0)(0 0 -0)))
(0.106 ((-0.1112690389 0 0)(0 0 -0)))
(0.107 ((-0.1138432603 0 0)(0 0 -0)))
(0.108 ((-0.116447203 0 0)(0 0 -0)))
(0.109 ((-0.1190808581 0 0)(0 0 -0)))
(0.11 ((-0.1217442147 0 0)(0 0 -0)))
(0.111 ((-0.1244372593 0 0)(0 0 -0)))
(0.112 ((-0.1271599757 0 0)(0 0 -0)))
(0.113 ((-0.1299123439 0 0)(0 0 -0)))
(0.114 ((-0.1326943399 0 0)(0 0 -0)))
(0.115 ((-0.1355059339 0 0)(0 0 -0)))
(0.116 ((-0.1383470899 0 0)(0 0 -0)))
(0.117 ((-0.1412177642 0 0)(0 0 -0)))
(0.118 ((-0.1441179032 0 0)(0 0 -0)))
(0.119 ((-0.147047442 0 0)(0 0 -0)))
(0.12 ((-0.1500063016 0 0)(0 0 -0)))
(0.121 ((-0.1529943861 0 0)(0 0 -0)))
(0.122 ((-0.1560115792 0 0)(0 0 -0)))
(0.123 ((-0.1590577403 0 0)(0 0 -0)))
(0.124 ((-0.1621326991 0 0)(0 0 -0)))
(0.125 ((-0.1652362508 0 0)(0 0 -0)))
(0.126 ((-0.1683681489 0 0)(0 0 -0)))
(0.127 ((-0.171528098 0 0)(0 0 -0)))
(0.128 ((-0.1747157458 0 0)(0 0 -0)))
(0.129 ((-0.1779306739 0 0)(0 0 -0)))
(0.13 ((-0.181172388 0 0)(0 0 -0)))
(0.131 ((-0.1844403083 0 0)(0 0 -0)))
(0.132 ((-0.1877337601 0 0)(0 0 -0)))
(0.133 ((-0.1910519652 0 0)(0 0 -0)))
(0.134 ((-0.1943940353 0 0)(0 0 -0)))
(0.135 ((-0.1977589687 0 0)(0 0 -0)))
(0.136 ((-0.2011456508 0 0)(0 0 -0)))
(0.137 ((-0.2045528598 0 0)(0 0 -0)))
(0.138 ((-0.2079792781 0 0)(0 0 -0)))
(0.139 ((-0.2114235098 0 0)(0 0 -0)))
(0.14 ((-0.2148841032 0 0)(0 0 -0)))
(0.141 ((-0.2183595775 0 0)(0 0 -0)))
(0.142 ((-0.2218484521 0 0)(0 0 -0)))
(0.143 ((-0.2253492752 0 0)(0 0 -0)))
(0.144 ((-0.2288606509 0 0)(0 0 -0)))
(0.145 ((-0.2323812615 0 0)(0 0 -0)))
(0.146 ((-0.2359098854 0 0)(0 0 -0)))
(0.147 ((-0.2394454079 0 0)(0 0 -0)))
(0.148 ((-0.2429868272 0 0)(0 0 -0)))
(0.149 ((-0.2465332552 0 0)(0 0 -0)))
(0.15 ((-0.2500839137 0 0)(0 0 -0)))
(0.151 ((-0.2536381277 0 0)(0 0 -0)))
(0.152 ((-0.2571953177 0 0)(0 0 -0)))
(0.153 ((-0.2607549894 0 0)(0 0 -0)))
(0.154 ((-0.2643167242 0 0)(0 0 -0)))
(0.155 ((-0.2678801699 0 0)(0 0 -0)))
(0.156 ((-0.2714450311 0 0)(0 0 -0)))
(0.157 ((-0.2750110614 0 0)(0 0 -0)))
(0.158 ((-0.2785780558 0 0)(0 0 -0)))
(0.159 ((-0.2821458441 0 0)(0 0 -0)))
(0.16 ((-0.2857142858 0 0)(0 0 -0)))
(0.161 ((-0.2892832644 0 0)(0 0 -0)))
(0.162 ((-0.2928526842 0 0)(0 0 -0)))
(0.163 ((-0.296422466 0 0)(0 0 -0)))
(0.164 ((-0.299992545 0 0)(0 0 -0)))
(0.165 ((-0.3035628678 0 0)(0 0 -0)))
(0.166 ((-0.3071333904 0 0)(0 0 -0)))
(0.167 ((-0.3107040768 0 0)(0 0 -0)))
(0.168 ((-0.3142748974 0 0)(0 0 -0)))
(0.169 ((-0.3178458281 0 0)(0 0 -0)))
(0.17 ((-0.3214168489 0 0)(0 0 -0)))
(0.171 ((-0.3249879435 0 0)(0 0 -0)))
(0.172 ((-0.3285590986 0 0)(0 0 -0)))
(0.173 ((-0.3321303033 0 0)(0 0 -0)))
(0.174 ((-0.3357015485 0 0)(0 0 -0)))
(0.175 ((-0.3392728269 0 0)(0 0 -0)))
(0.176 ((-0.3428441325 0 0)(0 0 -0)))
(0.177 ((-0.3464154604 0 0)(0 0 -0)))
(0.178 ((-0.3499868066 0 0)(0 0 -0)))
(0.179 ((-0.3535581677 0 0)(0 0 -0)))
(0.18 ((-0.357129541 0 0)(0 0 -0)))
(0.181 ((-0.3607009243 0 0)(0 0 -0)))
(0.182 ((-0.3642723159 0 0)(0 0 -0)))
(0.183 ((-0.3678437141 0 0)(0 0 -0)))
(0.184 ((-0.3714151179 0 0)(0 0 -0)))
(0.185 ((-0.3749865261 0 0)(0 0 -0)))
(0.186 ((-0.378557938 0 0)(0 0 -0)))
(0.187 ((-0.382129353 0 0)(0 0 -0)))
(0.188 ((-0.3857007704 0 0)(0 0 -0)))
(0.189 ((-0.3892721898 0 0)(0 0 -0)))
(0.19 ((-0.3928436109 0 0)(0 0 -0)))
(0.191 ((-0.3964150334 0 0)(0 0 -0)))
(0.192 ((-0.3999864569 0 0)(0 0 -0)))
(0.193 ((-0.4035578814 0 0)(0 0 -0)))
(0.194 ((-0.4071293066 0 0)(0 0 -0)))
(0.195 ((-0.4107007324 0 0)(0 0 -0)))
(0.196 ((-0.4142721587 0 0)(0 0 -0)))
(0.197 ((-0.4178435855 0 0)(0 0 -0)))
(0.198 ((-0.4214150125 0 0)(0 0 -0)))
(0.199 ((-0.4249864399 0 0)(0 0 -0)))
(0.2 ((-0.4285578674 0 0)(0 0 -0)))
(0.201 ((-0.4321292952 0 0)(0 0 -0)))
(0.202 ((-0.4357007231 0 0)(0 0 -0)))
(0.203 ((-0.4392721511 0 0)(0 0 -0)))
(0.204 ((-0.4428435792 0 0)(0 0 -0)))
(0.205 ((-0.4464150074 0 0)(0 0 -0)))
(0.206 ((-0.4499864357 0 0)(0 0 -0)))
(0.207 ((-0.453557864 0 0)(0 0 -0)))
(0.208 ((-0.4571292923 0 0)(0 0 -0)))
(0.209 ((-0.4607007208 0 0)(0 0 -0)))
(0.21 ((-0.4642721492 0 0)(0 0 -0)))
(0.211 ((-0.4678435776 0 0)(0 0 -0)))
(0.212 ((-0.4714150061 0 0)(0 0 -0)))
(0.213 ((-0.4749864346 0 0)(0 0 -0)))
(0.214 ((-0.4785578631 0 0)(0 0 -0)))
(0.215 ((-0.4821292917 0 0)(0 0 -0)))
(0.216 ((-0.4857007202 0 0)(0 0 -0)))
(0.217 ((-0.4892721487 0 0)(0 0 -0)))
(0.218 ((-0.4928435773 0 0)(0 0 -0)))
(0.219 ((-0.4964150058 0 0)(0 0 -0)))
(0.22 ((-0.4999864344 0 0)(0 0 -0)))
(0.221 ((-0.5035578629 0 0)(0 0 -0)))
(0.222 ((-0.5071292915 0 0)(0 0 -0)))
(0.223 ((-0.51070072 0 0)(0 0 -0)))
(0.224 ((-0.5142721486 0 0)(0 0 -0)))
(0.225 ((-0.5178435772 0 0)(0 0 -0)))
(0.226 ((-0.5214150057 0 0)(0 0 -0)))
(0.227 ((-0.5249864343 0 0)(0 0 -0)))
(0.228 ((-0.5285578629 0 0)(0 0 -0)))
(0.229 ((-0.5321292914 0 0)(0 0 -0)))
(0.23 ((-0.53570072 0 0)(0 0 -0)))
(0.231 ((-0.5392721486 0 0)(0 0 -0)))
(0.232 ((-0.5428435771 0 0)(0 0 -0)))
(0.233 ((-0.5464150057 0 0)(0 0 -0)))
(0.234 ((-0.5499864343 0 0)(0 0 -0)))
(0.235 ((-0.5535578629 0 0)(0 0 -0)))
(0.236 ((-0.5571292914 0 0)(0 0 -0)))
(0.237 ((-0.56070072 0 0)(0 0 -0)))
(0.238 ((-0.5642721486 0 0)(0 0 -0)))
(0.239 ((-0.5678435771 0 0)(0 0 -0)))
(0.24 ((-0.5714150057 0 0)(0 0 -0)))
(0.241 ((-0.5749864343 0 0)(0 0 -0)))
(0.242 ((-0.5785578629 0 0)(0 0 -0)))
(0.243 ((-0.5821292914 0 0)(0 0 -0)))
(0.244 ((-0.58570072 0 0)(0 0 -0)))
(0.245 ((-0.5892721486 0 0)(0 0 -0)))
(0.246 ((-0.5928435771 0 0)(0 0 -0)))
(0.247 ((-0.5964150057 0 0)(0 0 -0)))
(0.248 ((-0.5999864343 0 0)(0 0 -0)))
(0.249 ((-0.6035578629 0 0)(0 0 -0)))
(0.25 ((-0.6071292914 0 0)(0 0 -0)))
(0.251 ((-0.61070072 0 0)(0 0 -0)))
(0.252 ((-0.6142721486 0 0)(0 0 -0)))
(0.253 ((-0.6178435771 0 0)(0 0 -0)))
(0.254 ((-0.6214150057 0 0)(0 0 -0)))
(0.255 ((-0.6249864343 0 0)(0 0 -0)))
(0.256 ((-0.6285578629 0 0)(0 0 -0)))
(0.257 ((-0.6321292914 0 0)(0 0 -0)))
(0.258 ((-0.63570072 0 0)(0 0 -0)))
(0.259 ((-0.6392721486 0 0)(0 0 -0)))
(0.26 ((-0.6428435771 0 0)(0 0 -0)))
(0.261 ((-0.6464150057 0 0)(0 0 -0)))
(0.262 ((-0.6499864343 0 0)(0 0 -0)))
(0.263 ((-0.6535578629 0 0)(0 0 -0)))
(0.264 ((-0.6571292914 0 0)(0 0 -0)))
(0.265 ((-0.66070072 0 0)(0 0 -0)))
(0.266 ((-0.6642721486 0 0)(0 0 -0)))
(0.267 ((-0.6678435771 0 0)(0 0 -0)))
(0.268 ((-0.6714150057 0 0)(0 0 -0)))
(0.269 ((-0.6749864343 0 0)(0 0 -0)))
(0.27 ((-0.6785578629 0 0)(0 0 -0)))
(0.271 ((-0.6821292914 0 0)(0 0 -0)))
(0.272 ((-0.68570072 0 0)(0 0 -0)))
(0.273 ((-0.6892721486 0 0)(0 0 -0)))
(0.274 ((-0.6928435771 0 0)(0 0 -0)))
(0.275 ((-0.6964150057 0 0)(0 0 -0)))
(0.276 ((-0.6999864343 0 0)(0 0 -0)))
(0.277 ((-0.7035578629 0 0)(0 0 -0)))
(0.278 ((-0.7071292914 0 0)(0 0 -0)))
(0.279 ((-0.71070072 0 0)(0 0 -0)))
(0.28 ((-0.7142721486 0 0)(0 0 -0)))
(0.281 ((-0.7178435771 0 0)(0 0 -0)))
(0.282 ((-0.7214150057 0 0)(0 0 -0)))
(0.283 ((-0.7249864343 0 0)(0 0 -0)))
(0.284 ((-0.7285578629 0 0)(0 0 -0)))
(0.285 ((-0.7321292914 0 0)(0 0 -0)))
(0.286 ((-0.73570072 0 0)(0 0 -0)))
(0.287 ((-0.7392721486 0 0)(0 0 -0)))
(0.288 ((-0.7428435771 0 0)(0 0 -0)))
(0.289 ((-0.7464150057 0 0)(0 0 -0)))
(0.29 ((-0.7499864343 0 0)(0 0 -0)))
(0.291 ((-0.7535578629 0 0)(0 0 -0)))
(0.292 ((-0.7571292914 0 0)(0 0 -0)))
(0.293 ((-0.76070072 0 0)(0 0 -0)))
(0.294 ((-0.7642721486 0 0)(0 0 -0)))
(0.295 ((-0.7678435771 0 0)(0 0 -0)))
(0.296 ((-0.7714150057 0 0)(0 0 -0)))
(0.297 ((-0.7749864343 0 0)(0 0 -0)))
(0.298 ((-0.7785578629 0 0)(0 0 -0)))
(0.299 ((-0.7821292914 0 0)(0 0 -0)))
(0.3 ((-0.78570072 0 0)(0 0 -0)))
(0.301 ((-0.7892721486 0 0)(0 0 -0)))
(0.302 ((-0.7928435771 0 0)(0 0 -0)))
(0.303 ((-0.7964150057 0 0)(0 0 -0)))
(0.304 ((-0.7999864343 0 0)(0 0 -0)))
(0.305 ((-0.8035578629 0 0)(0 0 -0)))
(0.306 ((-0.8071292914 0 0)(0 0 -0)))
(0.307 ((-0.81070072 0 0)(0 0 -0)))
(0.308 ((-0.8142721486 0 0)(0 0 -0)))
(0.309 ((-0.8178435771 0 0)(0 0 -0)))
(0.31 ((-0.8214150057 0 0)(0 0 -0)))
(0.311 ((-0.8249864343 0 0)(0 0 -0)))
(0.312 ((-0.8285578629 0 0)(0 0 -0)))
(0.313 ((-0.8321292914 0 0)(0 0 -0)))
(0.314 ((-0.83570072 0 0)(0 0 -0)))
(0.315 ((-0.8392721486 0 0)(0 0 -0)))
(0.316 ((-0.8428435771 0 0)(0 0 -0)))
(0.317 ((-0.8464150057 0 0)(0 0 -0)))
(0.318 ((-0.8499864343 0 0)(0 0 -0)))
(0.319 ((-0.8535578629 0 0)(0 0 -0)))
(0.32 ((-0.8571292914 0 0)(0 0 -0)))
(0.321 ((-0.86070072 0 0)(0 0 -0)))
(0.322 ((-0.8642721486 0 0)(0 0 -0)))
(0.323 ((-0.8678435771 0 0)(0 0 -0)))
(0.324 ((-0.8714150057 0 0)(0 0 -0)))
(0.325 ((-0.8749864343 0 0)(0 0 -0)))
(0.326 ((-0.8785578629 0 0)(0 0 -0)))
(0.327 ((-0.8821292914 0 0)(0 0 -0)))
(0.328 ((-0.88570072 0 0)(0 0 -0)))
(0.329 ((-0.8892721486 0 0)(0 0 -0)))
(0.33 ((-0.8928435771 0 0)(0 0 -0)))
(0.331 ((-0.8964150057 0 0)(0 0 -0)))
(0.332 ((-0.8999864343 0 0)(0 0 -0)))
(0.333 ((-0.9035578629 0 0)(0 0 -0)))
(0.334 ((-0.9071292914 0 0)(0 0 -0)))
(0.335 ((-0.91070072 0 0)(0 0 -0)))
(0.336 ((-0.9142721486 0 0)(0 0 -0)))
(0.337 ((-0.9178435771 0 0)(0 0 -0)))
(0.338 ((-0.9214150057 0 0)(0 0 -0)))
(0.339 ((-0.9249864343 0 0)(0 0 -0)))
(0.34 ((-0.9285578629 0 0)(0 0 -0)))
(0.341 ((-0.9321292914 0 0)(0 0 -0)))
(0.342 ((-0.93570072 0 0)(0 0 -0)))
(0.343 ((-0.9392721486 0 0)(0 0 -0)))
(0.344 ((-0.9428435771 0 0)(0 0 -0)))
(0.345 ((-0.9464150057 0 0)(0 0 -0)))
(0.346 ((-0.9499864343 0 0)(0 0 -0)))
(0.347 ((-0.9535578629 0 0)(0 0 -0)))
(0.348 ((-0.9571292914 0 0)(0 0 -0)))
(0.349 ((-0.96070072 0 0)(0 0 -0)))
(0.35 ((-0.9642721486 0 0)(0 0 -0)))
(0.351 ((-0.9678435771 0 0)(0 0 -0)))
(0.352 ((-0.9714150057 0 0)(0 0 -0)))
(0.353 ((-0.9749864343 0 0)(0 0 -0)))
(0.354 ((-0.9785578629 0 0)(0 0 -0)))
(0.355 ((-0.9821292914 0 0)(0 0 -0)))
(0.356 ((-0.98570072 0 0)(0 0 -0)))
(0.357 ((-0.9892721486 0 0)(0 0 -0)))
(0.358 ((-0.9928435771 0 0)(0 0 -0)))
(0.359 ((-0.9964150057 0 0)(0 0 -0)))
(0.36 ((-0.9999864343 0 0)(0 0 -0)))
(0.361 ((-1.003557863 0 0)(0 0 -0)))
(0.362 ((-1.007129291 0 0)(0 0 -0)))
(0.363 ((-1.01070072 0 0)(0 0 -0)))
(0.364 ((-1.014272149 0 0)(0 0 -0)))
(0.365 ((-1.017843577 0 0)(0 0 -0)))
(0.366 ((-1.021415006 0 0)(0 0 -0)))
(0.367 ((-1.024986434 0 0)(0 0 -0)))
(0.368 ((-1.028557863 0 0)(0 0 -0)))
(0.369 ((-1.032129291 0 0)(0 0 -0)))
(0.37 ((-1.03570072 0 0)(0 0 -0)))
(0.371 ((-1.039272149 0 0)(0 0 -0)))
(0.372 ((-1.042843577 0 0)(0 0 -0)))
(0.373 ((-1.046415006 0 0)(0 0 -0)))
(0.374 ((-1.049986434 0 0)(0 0 -0)))
(0.375 ((-1.053557863 0 0)(0 0 -0)))
(0.376 ((-1.057129291 0 0)(0 0 -0)))
(0.377 ((-1.06070072 0 0)(0 0 -0)))
(0.378 ((-1.064272149 0 0)(0 0 -0)))
(0.379 ((-1.067843577 0 0)(0 0 -0)))
(0.38 ((-1.071415006 0 0)(0 0 -0)))
(0.381 ((-1.074986434 0 0)(0 0 -0)))
(0.382 ((-1.078557863 0 0)(0 0 -0)))
(0.383 ((-1.082129291 0 0)(0 0 -0)))
(0.384 ((-1.08570072 0 0)(0 0 -0)))
(0.385 ((-1.089272149 0 0)(0 0 -0)))
(0.386 ((-1.092843577 0 0)(0 0 -0)))
(0.387 ((-1.096415006 0 0)(0 0 -0)))
(0.388 ((-1.099986434 0 0)(0 0 -0)))
(0.389 ((-1.103557863 0 0)(0 0 -0)))
(0.39 ((-1.107129291 0 0)(0 0 -0)))
(0.391 ((-1.11070072 0 0)(0 0 -0)))
(0.392 ((-1.114272149 0 0)(0 0 -0)))
(0.393 ((-1.117843577 0 0)(0 0 -0)))
(0.394 ((-1.121415006 0 0)(0 0 -0)))
(0.395 ((-1.124986434 0 0)(0 0 -0)))
(0.396 ((-1.128557863 0 0)(0 0 -0)))
(0.397 ((-1.132129291 0 0)(0 0 -0)))
(0.398 ((-1.13570072 0 0)(0 0 -0)))
(0.399 ((-1.139272149 0 0)(0 0 -0)))
(0.4 ((-1.142843577 0 0)(0 0 -0)))
(0.401 ((-1.146415006 0 0)(0 0 -0)))
(0.402 ((-1.149986434 0 0)(0 0 -0)))
(0.403 ((-1.153557863 0 0)(0 0 -0)))
(0.404 ((-1.157129291 0 0)(0 0 -0)))
(0.405 ((-1.16070072 0 0)(0 0 -0)))
(0.406 ((-1.164272149 0 0)(0 0 -0)))
(0.407 ((-1.167843577 0 0)(0 0 -0)))
(0.408 ((-1.171415006 0 0)(0 0 -0)))
(0.409 ((-1.174986434 0 0)(0 0 -0)))
(0.41 ((-1.178557863 0 0)(0 0 -0)))
(0.411 ((-1.182129291 0 0)(0 0 -0)))
(0.412 ((-1.18570072 0 0)(0 0 -0)))
(0.413 ((-1.189272149 0 0)(0 0 -0)))
(0.414 ((-1.192843577 0 0)(0 0 -0)))
(0.415 ((-1.196415006 0 0)(0 0 -0)))
(0.416 ((-1.199986434 0 0)(0 0 -0)))
(0.417 ((-1.203557863 0 0)(0 0 -0)))
(0.418 ((-1.207129291 0 0)(0 0 -0)))
(0.419 ((-1.21070072 0 0)(0 0 -0)))
(0.42 ((-1.214272149 0 0)(0 0 -0)))
(0.421 ((-1.217843577 0 0)(0 0 -0)))
(0.422 ((-1.221415006 0 0)(0 0 -0)))
(0.423 ((-1.224986434 0 0)(0 0 -0)))
(0.424 ((-1.228557863 0 0)(0 0 -0)))
(0.425 ((-1.232129291 0 0)(0 0 -0)))
(0.426 ((-1.23570072 0 0)(0 0 -0)))
(0.427 ((-1.239272149 0 0)(0 0 -0)))
(0.428 ((-1.242843577 0 0)(0 0 -0)))
(0.429 ((-1.246415006 0 0)(0 0 -0)))
(0.43 ((-1.249986434 0 0)(0 0 -0)))
(0.431 ((-1.253557863 0 0)(0 0 -0)))
(0.432 ((-1.257129291 0 0)(0 0 -0)))
(0.433 ((-1.26070072 0 0)(0 0 -0)))
(0.434 ((-1.264272149 0 0)(0 0 -0)))
(0.435 ((-1.267843577 0 0)(0 0 -0)))
(0.436 ((-1.271415006 0 0)(0 0 -0)))
(0.437 ((-1.274986434 0 0)(0 0 -0)))
(0.438 ((-1.278557863 0 0)(0 0 -0)))
(0.439 ((-1.282129291 0 0)(0 0 -0)))
(0.44 ((-1.28570072 0 0)(0 0 -0)))
(0.441 ((-1.289272149 0 0)(0 0 -0)))
(0.442 ((-1.292843577 0 0)(0 0 -0)))
(0.443 ((-1.296415006 0 0)(0 0 -0)))
(0.444 ((-1.299986434 0 0)(0 0 -0)))
(0.445 ((-1.303557863 0 0)(0 0 -0)))
(0.446 ((-1.307129291 0 0)(0 0 -0)))
(0.447 ((-1.31070072 0 0)(0 0 -0)))
(0.448 ((-1.314272149 0 0)(0 0 -0)))
(0.449 ((-1.317843577 0 0)(0 0 -0)))
(0.45 ((-1.321415006 0 0)(0 0 -0)))
(0.451 ((-1.324986434 0 0)(0 0 -0)))
(0.452 ((-1.328557863 0 0)(0 0 -0)))
(0.453 ((-1.332129291 0 0)(0 0 -0)))
(0.454 ((-1.33570072 0 0)(0 0 -0)))
(0.455 ((-1.339272149 0 0)(0 0 -0)))
(0.456 ((-1.342843577 0 0)(0 0 -0)))
(0.457 ((-1.346415006 0 0)(0 0 -0)))
(0.458 ((-1.349986434 0 0)(0 0 -0)))
(0.459 ((-1.353557863 0 0)(0 0 -0)))
(0.46 ((-1.357129291 0 0)(0 0 -0)))
(0.461 ((-1.36070072 0 0)(0 0 -0)))
(0.462 ((-1.364272149 0 0)(0 0 -0)))
(0.463 ((-1.367843577 0 0)(0 0 -0)))
(0.464 ((-1.371415006 0 0)(0 0 -0)))
(0.465 ((-1.374986434 0 0)(0 0 -0)))
(0.466 ((-1.378557863 0 0)(0 0 -0)))
(0.467 ((-1.382129291 0 0)(0 0 -0)))
(0.468 ((-1.38570072 0 0)(0 0 -0)))
(0.469 ((-1.389272149 0 0)(0 0 -0)))
(0.47 ((-1.392843577 0 0)(0 0 -0)))
(0.471 ((-1.396415006 0 0)(0 0 -0)))
(0.472 ((-1.399986434 0 0)(0 0 -0)))
(0.473 ((-1.403557863 0 0)(0 0 -0)))
(0.474 ((-1.407129291 0 0)(0 0 -0)))
(0.475 ((-1.41070072 0 0)(0 0 -0)))
(0.476 ((-1.414272149 0 0)(0 0 -0)))
(0.477 ((-1.417843577 0 0)(0 0 -0)))
(0.478 ((-1.421415006 0 0)(0 0 -0)))
(0.479 ((-1.424986434 0 0)(0 0 -0)))
(0.48 ((-1.428557863 0 0)(0 0 -0)))
(0.481 ((-1.432129291 0 0)(0 0 -0)))
(0.482 ((-1.43570072 0 0)(0 0 -0)))
(0.483 ((-1.439272149 0 0)(0 0 -0)))
(0.484 ((-1.442843577 0 0)(0 0 -0)))
(0.485 ((-1.446415006 0 0)(0 0 -0)))
(0.486 ((-1.449986434 0 0)(0 0 -0)))
(0.487 ((-1.453557863 0 0)(0 0 -0)))
(0.488 ((-1.457129291 0 0)(0 0 -0)))
(0.489 ((-1.46070072 0 0)(0 0 -0)))
(0.49 ((-1.464272149 0 0)(0 0 -0)))
(0.491 ((-1.467843577 0 0)(0 0 -0)))
(0.492 ((-1.471415006 0 0)(0 0 -0)))
(0.493 ((-1.474986434 0 0)(0 0 -0)))
(0.494 ((-1.478557863 0 0)(0 0 -0)))
(0.495 ((-1.482129291 0 0)(0 0 -0)))
(0.496 ((-1.48570072 0 0)(0 0 -0)))
(0.497 ((-1.489272149 0 0)(0 0 -0)))
(0.498 ((-1.492843577 0 0)(0 0 -0)))
(0.499 ((-1.496415006 0 0)(0 0 -0)))
(0.5 ((-1.499986434 0 0)(0 0 -0)))
(0.501 ((-1.503557863 0 0)(0 0 -0)))
(0.502 ((-1.507129291 0 0)(0 0 -0)))
(0.503 ((-1.51070072 0 0)(0 0 -0)))
(0.504 ((-1.514272149 0 0)(0 0 -0)))
(0.505 ((-1.517843577 0 0)(0 0 -0)))
(0.506 ((-1.521415006 0 0)(0 0 -0)))
(0.507 ((-1.524986434 0 0)(0 0 -0)))
(0.508 ((-1.528557863 0 0)(0 0 -0)))
(0.509 ((-1.532129291 0 0)(0 0 -0)))
(0.51 ((-1.53570072 0 0)(0 0 -0)))
(0.511 ((-1.539272149 0 0)(0 0 -0)))
(0.512 ((-1.542843577 0 0)(0 0 -0)))
(0.513 ((-1.546415006 0 0)(0 0 -0)))
(0.514 ((-1.549986434 0 0)(0 0 -0)))
(0.515 ((-1.553557863 0 0)(0 0 -0)))
(0.516 ((-1.557129291 0 0)(0 0 -0)))
(0.517 ((-1.56070072 0 0)(0 0 -0)))
(0.518 ((-1.564272149 0 0)(0 0 -0)))
(0.519 ((-1.567843577 0 0)(0 0 -0)))
(0.52 ((-1.571415006 0 0)(0 0 -0)))
(0.521 ((-1.574986434 0 0)(0 0 -0)))
(0.522 ((-1.578557863 0 0)(0 0 -0)))
(0.523 ((-1.582129291 0 0)(0 0 -0)))
(0.524 ((-1.58570072 0 0)(0 0 -0)))
(0.525 ((-1.589272149 0 0)(0 0 -0)))
(0.526 ((-1.592843577 0 0)(0 0 -0)))
(0.527 ((-1.596415006 0 0)(0 0 -0)))
(0.528 ((-1.599986434 0 0)(0 0 -0)))
(0.529 ((-1.603557863 0 0)(0 0 -0)))
(0.53 ((-1.607129291 0 0)(0 0 -0)))
(0.531 ((-1.61070072 0 0)(0 0 -0)))
(0.532 ((-1.614272149 0 0)(0 0 -0)))
(0.533 ((-1.617843577 0 0)(0 0 -0)))
(0.534 ((-1.621415006 0 0)(0 0 -0)))
(0.535 ((-1.624986434 0 0)(0 0 -0)))
(0.536 ((-1.628557863 0 0)(0 0 -0)))
(0.537 ((-1.632129291 0 0)(0 0 -0)))
(0.538 ((-1.63570072 0 0)(0 0 -0)))
(0.539 ((-1.639272149 0 0)(0 0 -0)))
(0.54 ((-1.642843577 0 0)(0 0 -0)))
(0.541 ((-1.646415006 0 0)(0 0 -0)))
(0.542 ((-1.649986434 0 0)(0 0 -0)))
(0.543 ((-1.653557863 0 0)(0 0 -0)))
(0.544 ((-1.657129291 0 0)(0 0 -0)))
(0.545 ((-1.66070072 0 0)(0 0 -0)))
(0.546 ((-1.664272149 0 0)(0 0 -0)))
(0.547 ((-1.667843577 0 0)(0 0 -0)))
(0.548 ((-1.671415006 0 0)(0 0 -0)))
(0.549 ((-1.674986434 0 0)(0 0 -0)))
(0.55 ((-1.678557863 0 0)(0 0 -0)))
(0.551 ((-1.682129291 0 0)(0 0 -0)))
(0.552 ((-1.68570072 0 0)(0 0 -0)))
(0.553 ((-1.689272149 0 0)(0 0 -0)))
(0.554 ((-1.692843577 0 0)(0 0 -0)))
(0.555 ((-1.696415006 0 0)(0 0 -0)))
(0.556 ((-1.699986434 0 0)(0 0 -0)))
(0.557 ((-1.703557863 0 0)(0 0 -0)))
(0.558 ((-1.707129291 0 0)(0 0 -0)))
(0.559 ((-1.71070072 0 0)(0 0 -0)))
(0.56 ((-1.714272149 0 0)(0 0 -0)))
(0.561 ((-1.717843577 0 0)(0 0 -0)))
(0.562 ((-1.721415006 0 0)(0 0 -0)))
(0.563 ((-1.724986434 0 0)(0 0 -0)))
(0.564 ((-1.728557863 0 0)(0 0 -0)))
(0.565 ((-1.732129291 0 0)(0 0 -0)))
(0.566 ((-1.73570072 0 0)(0 0 -0)))
(0.567 ((-1.739272149 0 0)(0 0 -0)))
(0.568 ((-1.742843577 0 0)(0 0 -0)))
(0.569 ((-1.746415006 0 0)(0 0 -0)))
(0.57 ((-1.749986434 0 0)(0 0 -0)))
(0.571 ((-1.753557863 0 0)(0 0 -0)))
(0.572 ((-1.757129291 0 0)(0 0 -0)))
(0.573 ((-1.76070072 0 0)(0 0 -0)))
(0.574 ((-1.764272149 0 0)(0 0 -0)))
(0.575 ((-1.767843577 0 0)(0 0 -0)))
(0.576 ((-1.771415006 0 0)(0 0 -0)))
(0.577 ((-1.774986434 0 0)(0 0 -0)))
(0.578 ((-1.778557863 0 0)(0 0 -0)))
(0.579 ((-1.782129291 0 0)(0 0 -0)))
(0.58 ((-1.78570072 0 0)(0 0 -0)))
(0.581 ((-1.789272149 0 0)(0 0 -0)))
(0.582 ((-1.792843577 0 0)(0 0 -0)))
(0.583 ((-1.796415006 0 0)(0 0 -0)))
(0.584 ((-1.799986434 0 0)(0 0 -0)))
(0.585 ((-1.803557863 0 0)(0 0 -0)))
(0.586 ((-1.807129291 0 0)(0 0 -0)))
(0.587 ((-1.81070072 0 0)(0 0 -0)))
(0.588 ((-1.814272149 0 0)(0 0 -0)))
(0.589 ((-1.817843577 0 0)(0 0 -0)))
(0.59 ((-1.821415006 0 0)(0 0 -0)))
(0.591 ((-1.824986434 0 0)(0 0 -0)))
(0.592 ((-1.828557863 0 0)(0 0 -0)))
(0.593 ((-1.832129291 0 0)(0 0 -0)))
(0.594 ((-1.83570072 0 0)(0 0 -0)))
(0.595 ((-1.839272149 0 0)(0 0 -0)))
(0.596 ((-1.842843577 0 0)(0 0 -0)))
(0.597 ((-1.846415006 0 0)(0 0 -0)))
(0.598 ((-1.849986434 0 0)(0 0 -0)))
(0.599 ((-1.853557863 0 0)(0 0 -0)))
(0.6 ((-1.857129291 0 0)(0 0 -0)))
(0.601 ((-1.86070072 0 0)(0 0 -0)))
(0.602 ((-1.864272149 0 0)(0 0 -0)))
(0.603 ((-1.867843577 0 0)(0 0 -0)))
(0.604 ((-1.871415006 0 0)(0 0 -0)))
(0.605 ((-1.874986434 0 0)(0 0 -0)))
(0.606 ((-1.878557863 0 0)(0 0 -0)))
(0.607 ((-1.882129291 0 0)(0 0 -0)))
(0.608 ((-1.88570072 0 0)(0 0 -0)))
(0.609 ((-1.889272149 0 0)(0 0 -0)))
(0.61 ((-1.892843577 0 0)(0 0 -0)))
(0.611 ((-1.896415006 0 0)(0 0 -0)))
(0.612 ((-1.899986434 0 0)(0 0 -0)))
(0.613 ((-1.903557863 0 0)(0 0 -0)))
(0.614 ((-1.907129291 0 0)(0 0 -0)))
(0.615 ((-1.91070072 0 0)(0 0 -0)))
(0.616 ((-1.914272149 0 0)(0 0 -0)))
(0.617 ((-1.917843577 0 0)(0 0 -0)))
(0.618 ((-1.921415006 0 0)(0 0 -0)))
(0.619 ((-1.924986434 0 0)(0 0 -0)))
(0.62 ((-1.928557863 0 0)(0 0 -0)))
(0.621 ((-1.932129291 0 0)(0 0 -0)))
(0.622 ((-1.93570072 0 0)(0 0 -0)))
(0.623 ((-1.939272149 0 0)(0 0 -0)))
(0.624 ((-1.942843577 0 0)(0 0 -0)))
(0.625 ((-1.946415006 0 0)(0 0 -0)))
(0.626 ((-1.949986434 0 0)(0 0 -0)))
(0.627 ((-1.953557863 0 0)(0 0 -0)))
(0.628 ((-1.957129291 0 0)(0 0 -0)))
(0.629 ((-1.96070072 0 0)(0 0 -0)))
(0.63 ((-1.964272149 0 0)(0 0 -0)))
(0.631 ((-1.967843577 0 0)(0 0 -0)))
(0.632 ((-1.971415006 0 0)(0 0 -0)))
(0.633 ((-1.974986434 0 0)(0 0 -0)))
(0.634 ((-1.978557863 0 0)(0 0 -0)))
(0.635 ((-1.982129291 0 0)(0 0 -0)))
(0.636 ((-1.98570072 0 0)(0 0 -0)))
(0.637 ((-1.989272149 0 0)(0 0 -0)))
(0.638 ((-1.992843577 0 0)(0 0 -0)))
(0.639 ((-1.996415006 0 0)(0 0 -0)))
(0.64 ((-1.999986434 0 0)(0 0 -0)))
(0.641 ((-2.003557863 0 0)(0 0 -0)))
(0.642 ((-2.007129291 0 0)(0 0 -0)))
(0.643 ((-2.01070072 0 0)(0 0 -0)))
(0.644 ((-2.014272149 0 0)(0 0 -0)))
(0.645 ((-2.017843577 0 0)(0 0 -0)))
(0.646 ((-2.021415006 0 0)(0 0 -0)))
(0.647 ((-2.024986434 0 0)(0 0 -0)))
(0.648 ((-2.028557863 0 0)(0 0 -0)))
(0.649 ((-2.032129291 0 0)(0 0 -0)))
(0.65 ((-2.03570072 0 0)(0 0 -0)))
(0.651 ((-2.039272149 0 0)(0 0 -0)))
(0.652 ((-2.042843577 0 0)(0 0 -0)))
(0.653 ((-2.046415006 0 0)(0 0 -0)))
(0.654 ((-2.049986434 0 0)(0 0 -0)))
(0.655 ((-2.053557863 0 0)(0 0 -0)))
(0.656 ((-2.057129291 0 0)(0 0 -0)))
(0.657 ((-2.06070072 0 0)(0 0 -0)))
(0.658 ((-2.064272149 0 0)(0 0 -0)))
(0.659 ((-2.067843577 0 0)(0 0 -0)))
(0.66 ((-2.071415006 0 0)(0 0 -0)))
(0.661 ((-2.074986434 0 0)(0 0 -0)))
(0.662 ((-2.078557863 0 0)(0 0 -0)))
(0.663 ((-2.082129291 0 0)(0 0 -0)))
(0.664 ((-2.08570072 0 0)(0 0 -0)))
(0.665 ((-2.089272149 0 0)(0 0 -0)))
(0.666 ((-2.092843577 0 0)(0 0 -0)))
(0.667 ((-2.096415006 0 0)(0 0 -0)))
(0.668 ((-2.099986434 0 0)(0 0 -0)))
(0.669 ((-2.103557863 0 0)(0 0 -0)))
(0.67 ((-2.107129291 0 0)(0 0 -0)))
(0.671 ((-2.11070072 0 0)(0 0 -0)))
(0.672 ((-2.114272149 0 0)(0 0 -0)))
(0.673 ((-2.117843577 0 0)(0 0 -0)))
(0.674 ((-2.121415006 0 0)(0 0 -0)))
(0.675 ((-2.124986434 0 0)(0 0 -0)))
(0.676 ((-2.128557863 0 0)(0 0 -0)))
(0.677 ((-2.132129291 0 0)(0 0 -0)))
(0.678 ((-2.13570072 0 0)(0 0 -0)))
(0.679 ((-2.139272149 0 0)(0 0 -0)))
(0.68 ((-2.142843577 0 0)(0 0 -0)))
(0.681 ((-2.146415006 0 0)(0 0 -0)))
(0.682 ((-2.149986434 0 0)(0 0 -0)))
(0.683 ((-2.153557863 0 0)(0 0 -0)))
(0.684 ((-2.157129291 0 0)(0 0 -0)))
(0.685 ((-2.16070072 0 0)(0 0 -0)))
(0.686 ((-2.164272149 0 0)(0 0 -0)))
(0.687 ((-2.167843577 0 0)(0 0 -0)))
(0.688 ((-2.171415006 0 0)(0 0 -0)))
(0.689 ((-2.174986434 0 0)(0 0 -0)))
(0.69 ((-2.178557863 0 0)(0 0 -0)))
(0.691 ((-2.182129291 0 0)(0 0 -0)))
(0.692 ((-2.18570072 0 0)(0 0 -0)))
(0.693 ((-2.189272149 0 0)(0 0 -0)))
(0.694 ((-2.192843577 0 0)(0 0 -0)))
(0.695 ((-2.196415006 0 0)(0 0 -0)))
(0.696 ((-2.199986434 0 0)(0 0 -0)))
(0.697 ((-2.203557863 0 0)(0 0 -0)))
(0.698 ((-2.207129291 0 0)(0 0 -0)))
(0.699 ((-2.21070072 0 0)(0 0 -0)))
(0.7 ((-2.214272149 0 0)(0 0 -0)))
(0.701 ((-2.217843577 0 0)(0 0 -0)))
(0.702 ((-2.221415006 0 0)(0 0 -0)))
(0.703 ((-2.224986434 0 0)(0 0 -0)))
(0.704 ((-2.228557863 0 0)(0 0 -0)))
(0.705 ((-2.232129291 0 0)(0 0 -0)))
(0.706 ((-2.23570072 0 0)(0 0 -0)))
(0.707 ((-2.239272149 0 0)(0 0 -0)))
(0.708 ((-2.242843577 0 0)(0 0 -0)))
(0.709 ((-2.246415006 0 0)(0 0 -0)))
(0.71 ((-2.249986434 0 0)(0 0 -0)))
(0.711 ((-2.253557863 0 0)(0 0 -0)))
(0.712 ((-2.257129291 0 0)(0 0 -0)))
(0.713 ((-2.26070072 0 0)(0 0 -0)))
(0.714 ((-2.264272149 0 0)(0 0 -0)))
(0.715 ((-2.267843577 0 0)(0 0 -0)))
(0.716 ((-2.271415006 0 0)(0 0 -0)))
(0.717 ((-2.274986434 0 0)(0 0 -0)))
(0.718 ((-2.278557863 0 0)(0 0 -0)))
(0.719 ((-2.282129291 0 0)(0 0 -0)))
(0.72 ((-2.28570072 0 0)(0 0 -0)))
(0.721 ((-2.289272149 0 0)(0 0 -0)))
(0.722 ((-2.292843577 0 0)(0 0 -0)))
(0.723 ((-2.296415006 0 0)(0 0 -0)))
(0.724 ((-2.299986434 0 0)(0 0 -0)))
(0.725 ((-2.303557863 0 0)(0 0 -0)))
(0.726 ((-2.307129291 0 0)(0 0 -0)))
(0.727 ((-2.31070072 0 0)(0 0 -0)))
(0.728 ((-2.314272149 0 0)(0 0 -0)))
(0.729 ((-2.317843577 0 0)(0 0 -0)))
(0.73 ((-2.321415006 0 0)(0 0 -0)))
(0.731 ((-2.324986434 0 0)(0 0 -0)))
(0.732 ((-2.328557863 0 0)(0 0 -0)))
(0.733 ((-2.332129291 0 0)(0 0 -0)))
(0.734 ((-2.33570072 0 0)(0 0 -0)))
(0.735 ((-2.339272149 0 0)(0 0 -0)))
(0.736 ((-2.342843577 0 0)(0 0 -0)))
(0.737 ((-2.346415006 0 0)(0 0 -0)))
(0.738 ((-2.349986434 0 0)(0 0 -0)))
(0.739 ((-2.353557863 0 0)(0 0 -0)))
(0.74 ((-2.357129291 0 0)(0 0 -0)))
(0.741 ((-2.36070072 0 0)(0 0 -0)))
(0.742 ((-2.364272149 0 0)(0 0 -0)))
(0.743 ((-2.367843577 0 0)(0 0 -0)))
(0.744 ((-2.371415006 0 0)(0 0 -0)))
(0.745 ((-2.374986434 0 0)(0 0 -0)))
(0.746 ((-2.378557863 0 0)(0 0 -0)))
(0.747 ((-2.382129291 0 0)(0 0 -0)))
(0.748 ((-2.38570072 0 0)(0 0 -0)))
(0.749 ((-2.389272149 0 0)(0 0 -0)))
(0.75 ((-2.392843577 0 0)(0 0 -0)))
(0.751 ((-2.396415006 0 0)(0 0 -0)))
(0.752 ((-2.399986434 0 0)(0 0 -0)))
(0.753 ((-2.403557863 0 0)(0 0 -0)))
(0.754 ((-2.407129291 0 0)(0 0 -0)))
(0.755 ((-2.41070072 0 0)(0 0 -0)))
(0.756 ((-2.414272149 0 0)(0 0 -0)))
(0.757 ((-2.417843577 0 0)(0 0 -0)))
(0.758 ((-2.421415006 0 0)(0 0 -0)))
(0.759 ((-2.424986434 0 0)(0 0 -0)))
(0.76 ((-2.428557863 0 0)(0 0 -0)))
(0.761 ((-2.432129291 0 0)(0 0 -0)))
(0.762 ((-2.43570072 0 0)(0 0 -0)))
(0.763 ((-2.439272149 0 0)(0 0 -0)))
(0.764 ((-2.442843577 0 0)(0 0 -0)))
(0.765 ((-2.446415006 0 0)(0 0 -0)))
(0.766 ((-2.449986434 0 0)(0 0 -0)))
(0.767 ((-2.453557863 0 0)(0 0 -0)))
(0.768 ((-2.457129291 0 0)(0 0 -0)))
(0.769 ((-2.46070072 0 0)(0 0 -0)))
(0.77 ((-2.464272149 0 0)(0 0 -0)))
(0.771 ((-2.467843577 0 0)(0 0 -0)))
(0.772 ((-2.471415006 0 0)(0 0 -0)))
(0.773 ((-2.474986434 0 0)(0 0 -0)))
(0.774 ((-2.478557863 0 0)(0 0 -0)))
(0.775 ((-2.482129291 0 0)(0 0 -0)))
(0.776 ((-2.48570072 0 0)(0 0 -0)))
(0.777 ((-2.489272149 0 0)(0 0 -0)))
(0.778 ((-2.492843577 0 0)(0 0 -0)))
(0.779 ((-2.496415006 0 0)(0 0 -0)))
(0.78 ((-2.499986434 0 0)(0 0 -0)))
(0.781 ((-2.503557863 0 0)(0 0 -0)))
(0.782 ((-2.507129291 0 0)(0 0 -0)))
(0.783 ((-2.51070072 0 0)(0 0 -0)))
(0.784 ((-2.514272148 0 0)(0 0 -0)))
(0.785 ((-2.517843577 0 0)(0 0 -0)))
(0.786 ((-2.521415005 0 0)(0 0 -0)))
(0.787 ((-2.524986434 0 0)(0 0 -0)))
(0.788 ((-2.528557862 0 0)(0 0 -0)))
(0.789 ((-2.532129291 0 0)(0 0 -0)))
(0.79 ((-2.535700719 0 0)(0 0 -0)))
(0.791 ((-2.539272148 0 0)(0 0 -0)))
(0.792 ((-2.542843576 0 0)(0 0 -0)))
(0.793 ((-2.546415005 0 0)(0 0 -0)))
(0.794 ((-2.549986433 0 0)(0 0 -0)))
(0.795 ((-2.553557861 0 0)(0 0 -0)))
(0.796 ((-2.557129289 0 0)(0 0 -0)))
(0.797 ((-2.560700717 0 0)(0 0 -0)))
(0.798 ((-2.564272146 0 0)(0 0 -0)))
(0.799 ((-2.567843573 0 0)(0 0 -0)))
(0.8 ((-2.571415001 0 0)(0 0 -0)))
(0.801 ((-2.574986429 0 0)(0 0 -0)))
(0.802 ((-2.578557856 0 0)(0 0 -0)))
(0.803 ((-2.582129283 0 0)(0 0 -0)))
(0.804 ((-2.58570071 0 0)(0 0 -0)))
(0.805 ((-2.589272136 0 0)(0 0 -0)))
(0.806 ((-2.592843562 0 0)(0 0 -0)))
(0.807 ((-2.596414987 0 0)(0 0 -0)))
(0.808 ((-2.599986412 0 0)(0 0 -0)))
(0.809 ((-2.603557835 0 0)(0 0 -0)))
(0.81 ((-2.607129258 0 0)(0 0 -0)))
(0.811 ((-2.610700679 0 0)(0 0 -0)))
(0.812 ((-2.614272098 0 0)(0 0 -0)))
(0.813 ((-2.617843516 0 0)(0 0 -0)))
(0.814 ((-2.621414931 0 0)(0 0 -0)))
(0.815 ((-2.624986342 0 0)(0 0 -0)))
(0.816 ((-2.628557751 0 0)(0 0 -0)))
(0.817 ((-2.632129154 0 0)(0 0 -0)))
(0.818 ((-2.635700553 0 0)(0 0 -0)))
(0.819 ((-2.639271944 0 0)(0 0 -0)))
(0.82 ((-2.642843328 0 0)(0 0 -0)))
(0.821 ((-2.646414701 0 0)(0 0 -0)))
(0.822 ((-2.649986062 0 0)(0 0 -0)))
(0.823 ((-2.653557408 0 0)(0 0 -0)))
(0.824 ((-2.657128736 0 0)(0 0 -0)))
(0.825 ((-2.660700042 0 0)(0 0 -0)))
(0.826 ((-2.66427132 0 0)(0 0 -0)))
(0.827 ((-2.667842565 0 0)(0 0 -0)))
(0.828 ((-2.67141377 0 0)(0 0 -0)))
(0.829 ((-2.674984925 0 0)(0 0 -0)))
(0.83 ((-2.67855602 0 0)(0 0 -0)))
(0.831 ((-2.68212704 0 0)(0 0 -0)))
(0.832 ((-2.685697971 0 0)(0 0 -0)))
(0.833 ((-2.689268792 0 0)(0 0 -0)))
(0.834 ((-2.692839478 0 0)(0 0 -0)))
(0.835 ((-2.696410001 0 0)(0 0 -0)))
(0.836 ((-2.699980324 0 0)(0 0 -0)))
(0.837 ((-2.703550403 0 0)(0 0 -0)))
(0.838 ((-2.707120184 0 0)(0 0 -0)))
(0.839 ((-2.710689604 0 0)(0 0 -0)))
(0.84 ((-2.714258583 0 0)(0 0 -0)))
(0.841 ((-2.717827024 0 0)(0 0 -0)))
(0.842 ((-2.721394813 0 0)(0 0 -0)))
(0.843 ((-2.724961807 0 0)(0 0 -0)))
(0.844 ((-2.728527837 0 0)(0 0 -0)))
(0.845 ((-2.732092699 0 0)(0 0 -0)))
(0.846 ((-2.735656144 0 0)(0 0 -0)))
(0.847 ((-2.739217879 0 0)(0 0 -0)))
(0.848 ((-2.742777551 0 0)(0 0 -0)))
(0.849 ((-2.746334741 0 0)(0 0 -0)))
(0.85 ((-2.749888955 0 0)(0 0 -0)))
(0.851 ((-2.753439613 0 0)(0 0 -0)))
(0.852 ((-2.756986041 0 0)(0 0 -0)))
(0.853 ((-2.760527461 0 0)(0 0 -0)))
(0.854 ((-2.764062983 0 0)(0 0 -0)))
(0.855 ((-2.767591607 0 0)(0 0 -0)))
(0.856 ((-2.771112218 0 0)(0 0 -0)))
(0.857 ((-2.774623593 0 0)(0 0 -0)))
(0.858 ((-2.778124416 0 0)(0 0 -0)))
(0.859 ((-2.781613291 0 0)(0 0 -0)))
(0.86 ((-2.785088765 0 0)(0 0 -0)))
(0.861 ((-2.788549359 0 0)(0 0 -0)))
(0.862 ((-2.79199359 0 0)(0 0 -0)))
(0.863 ((-2.795420009 0 0)(0 0 -0)))
(0.864 ((-2.798827218 0 0)(0 0 -0)))
(0.865 ((-2.8022139 0 0)(0 0 -0)))
(0.866 ((-2.805578833 0 0)(0 0 -0)))
(0.867 ((-2.808920903 0 0)(0 0 -0)))
(0.868 ((-2.812239108 0 0)(0 0 -0)))
(0.869 ((-2.81553256 0 0)(0 0 -0)))
(0.87 ((-2.818800481 0 0)(0 0 -0)))
(0.871 ((-2.822042195 0 0)(0 0 -0)))
(0.872 ((-2.825257123 0 0)(0 0 -0)))
(0.873 ((-2.828444771 0 0)(0 0 -0)))
(0.874 ((-2.83160472 0 0)(0 0 -0)))
(0.875 ((-2.834736618 0 0)(0 0 -0)))
(0.876 ((-2.837840169 0 0)(0 0 -0)))
(0.877 ((-2.840915128 0 0)(0 0 -0)))
(0.878 ((-2.843961289 0 0)(0 0 -0)))
(0.879 ((-2.846978482 0 0)(0 0 -0)))
(0.88 ((-2.849966567 0 0)(0 0 -0)))
(0.881 ((-2.852925427 0 0)(0 0 -0)))
(0.882 ((-2.855854965 0 0)(0 0 -0)))
(0.883 ((-2.858755104 0 0)(0 0 -0)))
(0.884 ((-2.861625779 0 0)(0 0 -0)))
(0.885 ((-2.864466935 0 0)(0 0 -0)))
(0.886 ((-2.867278529 0 0)(0 0 -0)))
(0.887 ((-2.870060525 0 0)(0 0 -0)))
(0.888 ((-2.872812893 0 0)(0 0 -0)))
(0.889 ((-2.875535609 0 0)(0 0 -0)))
(0.89 ((-2.878228654 0 0)(0 0 -0)))
(0.891 ((-2.88089201 0 0)(0 0 -0)))
(0.892 ((-2.883525666 0 0)(0 0 -0)))
(0.893 ((-2.886129608 0 0)(0 0 -0)))
(0.894 ((-2.88870383 0 0)(0 0 -0)))
(0.895 ((-2.891248322 0 0)(0 0 -0)))
(0.896 ((-2.89376308 0 0)(0 0 -0)))
(0.897 ((-2.896248099 0 0)(0 0 -0)))
(0.898 ((-2.898703374 0 0)(0 0 -0)))
(0.899 ((-2.901128901 0 0)(0 0 -0)))
(0.9 ((-2.903524679 0 0)(0 0 -0)))
(0.901 ((-2.905890706 0 0)(0 0 -0)))
(0.902 ((-2.908226978 0 0)(0 0 -0)))
(0.903 ((-2.910533495 0 0)(0 0 -0)))
(0.904 ((-2.912810256 0 0)(0 0 -0)))
(0.905 ((-2.91505726 0 0)(0 0 -0)))
(0.906 ((-2.917274505 0 0)(0 0 -0)))
(0.907 ((-2.919461992 0 0)(0 0 -0)))
(0.908 ((-2.921619719 0 0)(0 0 -0)))
(0.909 ((-2.923747686 0 0)(0 0 -0)))
(0.91 ((-2.925845893 0 0)(0 0 -0)))
(0.911 ((-2.927914339 0 0)(0 0 -0)))
(0.912 ((-2.929953025 0 0)(0 0 -0)))
(0.913 ((-2.931961949 0 0)(0 0 -0)))
(0.914 ((-2.933941113 0 0)(0 0 -0)))
(0.915 ((-2.935890515 0 0)(0 0 -0)))
(0.916 ((-2.937810156 0 0)(0 0 -0)))
(0.917 ((-2.939700036 0 0)(0 0 -0)))
(0.918 ((-2.941560154 0 0)(0 0 -0)))
(0.919 ((-2.943390511 0 0)(0 0 -0)))
(0.92 ((-2.945191106 0 0)(0 0 -0)))
(0.921 ((-2.946961939 0 0)(0 0 -0)))
(0.922 ((-2.948703011 0 0)(0 0 -0)))
(0.923 ((-2.950414322 0 0)(0 0 -0)))
(0.924 ((-2.952095871 0 0)(0 0 -0)))
(0.925 ((-2.953747658 0 0)(0 0 -0)))
(0.926 ((-2.955369684 0 0)(0 0 -0)))
(0.927 ((-2.956961949 0 0)(0 0 -0)))
(0.928 ((-2.958524453 0 0)(0 0 -0)))
(0.929 ((-2.960057196 0 0)(0 0 -0)))
(0.93 ((-2.961560178 0 0)(0 0 -0)))
(0.931 ((-2.9630334 0 0)(0 0 -0)))
(0.932 ((-2.964476862 0 0)(0 0 -0)))
(0.933 ((-2.965890563 0 0)(0 0 -0)))
(0.934 ((-2.967274505 0 0)(0 0 -0)))
(0.935 ((-2.968628688 0 0)(0 0 -0)))
(0.936 ((-2.969953114 0 0)(0 0 -0)))
(0.937 ((-2.971247781 0 0)(0 0 -0)))
(0.938 ((-2.972512692 0 0)(0 0 -0)))
(0.939 ((-2.973747848 0 0)(0 0 -0)))
(0.94 ((-2.974953251 0 0)(0 0 -0)))
(0.941 ((-2.976128901 0 0)(0 0 -0)))
(0.942 ((-2.977274802 0 0)(0 0 -0)))
(0.943 ((-2.978390956 0 0)(0 0 -0)))
(0.944 ((-2.979477366 0 0)(0 0 -0)))
(0.945 ((-2.980534037 0 0)(0 0 -0)))
(0.946 ((-2.981560973 0 0)(0 0 -0)))
(0.947 ((-2.98255818 0 0)(0 0 -0)))
(0.948 ((-2.983525666 0 0)(0 0 -0)))
(0.949 ((-2.984463439 0 0)(0 0 -0)))
(0.95 ((-2.985371511 0 0)(0 0 -0)))
(0.951 ((-2.986249895 0 0)(0 0 -0)))
(0.952 ((-2.987098607 0 0)(0 0 -0)))
(0.953 ((-2.987917667 0 0)(0 0 -0)))
(0.954 ((-2.9887071 0 0)(0 0 -0)))
(0.955 ((-2.989466935 0 0)(0 0 -0)))
(0.956 ((-2.990197207 0 0)(0 0 -0)))
(0.957 ((-2.990897962 0 0)(0 0 -0)))
(0.958 ((-2.991569251 0 0)(0 0 -0)))
(0.959 ((-2.992211141 0 0)(0 0 -0)))
(0.96 ((-2.99282371 0 0)(0 0 -0)))
(0.961 ((-2.993407054 0 0)(0 0 -0)))
(0.962 ((-2.993961289 0 0)(0 0 -0)))
(0.963 ((-2.994486557 0 0)(0 0 -0)))
(0.964 ((-2.994983027 0 0)(0 0 -0)))
(0.965 ((-2.995450903 0 0)(0 0 -0)))
(0.966 ((-2.995890434 0 0)(0 0 -0)))
(0.967 ((-2.996301913 0 0)(0 0 -0)))
(0.968 ((-2.996685694 0 0)(0 0 -0)))
(0.969 ((-2.997042195 0 0)(0 0 -0)))
(0.97 ((-2.997371909 0 0)(0 0 -0)))
(0.971 ((-2.997675417 0 0)(0 0 -0)))
(0.972 ((-2.997953394 0 0)(0 0 -0)))
(0.973 ((-2.998206618 0 0)(0 0 -0)))
(0.974 ((-2.998435976 0 0)(0 0 -0)))
(0.975 ((-2.998642471 0 0)(0 0 -0)))
(0.976 ((-2.998827218 0 0)(0 0 -0)))
(0.977 ((-2.998991437 0 0)(0 0 -0)))
(0.978 ((-2.999136448 0 0)(0 0 -0)))
(0.979 ((-2.999263644 0 0)(0 0 -0)))
(0.98 ((-2.99937448 0 0)(0 0 -0)))
(0.981 ((-2.999470434 0 0)(0 0 -0)))
(0.982 ((-2.999552988 0 0)(0 0 -0)))
(0.983 ((-2.999623593 0 0)(0 0 -0)))
(0.984 ((-2.999683646 0 0)(0 0 -0)))
(0.985 ((-2.999734464 0 0)(0 0 -0)))
(0.986 ((-2.999777269 0 0)(0 0 -0)))
(0.987 ((-2.999813175 0 0)(0 0 -0)))
(0.988 ((-2.999843184 0 0)(0 0 -0)))
(0.989 ((-2.999868185 0 0)(0 0 -0)))
(0.99 ((-2.999888955 0 0)(0 0 -0)))
(0.991 ((-2.999906169 0 0)(0 0 -0)))
(0.992 ((-2.999920408 0 0)(0 0 -0)))
(0.993 ((-2.999932165 0 0)(0 0 -0)))
(0.994 ((-2.999941859 0 0)(0 0 -0)))
(0.995 ((-2.999949842 0 0)(0 0 -0)))
(0.996 ((-2.999956409 0 0)(0 0 -0)))
(0.997 ((-2.999961807 0 0)(0 0 -0)))
(0.998 ((-2.999966241 0 0)(0 0 -0)))
(0.999 ((-2.999969882 0 0)(0 0 -0)))
(1 ((-2.999972869 0 0)(0 0 -0)))
(1.001 ((-2.999975318 0 0)(0 0 -0)))
(1.002 ((-2.999977327 0 0)(0 0 -0)))
(1.003 ((-2.999978974 0 0)(0 0 -0)))
(1.004 ((-2.999980324 0 0)(0 0 -0)))
(1.005 ((-2.999981429 0 0)(0 0 -0)))
(1.006 ((-2.999982335 0 0)(0 0 -0)))
(1.007 ((-2.999983078 0 0)(0 0 -0)))
(1.008 ((-2.999983685 0 0)(0 0 -0)))
(1.009 ((-2.999984183 0 0)(0 0 -0)))
(1.01 ((-2.999984591 0 0)(0 0 -0)))
(1.011 ((-2.999984925 0 0)(0 0 -0)))
(1.012 ((-2.999985199 0 0)(0 0 -0)))
(1.013 ((-2.999985422 0 0)(0 0 -0)))
(1.014 ((-2.999985606 0 0)(0 0 -0)))
(1.015 ((-2.999985756 0 0)(0 0 -0)))
(1.016 ((-2.999985879 0 0)(0 0 -0)))
(1.017 ((-2.99998598 0 0)(0 0 -0)))
(1.018 ((-2.999986062 0 0)(0 0 -0)))
(1.019 ((-2.999986129 0 0)(0 0 -0)))
(1.02 ((-2.999986185 0 0)(0 0 -0)))
(1.021 ((-2.99998623 0 0)(0 0 -0)))
(1.022 ((-2.999986267 0 0)(0 0 -0)))
(1.023 ((-2.999986297 0 0)(0 0 -0)))
(1.024 ((-2.999986322 0 0)(0 0 -0)))
(1.025 ((-2.999986342 0 0)(0 0 -0)))
(1.026 ((-2.999986359 0 0)(0 0 -0)))
(1.027 ((-2.999986373 0 0)(0 0 -0)))
(1.028 ((-2.999986384 0 0)(0 0 -0)))
(1.029 ((-2.999986393 0 0)(0 0 -0)))
(1.03 ((-2.999986401 0 0)(0 0 -0)))
(1.031 ((-2.999986407 0 0)(0 0 -0)))
(1.032 ((-2.999986412 0 0)(0 0 -0)))
(1.033 ((-2.999986416 0 0)(0 0 -0)))
(1.034 ((-2.999986419 0 0)(0 0 -0)))
(1.035 ((-2.999986422 0 0)(0 0 -0)))
(1.036 ((-2.999986424 0 0)(0 0 -0)))
(1.037 ((-2.999986426 0 0)(0 0 -0)))
(1.038 ((-2.999986427 0 0)(0 0 -0)))
(1.039 ((-2.999986429 0 0)(0 0 -0)))
(1.04 ((-2.99998643 0 0)(0 0 -0)))
(1.041 ((-2.999986431 0 0)(0 0 -0)))
(1.042 ((-2.999986431 0 0)(0 0 -0)))
(1.043 ((-2.999986432 0 0)(0 0 -0)))
(1.044 ((-2.999986432 0 0)(0 0 -0)))
(1.045 ((-2.999986433 0 0)(0 0 -0)))
(1.046 ((-2.999986433 0 0)(0 0 -0)))
(1.047 ((-2.999986433 0 0)(0 0 -0)))
(1.048 ((-2.999986433 0 0)(0 0 -0)))
(1.049 ((-2.999986434 0 0)(0 0 -0)))
(1.05 ((-2.999986434 0 0)(0 0 -0)))
(1.051 ((-2.999986434 0 0)(0 0 -0)))
(1.052 ((-2.999986434 0 0)(0 0 -0)))
(1.053 ((-2.999986434 0 0)(0 0 -0)))
(1.054 ((-2.999986434 0 0)(0 0 -0)))
(1.055 ((-2.999986434 0 0)(0 0 -0)))
(1.056 ((-2.999986434 0 0)(0 0 -0)))
(1.057 ((-2.999986434 0 0)(0 0 -0)))
(1.058 ((-2.999986434 0 0)(0 0 -0)))
(1.059 ((-2.999986434 0 0)(0 0 -0)))
(1.06 ((-2.999986434 0 0)(0 0 -0)))
(1.061 ((-2.999986434 0 0)(0 0 -0)))
(1.062 ((-2.999986434 0 0)(0 0 -0)))
(1.063 ((-2.999986434 0 0)(0 0 -0)))
(1.064 ((-2.999986434 0 0)(0 0 -0)))
(1.065 ((-2.999986434 0 0)(0 0 -0)))
(1.066 ((-2.999986434 0 0)(0 0 -0)))
(1.067 ((-2.999986434 0 0)(0 0 -0)))
(1.068 ((-2.999986434 0 0)(0 0 -0)))
(1.069 ((-2.999986434 0 0)(0 0 -0)))
(1.07 ((-2.999986434 0 0)(0 0 -0)))
(1.071 ((-2.999986434 0 0)(0 0 -0)))
(1.072 ((-2.999986434 0 0)(0 0 -0)))
(1.073 ((-2.999986434 0 0)(0 0 -0)))
(1.074 ((-2.999986434 0 0)(0 0 -0)))
(1.075 ((-2.999986434 0 0)(0 0 -0)))
(1.076 ((-2.999986434 0 0)(0 0 -0)))
(1.077 ((-2.999986434 0 0)(0 0 -0)))
(1.078 ((-2.999986434 0 0)(0 0 -0)))
(1.079 ((-2.999986434 0 0)(0 0 -0)))
(1.08 ((-2.999986434 0 0)(0 0 -0)))
(1.081 ((-2.999986434 0 0)(0 0 -0)))
(1.082 ((-2.999986434 0 0)(0 0 -0)))
(1.083 ((-2.999986434 0 0)(0 0 -0)))
(1.084 ((-2.999986434 0 0)(0 0 -0)))
(1.085 ((-2.999986434 0 0)(0 0 -0)))
(1.086 ((-2.999986434 0 0)(0 0 -0)))
(1.087 ((-2.999986434 0 0)(0 0 -0)))
(1.088 ((-2.999986434 0 0)(0 0 -0)))
(1.089 ((-2.999986434 0 0)(0 0 -0)))
(1.09 ((-2.999986434 0 0)(0 0 -0)))
(1.091 ((-2.999986434 0 0)(0 0 -0)))
(1.092 ((-2.999986434 0 0)(0 0 -0)))
(1.093 ((-2.999986434 0 0)(0 0 -0)))
(1.094 ((-2.999986434 0 0)(0 0 -0)))
(1.095 ((-2.999986434 0 0)(0 0 -0)))
(1.096 ((-2.999986434 0 0)(0 0 -0)))
(1.097 ((-2.999986434 0 0)(0 0 -0)))
(1.098 ((-2.999986434 0 0)(0 0 -0)))
(1.099 ((-2.999986434 0 0)(0 0 -0)))
(1.1 ((-2.999986434 0 0)(0 0 -0)))
(1.101 ((-2.999986434 0 0)(0 0 -0)))
(1.102 ((-2.999986434 0 0)(0 0 -0)))
(1.103 ((-2.999986434 0 0)(0 0 -0)))
(1.104 ((-2.999986434 0 0)(0 0 -0)))
(1.105 ((-2.999986434 0 0)(0 0 -0)))
(1.106 ((-2.999986434 0 0)(0 0 -0)))
(1.107 ((-2.999986434 0 0)(0 0 -0)))
(1.108 ((-2.999986434 0 0)(0 0 -0)))
(1.109 ((-2.999986434 0 0)(0 0 -0)))
(1.11 ((-2.999986434 0 0)(0 0 -0)))
(1.111 ((-2.999986434 0 0)(0 0 -0)))
(1.112 ((-2.999986434 0 0)(0 0 -0)))
(1.113 ((-2.999986434 0 0)(0 0 -0)))
(1.114 ((-2.999986434 0 0)(0 0 -0)))
(1.115 ((-2.999986434 0 0)(0 0 -0)))
(1.116 ((-2.999986434 0 0)(0 0 -0)))
(1.117 ((-2.999986434 0 0)(0 0 -0)))
(1.118 ((-2.999986434 0 0)(0 0 -0)))
(1.119 ((-2.999986434 0 0)(0 0 -0)))
(1.12 ((-2.999986434 0 0)(0 0 -0)))
(1.121 ((-2.999986434 0 0)(0 0 -0)))
(1.122 ((-2.999986434 0 0)(0 0 -0)))
(1.123 ((-2.999986434 0 0)(0 0 -0)))
(1.124 ((-2.999986434 0 0)(0 0 -0)))
(1.125 ((-2.999986434 0 0)(0 0 -0)))
(1.126 ((-2.999986434 0 0)(0 0 -0)))
(1.127 ((-2.999986434 0 0)(0 0 -0)))
(1.128 ((-2.999986434 0 0)(0 0 -0)))
(1.129 ((-2.999986434 0 0)(0 0 -0)))
(1.13 ((-2.999986434 0 0)(0 0 -0)))
(1.131 ((-2.999986434 0 0)(0 0 -0)))
(1.132 ((-2.999986434 0 0)(0 0 -0)))
(1.133 ((-2.999986434 0 0)(0 0 -0)))
(1.134 ((-2.999986434 0 0)(0 0 -0)))
(1.135 ((-2.999986434 0 0)(0 0 -0)))
(1.136 ((-2.999986434 0 0)(0 0 -0)))
(1.137 ((-2.999986434 0 0)(0 0 -0)))
(1.138 ((-2.999986434 0 0)(0 0 -0)))
(1.139 ((-2.999986434 0 0)(0 0 -0)))
(1.14 ((-2.999986434 0 0)(0 0 -0)))
(1.141 ((-2.999986434 0 0)(0 0 -0)))
(1.142 ((-2.999986434 0 0)(0 0 -0)))
(1.143 ((-2.999986434 0 0)(0 0 -0)))
(1.144 ((-2.999986434 0 0)(0 0 -0)))
(1.145 ((-2.999986434 0 0)(0 0 -0)))
(1.146 ((-2.999986434 0 0)(0 0 -0)))
(1.147 ((-2.999986434 0 0)(0 0 -0)))
(1.148 ((-2.999986434 0 0)(0 0 -0)))
(1.149 ((-2.999986434 0 0)(0 0 -0)))
(1.15 ((-2.999986434 0 0)(0 0 -0)))
(1.151 ((-2.999986434 0 0)(0 0 -0)))
(1.152 ((-2.999986434 0 0)(0 0 -0)))
(1.153 ((-2.999986434 0 0)(0 0 -0)))
(1.154 ((-2.999986434 0 0)(0 0 -0)))
(1.155 ((-2.999986434 0 0)(0 0 -0)))
(1.156 ((-2.999986434 0 0)(0 0 -0)))
(1.157 ((-2.999986434 0 0)(0 0 -0)))
(1.158 ((-2.999986434 0 0)(0 0 -0)))
(1.159 ((-2.999986434 0 0)(0 0 -0)))
(1.16 ((-2.999986434 0 0)(0 0 -0)))
(1.161 ((-2.999986434 0 0)(0 0 -0)))
(1.162 ((-2.999986434 0 0)(0 0 -0)))
(1.163 ((-2.999986434 0 0)(0 0 -0)))
(1.164 ((-2.999986434 0 0)(0 0 -0)))
(1.165 ((-2.999986434 0 0)(0 0 -0)))
(1.166 ((-2.999986434 0 0)(0 0 -0)))
(1.167 ((-2.999986434 0 0)(0 0 -0)))
(1.168 ((-2.999986434 0 0)(0 0 -0)))
(1.169 ((-2.999986434 0 0)(0 0 -0)))
(1.17 ((-2.999986434 0 0)(0 0 -0)))
(1.171 ((-2.999986434 0 0)(0 0 -0)))
(1.172 ((-2.999986434 0 0)(0 0 -0)))
(1.173 ((-2.999986434 0 0)(0 0 -0)))
(1.174 ((-2.999986434 0 0)(0 0 -0)))
(1.175 ((-2.999986434 0 0)(0 0 -0)))
(1.176 ((-2.999986434 0 0)(0 0 -0)))
(1.177 ((-2.999986434 0 0)(0 0 -0)))
(1.178 ((-2.999986434 0 0)(0 0 -0)))
(1.179 ((-2.999986434 0 0)(0 0 -0)))
(1.18 ((-2.999986434 0 0)(0 0 -0)))
(1.181 ((-2.999986434 0 0)(0 0 -0)))
(1.182 ((-2.999986434 0 0)(0 0 -0)))
(1.183 ((-2.999986434 0 0)(0 0 -0)))
(1.184 ((-2.999986434 0 0)(0 0 -0)))
(1.185 ((-2.999986434 0 0)(0 0 -0)))
(1.186 ((-2.999986434 0 0)(0 0 -0)))
(1.187 ((-2.999986434 0 0)(0 0 -0)))
(1.188 ((-2.999986434 0 0)(0 0 -0)))
(1.189 ((-2.999986434 0 0)(0 0 -0)))
(1.19 ((-2.999986434 0 0)(0 0 -0)))
(1.191 ((-2.999986434 0 0)(0 0 -0)))
(1.192 ((-2.999986434 0 0)(0 0 -0)))
(1.193 ((-2.999986434 0 0)(0 0 -0)))
(1.194 ((-2.999986434 0 0)(0 0 -0)))
(1.195 ((-2.999986434 0 0)(0 0 -0)))
(1.196 ((-2.999986434 0 0)(0 0 -0)))
(1.197 ((-2.999986434 0 0)(0 0 -0)))
(1.198 ((-2.999986434 0 0)(0 0 -0)))
(1.199 ((-2.999986434 0 0)(0 0 -0)))
(1.2 ((-2.999986434 0 0)(0 0 -0)))
(1.201 ((-2.999986434 0 0)(0 0 -0)))
(1.202 ((-2.999986434 0 0)(0 0 -0)))
(1.203 ((-2.999986434 0 0)(0 0 -0)))
(1.204 ((-2.999986434 0 0)(0 0 -0)))
(1.205 ((-2.999986434 0 0)(0 0 -0)))
(1.206 ((-2.999986434 0 0)(0 0 -0)))
(1.207 ((-2.999986434 0 0)(0 0 -0)))
(1.208 ((-2.999986434 0 0)(0 0 -0)))
(1.209 ((-2.999986434 0 0)(0 0 -0)))
(1.21 ((-2.999986434 0 0)(0 0 -0)))
(1.211 ((-2.999986434 0 0)(0 0 -0)))
(1.212 ((-2.999986434 0 0)(0 0 -0)))
(1.213 ((-2.999986434 0 0)(0 0 -0)))
(1.214 ((-2.999986434 0 0)(0 0 -0)))
(1.215 ((-2.999986434 0 0)(0 0 -0)))
(1.216 ((-2.999986434 0 0)(0 0 -0)))
(1.217 ((-2.999986434 0 0)(0 0 -0)))
(1.218 ((-2.999986434 0 0)(0 0 -0)))
(1.219 ((-2.999986434 0 0)(0 0 -0)))
(1.22 ((-2.999986434 0 0)(0 0 -0)))
(1.221 ((-2.999986434 0 0)(0 0 -0)))
(1.222 ((-2.999986434 0 0)(0 0 -0)))
(1.223 ((-2.999986434 0 0)(0 0 -0)))
(1.224 ((-2.999986434 0 0)(0 0 -0)))
(1.225 ((-2.999986434 0 0)(0 0 -0)))
(1.226 ((-2.999986434 0 0)(0 0 -0)))
(1.227 ((-2.999986434 0 0)(0 0 -0)))
(1.228 ((-2.999986434 0 0)(0 0 -0)))
(1.229 ((-2.999986434 0 0)(0 0 -0)))
(1.23 ((-2.999986434 0 0)(0 0 -0)))
(1.231 ((-2.999986434 0 0)(0 0 -0)))
(1.232 ((-2.999986434 0 0)(0 0 -0)))
(1.233 ((-2.999986434 0 0)(0 0 -0)))
(1.234 ((-2.999986434 0 0)(0 0 -0)))
(1.235 ((-2.999986434 0 0)(0 0 -0)))
(1.236 ((-2.999986434 0 0)(0 0 -0)))
(1.237 ((-2.999986434 0 0)(0 0 -0)))
(1.238 ((-2.999986434 0 0)(0 0 -0)))
(1.239 ((-2.999986434 0 0)(0 0 -0)))
(1.24 ((-2.999986434 0 0)(0 0 -0)))
(1.241 ((-2.999986434 0 0)(0 0 -0)))
(1.242 ((-2.999986434 0 0)(0 0 -0)))
(1.243 ((-2.999986434 0 0)(0 0 -0)))
(1.244 ((-2.999986434 0 0)(0 0 -0)))
(1.245 ((-2.999986434 0 0)(0 0 -0)))
(1.246 ((-2.999986434 0 0)(0 0 -0)))
(1.247 ((-2.999986434 0 0)(0 0 -0)))
(1.248 ((-2.999986434 0 0)(0 0 -0)))
(1.249 ((-2.999986434 0 0)(0 0 -0)))
(1.25 ((-2.999986434 0 0)(0 0 -0)))
(1.251 ((-2.999986434 0 0)(0 0 -0)))
(1.252 ((-2.999986434 0 0)(0 0 -0)))
(1.253 ((-2.999986434 0 0)(0 0 -0)))
(1.254 ((-2.999986434 0 0)(0 0 -0)))
(1.255 ((-2.999986434 0 0)(0 0 -0)))
(1.256 ((-2.999986434 0 0)(0 0 -0)))
(1.257 ((-2.999986434 0 0)(0 0 -0)))
(1.258 ((-2.999986434 0 0)(0 0 -0)))
(1.259 ((-2.999986434 0 0)(0 0 -0)))
(1.26 ((-2.999986434 0 0)(0 0 -0)))
(1.261 ((-2.999986434 0 0)(0 0 -0)))
(1.262 ((-2.999986434 0 0)(0 0 -0)))
(1.263 ((-2.999986434 0 0)(0 0 -0)))
(1.264 ((-2.999986434 0 0)(0 0 -0)))
(1.265 ((-2.999986434 0 0)(0 0 -0)))
(1.266 ((-2.999986434 0 0)(0 0 -0)))
(1.267 ((-2.999986434 0 0)(0 0 -0)))
(1.268 ((-2.999986434 0 0)(0 0 -0)))
(1.269 ((-2.999986434 0 0)(0 0 -0)))
(1.27 ((-2.999986434 0 0)(0 0 -0)))
(1.271 ((-2.999986434 0 0)(0 0 -0)))
(1.272 ((-2.999986434 0 0)(0 0 -0)))
(1.273 ((-2.999986434 0 0)(0 0 -0)))
(1.274 ((-2.999986434 0 0)(0 0 -0)))
(1.275 ((-2.999986434 0 0)(0 0 -0)))
(1.276 ((-2.999986434 0 0)(0 0 -0)))
(1.277 ((-2.999986434 0 0)(0 0 -0)))
(1.278 ((-2.999986434 0 0)(0 0 -0)))
(1.279 ((-2.999986434 0 0)(0 0 -0)))
(1.28 ((-2.999986434 0 0)(0 0 -0)))
(1.281 ((-2.999986434 0 0)(0 0 -0)))
(1.282 ((-2.999986434 0 0)(0 0 -0)))
(1.283 ((-2.999986434 0 0)(0 0 -0)))
(1.284 ((-2.999986434 0 0)(0 0 -0)))
(1.285 ((-2.999986434 0 0)(0 0 -0)))
(1.286 ((-2.999986434 0 0)(0 0 -0)))
(1.287 ((-2.999986434 0 0)(0 0 -0)))
(1.288 ((-2.999986434 0 0)(0 0 -0)))
(1.289 ((-2.999986434 0 0)(0 0 -0)))
(1.29 ((-2.999986434 0 0)(0 0 -0)))
(1.291 ((-2.999986434 0 0)(0 0 -0)))
(1.292 ((-2.999986434 0 0)(0 0 -0)))
(1.293 ((-2.999986434 0 0)(0 0 -0)))
(1.294 ((-2.999986434 0 0)(0 0 -0)))
(1.295 ((-2.999986434 0 0)(0 0 -0)))
(1.296 ((-2.999986434 0 0)(0 0 -0)))
(1.297 ((-2.999986434 0 0)(0 0 -0)))
(1.298 ((-2.999986434 0 0)(0 0 -0)))
(1.299 ((-2.999986434 0 0)(0 0 -0)))
(1.3 ((-2.999986434 0 0)(0 0 -0)))
(1.301 ((-2.999986434 0 0)(0 0 -0)))
(1.302 ((-2.999986434 0 0)(0 0 -0)))
(1.303 ((-2.999986434 0 0)(0 0 -0)))
(1.304 ((-2.999986434 0 0)(0 0 -0)))
(1.305 ((-2.999986434 0 0)(0 0 -0)))
(1.306 ((-2.999986434 0 0)(0 0 -0)))
(1.307 ((-2.999986434 0 0)(0 0 -0)))
(1.308 ((-2.999986434 0 0)(0 0 -0)))
(1.309 ((-2.999986434 0 0)(0 0 -0)))
(1.31 ((-2.999986434 0 0)(0 0 -0)))
(1.311 ((-2.999986434 0 0)(0 0 -0)))
(1.312 ((-2.999986434 0 0)(0 0 -0)))
(1.313 ((-2.999986434 0 0)(0 0 -0)))
(1.314 ((-2.999986434 0 0)(0 0 -0)))
(1.315 ((-2.999986434 0 0)(0 0 -0)))
(1.316 ((-2.999986434 0 0)(0 0 -0)))
(1.317 ((-2.999986434 0 0)(0 0 -0)))
(1.318 ((-2.999986434 0 0)(0 0 -0)))
(1.319 ((-2.999986434 0 0)(0 0 -0)))
(1.32 ((-2.999986434 0 0)(0 0 -0)))
(1.321 ((-2.999986434 0 0)(0 0 -0)))
(1.322 ((-2.999986434 0 0)(0 0 -0)))
(1.323 ((-2.999986434 0 0)(0 0 -0)))
(1.324 ((-2.999986434 0 0)(0 0 -0)))
(1.325 ((-2.999986434 0 0)(0 0 -0)))
(1.326 ((-2.999986434 0 0)(0 0 -0)))
(1.327 ((-2.999986434 0 0)(0 0 -0)))
(1.328 ((-2.999986434 0 0)(0 0 -0)))
(1.329 ((-2.999986434 0 0)(0 0 -0)))
(1.33 ((-2.999986434 0 0)(0 0 -0)))
(1.331 ((-2.999986434 0 0)(0 0 -0)))
(1.332 ((-2.999986434 0 0)(0 0 -0)))
(1.333 ((-2.999986434 0 0)(0 0 -0)))
(1.334 ((-2.999986434 0 0)(0 0 -0)))
(1.335 ((-2.999986434 0 0)(0 0 -0)))
(1.336 ((-2.999986434 0 0)(0 0 -0)))
(1.337 ((-2.999986434 0 0)(0 0 -0)))
(1.338 ((-2.999986434 0 0)(0 0 -0)))
(1.339 ((-2.999986434 0 0)(0 0 -0)))
(1.34 ((-2.999986434 0 0)(0 0 -0)))
(1.341 ((-2.999986434 0 0)(0 0 -0)))
(1.342 ((-2.999986434 0 0)(0 0 -0)))
(1.343 ((-2.999986434 0 0)(0 0 -0)))
(1.344 ((-2.999986434 0 0)(0 0 -0)))
(1.345 ((-2.999986434 0 0)(0 0 -0)))
(1.346 ((-2.999986434 0 0)(0 0 -0)))
(1.347 ((-2.999986434 0 0)(0 0 -0)))
(1.348 ((-2.999986434 0 0)(0 0 -0)))
(1.349 ((-2.999986434 0 0)(0 0 -0)))
(1.35 ((-2.999986434 0 0)(0 0 -0)))
(1.351 ((-2.999986434 0 0)(0 0 -0)))
(1.352 ((-2.999986434 0 0)(0 0 -0)))
(1.353 ((-2.999986434 0 0)(0 0 -0)))
(1.354 ((-2.999986434 0 0)(0 0 -0)))
(1.355 ((-2.999986434 0 0)(0 0 -0)))
(1.356 ((-2.999986434 0 0)(0 0 -0)))
(1.357 ((-2.999986434 0 0)(0 0 -0)))
(1.358 ((-2.999986434 0 0)(0 0 -0)))
(1.359 ((-2.999986434 0 0)(0 0 -0)))
(1.36 ((-2.999986434 0 0)(0 0 -0)))
(1.361 ((-2.999986434 0 0)(0 0 -0)))
(1.362 ((-2.999986434 0 0)(0 0 -0)))
(1.363 ((-2.999986434 0 0)(0 0 -0)))
(1.364 ((-2.999986434 0 0)(0 0 -0)))
(1.365 ((-2.999986434 0 0)(0 0 -0)))
(1.366 ((-2.999986434 0 0)(0 0 -0)))
(1.367 ((-2.999986434 0 0)(0 0 -0)))
(1.368 ((-2.999986434 0 0)(0 0 -0)))
(1.369 ((-2.999986434 0 0)(0 0 -0)))
(1.37 ((-2.999986434 0 0)(0 0 -0)))
(1.371 ((-2.999986434 0 0)(0 0 -0)))
(1.372 ((-2.999986434 0 0)(0 0 -0)))
(1.373 ((-2.999986434 0 0)(0 0 -0)))
(1.374 ((-2.999986434 0 0)(0 0 -0)))
(1.375 ((-2.999986434 0 0)(0 0 -0)))
(1.376 ((-2.999986434 0 0)(0 0 -0)))
(1.377 ((-2.999986434 0 0)(0 0 -0)))
(1.378 ((-2.999986434 0 0)(0 0 -0)))
(1.379 ((-2.999986434 0 0)(0 0 -0)))
(1.38 ((-2.999986434 0 0)(0 0 -0)))
(1.381 ((-2.999986434 0 0)(0 0 -0)))
(1.382 ((-2.999986434 0 0)(0 0 -0)))
(1.383 ((-2.999986434 0 0)(0 0 -0)))
(1.384 ((-2.999986434 0 0)(0 0 -0)))
(1.385 ((-2.999986434 0 0)(0 0 -0)))
(1.386 ((-2.999986434 0 0)(0 0 -0)))
(1.387 ((-2.999986434 0 0)(0 0 -0)))
(1.388 ((-2.999986434 0 0)(0 0 -0)))
(1.389 ((-2.999986434 0 0)(0 0 -0)))
(1.39 ((-2.999986434 0 0)(0 0 -0)))
(1.391 ((-2.999986434 0 0)(0 0 -0)))
(1.392 ((-2.999986434 0 0)(0 0 -0)))
(1.393 ((-2.999986434 0 0)(0 0 -0)))
(1.394 ((-2.999986434 0 0)(0 0 -0)))
(1.395 ((-2.999986434 0 0)(0 0 -0)))
(1.396 ((-2.999986434 0 0)(0 0 -0)))
(1.397 ((-2.999986434 0 0)(0 0 -0)))
(1.398 ((-2.999986434 0 0)(0 0 -0)))
(1.399 ((-2.999986434 0 0)(0 0 -0)))
(1.4 ((-2.999986434 0 0)(0 0 -0)))
(1.401 ((-2.999986434 0 0)(0 0 -0)))
(1.402 ((-2.999986434 0 0)(0 0 -0)))
(1.403 ((-2.999986434 0 0)(0 0 -0)))
(1.404 ((-2.999986434 0 0)(0 0 -0)))
(1.405 ((-2.999986434 0 0)(0 0 -0)))
(1.406 ((-2.999986434 0 0)(0 0 -0)))
(1.407 ((-2.999986434 0 0)(0 0 -0)))
(1.408 ((-2.999986434 0 0)(0 0 -0)))
(1.409 ((-2.999986434 0 0)(0 0 -0)))
(1.41 ((-2.999986434 0 0)(0 0 -0)))
(1.411 ((-2.999986434 0 0)(0 0 -0)))
(1.412 ((-2.999986434 0 0)(0 0 -0)))
(1.413 ((-2.999986434 0 0)(0 0 -0)))
(1.414 ((-2.999986434 0 0)(0 0 -0)))
(1.415 ((-2.999986434 0 0)(0 0 -0)))
(1.416 ((-2.999986434 0 0)(0 0 -0)))
(1.417 ((-2.999986434 0 0)(0 0 -0)))
(1.418 ((-2.999986434 0 0)(0 0 -0)))
(1.419 ((-2.999986434 0 0)(0 0 -0)))
(1.42 ((-2.999986434 0 0)(0 0 -0)))
(1.421 ((-2.999986434 0 0)(0 0 -0)))
(1.422 ((-2.999986434 0 0)(0 0 -0)))
(1.423 ((-2.999986434 0 0)(0 0 -0)))
(1.424 ((-2.999986434 0 0)(0 0 -0)))
(1.425 ((-2.999986434 0 0)(0 0 -0)))
(1.426 ((-2.999986434 0 0)(0 0 -0)))
(1.427 ((-2.999986434 0 0)(0 0 -0)))
(1.428 ((-2.999986434 0 0)(0 0 -0)))
(1.429 ((-2.999986434 0 0)(0 0 -0)))
(1.43 ((-2.999986434 0 0)(0 0 -0)))
(1.431 ((-2.999986434 0 0)(0 0 -0)))
(1.432 ((-2.999986434 0 0)(0 0 -0)))
(1.433 ((-2.999986434 0 0)(0 0 -0)))
(1.434 ((-2.999986434 0 0)(0 0 -0)))
(1.435 ((-2.999986434 0 0)(0 0 -0)))
(1.436 ((-2.999986434 0 0)(0 0 -0)))
(1.437 ((-2.999986434 0 0)(0 0 -0)))
(1.438 ((-2.999986434 0 0)(0 0 -0)))
(1.439 ((-2.999986434 0 0)(0 0 -0)))
(1.44 ((-2.999986434 0 0)(0 0 -0)))
(1.441 ((-2.999986434 0 0)(0 0 -0)))
(1.442 ((-2.999986434 0 0)(0 0 -0)))
(1.443 ((-2.999986434 0 0)(0 0 -0)))
(1.444 ((-2.999986434 0 0)(0 0 -0)))
(1.445 ((-2.999986434 0 0)(0 0 -0)))
(1.446 ((-2.999986434 0 0)(0 0 -0)))
(1.447 ((-2.999986434 0 0)(0 0 -0)))
(1.448 ((-2.999986434 0 0)(0 0 -0)))
(1.449 ((-2.999986434 0 0)(0 0 -0)))
(1.45 ((-2.999986434 0 0)(0 0 -0)))
(1.451 ((-2.999986434 0 0)(0 0 -0)))
(1.452 ((-2.999986434 0 0)(0 0 -0)))
(1.453 ((-2.999986434 0 0)(0 0 -0)))
(1.454 ((-2.999986434 0 0)(0 0 -0)))
(1.455 ((-2.999986434 0 0)(0 0 -0)))
(1.456 ((-2.999986434 0 0)(0 0 -0)))
(1.457 ((-2.999986434 0 0)(0 0 -0)))
(1.458 ((-2.999986434 0 0)(0 0 -0)))
(1.459 ((-2.999986434 0 0)(0 0 -0)))
(1.46 ((-2.999986434 0 0)(0 0 -0)))
(1.461 ((-2.999986434 0 0)(0 0 -0)))
(1.462 ((-2.999986434 0 0)(0 0 -0)))
(1.463 ((-2.999986434 0 0)(0 0 -0)))
(1.464 ((-2.999986434 0 0)(0 0 -0)))
(1.465 ((-2.999986434 0 0)(0 0 -0)))
(1.466 ((-2.999986434 0 0)(0 0 -0)))
(1.467 ((-2.999986434 0 0)(0 0 -0)))
(1.468 ((-2.999986434 0 0)(0 0 -0)))
(1.469 ((-2.999986434 0 0)(0 0 -0)))
(1.47 ((-2.999986434 0 0)(0 0 -0)))
(1.471 ((-2.999986434 0 0)(0 0 -0)))
(1.472 ((-2.999986434 0 0)(0 0 -0)))
(1.473 ((-2.999986434 0 0)(0 0 -0)))
(1.474 ((-2.999986434 0 0)(0 0 -0)))
(1.475 ((-2.999986434 0 0)(0 0 -0)))
(1.476 ((-2.999986434 0 0)(0 0 -0)))
(1.477 ((-2.999986434 0 0)(0 0 -0)))
(1.478 ((-2.999986434 0 0)(0 0 -0)))
(1.479 ((-2.999986434 0 0)(0 0 -0)))
(1.48 ((-2.999986434 0 0)(0 0 -0)))
(1.481 ((-2.999986434 0 0)(0 0 -0)))
(1.482 ((-2.999986434 0 0)(0 0 -0)))
(1.483 ((-2.999986434 0 0)(0 0 -0)))
(1.484 ((-2.999986434 0 0)(0 0 -0)))
(1.485 ((-2.999986434 0 0)(0 0 -0)))
(1.486 ((-2.999986434 0 0)(0 0 -0)))
(1.487 ((-2.999986434 0 0)(0 0 -0)))
(1.488 ((-2.999986434 0 0)(0 0 -0)))
(1.489 ((-2.999986434 0 0)(0 0 -0)))
(1.49 ((-2.999986434 0 0)(0 0 -0)))
(1.491 ((-2.999986434 0 0)(0 0 -0)))
(1.492 ((-2.999986434 0 0)(0 0 -0)))
(1.493 ((-2.999986434 0 0)(0 0 -0)))
(1.494 ((-2.999986434 0 0)(0 0 -0)))
(1.495 ((-2.999986434 0 0)(0 0 -0)))
(1.496 ((-2.999986434 0 0)(0 0 -0)))
(1.497 ((-2.999986434 0 0)(0 0 -0)))
(1.498 ((-2.999986434 0 0)(0 0 -0)))
(1.499 ((-2.999986434 0 0)(0 0 -0)))
(1.5 ((-2.999986434 0 0)(0 0 -0)))
(1.501 ((-2.999986434 0 0)(0 0 -0)))
(1.502 ((-2.999986434 0 0)(0 0 -0)))
(1.503 ((-2.999986434 0 0)(0 0 -0)))
(1.504 ((-2.999986434 0 0)(0 0 -0)))
(1.505 ((-2.999986434 0 0)(0 0 -0)))
(1.506 ((-2.999986434 0 0)(0 0 -0)))
(1.507 ((-2.999986434 0 0)(0 0 -0)))
(1.508 ((-2.999986434 0 0)(0 0 -0)))
(1.509 ((-2.999986434 0 0)(0 0 -0)))
(1.51 ((-2.999986434 0 0)(0 0 -0)))
(1.511 ((-2.999986434 0 0)(0 0 -0)))
(1.512 ((-2.999986434 0 0)(0 0 -0)))
(1.513 ((-2.999986434 0 0)(0 0 -0)))
(1.514 ((-2.999986434 0 0)(0 0 -0)))
(1.515 ((-2.999986434 0 0)(0 0 -0)))
(1.516 ((-2.999986434 0 0)(0 0 -0)))
(1.517 ((-2.999986434 0 0)(0 0 -0)))
(1.518 ((-2.999986434 0 0)(0 0 -0)))
(1.519 ((-2.999986434 0 0)(0 0 -0)))
(1.52 ((-2.999986434 0 0)(0 0 -0)))
(1.521 ((-2.999986434 0 0)(0 0 -0)))
(1.522 ((-2.999986434 0 0)(0 0 -0)))
(1.523 ((-2.999986434 0 0)(0 0 -0)))
(1.524 ((-2.999986434 0 0)(0 0 -0)))
(1.525 ((-2.999986434 0 0)(0 0 -0)))
(1.526 ((-2.999986434 0 0)(0 0 -0)))
(1.527 ((-2.999986434 0 0)(0 0 -0)))
(1.528 ((-2.999986434 0 0)(0 0 -0)))
(1.529 ((-2.999986434 0 0)(0 0 -0)))
(1.53 ((-2.999986434 0 0)(0 0 -0)))
(1.531 ((-2.999986434 0 0)(0 0 -0)))
(1.532 ((-2.999986434 0 0)(0 0 -0)))
(1.533 ((-2.999986434 0 0)(0 0 -0)))
(1.534 ((-2.999986434 0 0)(0 0 -0)))
(1.535 ((-2.999986434 0 0)(0 0 -0)))
(1.536 ((-2.999986434 0 0)(0 0 -0)))
(1.537 ((-2.999986434 0 0)(0 0 -0)))
(1.538 ((-2.999986434 0 0)(0 0 -0)))
(1.539 ((-2.999986434 0 0)(0 0 -0)))
(1.54 ((-2.999986434 0 0)(0 0 -0)))
(1.541 ((-2.999986434 0 0)(0 0 -0)))
(1.542 ((-2.999986434 0 0)(0 0 -0)))
(1.543 ((-2.999986434 0 0)(0 0 -0)))
(1.544 ((-2.999986434 0 0)(0 0 -0)))
(1.545 ((-2.999986434 0 0)(0 0 -0)))
(1.546 ((-2.999986434 0 0)(0 0 -0)))
(1.547 ((-2.999986434 0 0)(0 0 -0)))
(1.548 ((-2.999986434 0 0)(0 0 -0)))
(1.549 ((-2.999986434 0 0)(0 0 -0)))
(1.55 ((-2.999986434 0 0)(0 0 -0)))
(1.551 ((-2.999986434 0 0)(0 0 -0)))
(1.552 ((-2.999986434 0 0)(0 0 -0)))
(1.553 ((-2.999986434 0 0)(0 0 -0)))
(1.554 ((-2.999986434 0 0)(0 0 -0)))
(1.555 ((-2.999986434 0 0)(0 0 -0)))
(1.556 ((-2.999986434 0 0)(0 0 -0)))
(1.557 ((-2.999986434 0 0)(0 0 -0)))
(1.558 ((-2.999986434 0 0)(0 0 -0)))
(1.559 ((-2.999986434 0 0)(0 0 -0)))
(1.56 ((-2.999986434 0 0)(0 0 -0)))
(1.561 ((-2.999986434 0 0)(0 0 -0)))
(1.562 ((-2.999986434 0 0)(0 0 -0)))
(1.563 ((-2.999986434 0 0)(0 0 -0)))
(1.564 ((-2.999986434 0 0)(0 0 -0)))
(1.565 ((-2.999986434 0 0)(0 0 -0)))
(1.566 ((-2.999986434 0 0)(0 0 -0)))
(1.567 ((-2.999986434 0 0)(0 0 -0)))
(1.568 ((-2.999986434 0 0)(0 0 -0)))
(1.569 ((-2.999986434 0 0)(0 0 -0)))
(1.57 ((-2.999986434 0 0)(0 0 -0)))
(1.571 ((-2.999986434 0 0)(0 0 -0)))
(1.572 ((-2.999986434 0 0)(0 0 -0)))
(1.573 ((-2.999986434 0 0)(0 0 -0)))
(1.574 ((-2.999986434 0 0)(0 0 -0)))
(1.575 ((-2.999986434 0 0)(0 0 -0)))
(1.576 ((-2.999986434 0 0)(0 0 -0)))
(1.577 ((-2.999986434 0 0)(0 0 -0)))
(1.578 ((-2.999986434 0 0)(0 0 -0)))
(1.579 ((-2.999986434 0 0)(0 0 -0)))
(1.58 ((-2.999986434 0 0)(0 0 -0)))
(1.581 ((-2.999986434 0 0)(0 0 -0)))
(1.582 ((-2.999986434 0 0)(0 0 -0)))
(1.583 ((-2.999986434 0 0)(0 0 -0)))
(1.584 ((-2.999986434 0 0)(0 0 -0)))
(1.585 ((-2.999986434 0 0)(0 0 -0)))
(1.586 ((-2.999986434 0 0)(0 0 -0)))
(1.587 ((-2.999986434 0 0)(0 0 -0)))
(1.588 ((-2.999986434 0 0)(0 0 -0)))
(1.589 ((-2.999986434 0 0)(0 0 -0)))
(1.59 ((-2.999986434 0 0)(0 0 -0)))
(1.591 ((-2.999986434 0 0)(0 0 -0)))
(1.592 ((-2.999986434 0 0)(0 0 -0)))
(1.593 ((-2.999986434 0 0)(0 0 -0)))
(1.594 ((-2.999986434 0 0)(0 0 -0)))
(1.595 ((-2.999986434 0 0)(0 0 -0)))
(1.596 ((-2.999986434 0 0)(0 0 -0)))
(1.597 ((-2.999986434 0 0)(0 0 -0)))
(1.598 ((-2.999986434 0 0)(0 0 -0)))
(1.599 ((-2.999986434 0 0)(0 0 -0)))
(1.6 ((-2.999986434 0 0)(0 0 -0)))
(1.601 ((-2.999986434 0 0)(0 0 -0)))
(1.602 ((-2.999986434 0 0)(0 0 -0)))
(1.603 ((-2.999986434 0 0)(0 0 -0)))
(1.604 ((-2.999986434 0 0)(0 0 -0)))
(1.605 ((-2.999986434 0 0)(0 0 -0)))
(1.606 ((-2.999986434 0 0)(0 0 -0)))
(1.607 ((-2.999986434 0 0)(0 0 -0)))
(1.608 ((-2.999986434 0 0)(0 0 -0)))
(1.609 ((-2.999986434 0 0)(0 0 -0)))
(1.61 ((-2.999986434 0 0)(0 0 -0)))
(1.611 ((-2.999986434 0 0)(0 0 -0)))
(1.612 ((-2.999986434 0 0)(0 0 -0)))
(1.613 ((-2.999986434 0 0)(0 0 -0)))
(1.614 ((-2.999986434 0 0)(0 0 -0)))
(1.615 ((-2.999986434 0 0)(0 0 -0)))
(1.616 ((-2.999986434 0 0)(0 0 -0)))
(1.617 ((-2.999986434 0 0)(0 0 -0)))
(1.618 ((-2.999986434 0 0)(0 0 -0)))
(1.619 ((-2.999986434 0 0)(0 0 -0)))
(1.62 ((-2.999986434 0 0)(0 0 -0)))
(1.621 ((-2.999986434 0 0)(0 0 -0)))
(1.622 ((-2.999986434 0 0)(0 0 -0)))
(1.623 ((-2.999986434 0 0)(0 0 -0)))
(1.624 ((-2.999986434 0 0)(0 0 -0)))
(1.625 ((-2.999986434 0 0)(0 0 -0)))
(1.626 ((-2.999986434 0 0)(0 0 -0)))
(1.627 ((-2.999986434 0 0)(0 0 -0)))
(1.628 ((-2.999986434 0 0)(0 0 -0)))
(1.629 ((-2.999986434 0 0)(0 0 -0)))
(1.63 ((-2.999986434 0 0)(0 0 -0)))
(1.631 ((-2.999986434 0 0)(0 0 -0)))
(1.632 ((-2.999986434 0 0)(0 0 -0)))
(1.633 ((-2.999986434 0 0)(0 0 -0)))
(1.634 ((-2.999986434 0 0)(0 0 -0)))
(1.635 ((-2.999986434 0 0)(0 0 -0)))
(1.636 ((-2.999986434 0 0)(0 0 -0)))
(1.637 ((-2.999986434 0 0)(0 0 -0)))
(1.638 ((-2.999986434 0 0)(0 0 -0)))
(1.639 ((-2.999986434 0 0)(0 0 -0)))
(1.64 ((-2.999986434 0 0)(0 0 -0)))
(1.641 ((-2.999986434 0 0)(0 0 -0)))
(1.642 ((-2.999986434 0 0)(0 0 -0)))
(1.643 ((-2.999986434 0 0)(0 0 -0)))
(1.644 ((-2.999986434 0 0)(0 0 -0)))
(1.645 ((-2.999986434 0 0)(0 0 -0)))
(1.646 ((-2.999986434 0 0)(0 0 -0)))
(1.647 ((-2.999986434 0 0)(0 0 -0)))
(1.648 ((-2.999986434 0 0)(0 0 -0)))
(1.649 ((-2.999986434 0 0)(0 0 -0)))
(1.65 ((-2.999986434 0 0)(0 0 -0)))
(1.651 ((-2.999986434 0 0)(0 0 -0)))
(1.652 ((-2.999986434 0 0)(0 0 -0)))
(1.653 ((-2.999986434 0 0)(0 0 -0)))
(1.654 ((-2.999986434 0 0)(0 0 -0)))
(1.655 ((-2.999986434 0 0)(0 0 -0)))
(1.656 ((-2.999986434 0 0)(0 0 -0)))
(1.657 ((-2.999986434 0 0)(0 0 -0)))
(1.658 ((-2.999986434 0 0)(0 0 -0)))
(1.659 ((-2.999986434 0 0)(0 0 -0)))
(1.66 ((-2.999986434 0 0)(0 0 -0)))
(1.661 ((-2.999986434 0 0)(0 0 -0)))
(1.662 ((-2.999986434 0 0)(0 0 -0)))
(1.663 ((-2.999986434 0 0)(0 0 -0)))
(1.664 ((-2.999986434 0 0)(0 0 -0)))
(1.665 ((-2.999986434 0 0)(0 0 -0)))
(1.666 ((-2.999986434 0 0)(0 0 -0)))
(1.667 ((-2.999986434 0 0)(0 0 -0)))
(1.668 ((-2.999986434 0 0)(0 0 -0)))
(1.669 ((-2.999986434 0 0)(0 0 -0)))
(1.67 ((-2.999986434 0 0)(0 0 -0)))
(1.671 ((-2.999986434 0 0)(0 0 -0)))
(1.672 ((-2.999986434 0 0)(0 0 -0)))
(1.673 ((-2.999986434 0 0)(0 0 -0)))
(1.674 ((-2.999986434 0 0)(0 0 -0)))
(1.675 ((-2.999986434 0 0)(0 0 -0)))
(1.676 ((-2.999986434 0 0)(0 0 -0)))
(1.677 ((-2.999986434 0 0)(0 0 -0)))
(1.678 ((-2.999986434 0 0)(0 0 -0)))
(1.679 ((-2.999986434 0 0)(0 0 -0)))
(1.68 ((-2.999986434 0 0)(0 0 -0)))
(1.681 ((-2.999986434 0 0)(0 0 -0)))
(1.682 ((-2.999986434 0 0)(0 0 -0)))
(1.683 ((-2.999986434 0 0)(0 0 -0)))
(1.684 ((-2.999986434 0 0)(0 0 -0)))
(1.685 ((-2.999986434 0 0)(0 0 -0)))
(1.686 ((-2.999986434 0 0)(0 0 -0)))
(1.687 ((-2.999986434 0 0)(0 0 -0)))
(1.688 ((-2.999986434 0 0)(0 0 -0)))
(1.689 ((-2.999986434 0 0)(0 0 -0)))
(1.69 ((-2.999986434 0 0)(0 0 -0)))
(1.691 ((-2.999986434 0 0)(0 0 -0)))
(1.692 ((-2.999986434 0 0)(0 0 -0)))
(1.693 ((-2.999986434 0 0)(0 0 -0)))
(1.694 ((-2.999986434 0 0)(0 0 -0)))
(1.695 ((-2.999986434 0 0)(0 0 -0)))
(1.696 ((-2.999986434 0 0)(0 0 -0)))
(1.697 ((-2.999986434 0 0)(0 0 -0)))
(1.698 ((-2.999986434 0 0)(0 0 -0)))
(1.699 ((-2.999986434 0 0)(0 0 -0)))
(1.7 ((-2.999986434 0 0)(0 0 -0)))
(1.701 ((-2.999986434 0 0)(0 0 -0)))
(1.702 ((-2.999986434 0 0)(0 0 -0)))
(1.703 ((-2.999986434 0 0)(0 0 -0)))
(1.704 ((-2.999986434 0 0)(0 0 -0)))
(1.705 ((-2.999986434 0 0)(0 0 -0)))
(1.706 ((-2.999986434 0 0)(0 0 -0)))
(1.707 ((-2.999986434 0 0)(0 0 -0)))
(1.708 ((-2.999986434 0 0)(0 0 -0)))
(1.709 ((-2.999986434 0 0)(0 0 -0)))
(1.71 ((-2.999986434 0 0)(0 0 -0)))
(1.711 ((-2.999986434 0 0)(0 0 -0)))
(1.712 ((-2.999986434 0 0)(0 0 -0)))
(1.713 ((-2.999986434 0 0)(0 0 -0)))
(1.714 ((-2.999986434 0 0)(0 0 -0)))
(1.715 ((-2.999986434 0 0)(0 0 -0)))
(1.716 ((-2.999986434 0 0)(0 0 -0)))
(1.717 ((-2.999986434 0 0)(0 0 -0)))
(1.718 ((-2.999986434 0 0)(0 0 -0)))
(1.719 ((-2.999986434 0 0)(0 0 -0)))
(1.72 ((-2.999986434 0 0)(0 0 -0)))
(1.721 ((-2.999986434 0 0)(0 0 -0)))
(1.722 ((-2.999986434 0 0)(0 0 -0)))
(1.723 ((-2.999986434 0 0)(0 0 -0)))
(1.724 ((-2.999986434 0 0)(0 0 -0)))
(1.725 ((-2.999986434 0 0)(0 0 -0)))
(1.726 ((-2.999986434 0 0)(0 0 -0)))
(1.727 ((-2.999986434 0 0)(0 0 -0)))
(1.728 ((-2.999986434 0 0)(0 0 -0)))
(1.729 ((-2.999986434 0 0)(0 0 -0)))
(1.73 ((-2.999986434 0 0)(0 0 -0)))
(1.731 ((-2.999986434 0 0)(0 0 -0)))
(1.732 ((-2.999986434 0 0)(0 0 -0)))
(1.733 ((-2.999986434 0 0)(0 0 -0)))
(1.734 ((-2.999986434 0 0)(0 0 -0)))
(1.735 ((-2.999986434 0 0)(0 0 -0)))
(1.736 ((-2.999986434 0 0)(0 0 -0)))
(1.737 ((-2.999986434 0 0)(0 0 -0)))
(1.738 ((-2.999986434 0 0)(0 0 -0)))
(1.739 ((-2.999986434 0 0)(0 0 -0)))
(1.74 ((-2.999986434 0 0)(0 0 -0)))
(1.741 ((-2.999986434 0 0)(0 0 -0)))
(1.742 ((-2.999986434 0 0)(0 0 -0)))
(1.743 ((-2.999986434 0 0)(0 0 -0)))
(1.744 ((-2.999986434 0 0)(0 0 -0)))
(1.745 ((-2.999986434 0 0)(0 0 -0)))
(1.746 ((-2.999986434 0 0)(0 0 -0)))
(1.747 ((-2.999986434 0 0)(0 0 -0)))
(1.748 ((-2.999986434 0 0)(0 0 -0)))
(1.749 ((-2.999986434 0 0)(0 0 -0)))
(1.75 ((-2.999986434 0 0)(0 0 -0)))
(1.751 ((-2.999986434 0 0)(0 0 -0)))
(1.752 ((-2.999986434 0 0)(0 0 -0)))
(1.753 ((-2.999986434 0 0)(0 0 -0)))
(1.754 ((-2.999986434 0 0)(0 0 -0)))
(1.755 ((-2.999986434 0 0)(0 0 -0)))
(1.756 ((-2.999986434 0 0)(0 0 -0)))
(1.757 ((-2.999986434 0 0)(0 0 -0)))
(1.758 ((-2.999986434 0 0)(0 0 -0)))
(1.759 ((-2.999986434 0 0)(0 0 -0)))
(1.76 ((-2.999986434 0 0)(0 0 -0)))
(1.761 ((-2.999986434 0 0)(0 0 -0)))
(1.762 ((-2.999986434 0 0)(0 0 -0)))
(1.763 ((-2.999986434 0 0)(0 0 -0)))
(1.764 ((-2.999986434 0 0)(0 0 -0)))
(1.765 ((-2.999986434 0 0)(0 0 -0)))
(1.766 ((-2.999986434 0 0)(0 0 -0)))
(1.767 ((-2.999986434 0 0)(0 0 -0)))
(1.768 ((-2.999986434 0 0)(0 0 -0)))
(1.769 ((-2.999986434 0 0)(0 0 -0)))
(1.77 ((-2.999986434 0 0)(0 0 -0)))
(1.771 ((-2.999986434 0 0)(0 0 -0)))
(1.772 ((-2.999986434 0 0)(0 0 -0)))
(1.773 ((-2.999986434 0 0)(0 0 -0)))
(1.774 ((-2.999986434 0 0)(0 0 -0)))
(1.775 ((-2.999986434 0 0)(0 0 -0)))
(1.776 ((-2.999986434 0 0)(0 0 -0)))
(1.777 ((-2.999986434 0 0)(0 0 -0)))
(1.778 ((-2.999986434 0 0)(0 0 -0)))
(1.779 ((-2.999986434 0 0)(0 0 -0)))
(1.78 ((-2.999986434 0 0)(0 0 -0)))
(1.781 ((-2.999986434 0 0)(0 0 -0)))
(1.782 ((-2.999986434 0 0)(0 0 -0)))
(1.783 ((-2.999986434 0 0)(0 0 -0)))
(1.784 ((-2.999986434 0 0)(0 0 -0)))
(1.785 ((-2.999986434 0 0)(0 0 -0)))
(1.786 ((-2.999986434 0 0)(0 0 -0)))
(1.787 ((-2.999986434 0 0)(0 0 -0)))
(1.788 ((-2.999986434 0 0)(0 0 -0)))
(1.789 ((-2.999986434 0 0)(0 0 -0)))
(1.79 ((-2.999986434 0 0)(0 0 -0)))
(1.791 ((-2.999986434 0 0)(0 0 -0)))
(1.792 ((-2.999986434 0 0)(0 0 -0)))
(1.793 ((-2.999986434 0 0)(0 0 -0)))
(1.794 ((-2.999986434 0 0)(0 0 -0)))
(1.795 ((-2.999986434 0 0)(0 0 -0)))
(1.796 ((-2.999986434 0 0)(0 0 -0)))
(1.797 ((-2.999986434 0 0)(0 0 -0)))
(1.798 ((-2.999986434 0 0)(0 0 -0)))
(1.799 ((-2.999986434 0 0)(0 0 -0)))
(1.8 ((-2.999986434 0 0)(0 0 -0)))
(1.801 ((-2.999986434 0 0)(0 0 -0)))
(1.802 ((-2.999986434 0 0)(0 0 -0)))
(1.803 ((-2.999986434 0 0)(0 0 -0)))
(1.804 ((-2.999986434 0 0)(0 0 -0)))
(1.805 ((-2.999986434 0 0)(0 0 -0)))
(1.806 ((-2.999986434 0 0)(0 0 -0)))
(1.807 ((-2.999986434 0 0)(0 0 -0)))
(1.808 ((-2.999986434 0 0)(0 0 -0)))
(1.809 ((-2.999986434 0 0)(0 0 -0)))
(1.81 ((-2.999986434 0 0)(0 0 -0)))
(1.811 ((-2.999986434 0 0)(0 0 -0)))
(1.812 ((-2.999986434 0 0)(0 0 -0)))
(1.813 ((-2.999986434 0 0)(0 0 -0)))
(1.814 ((-2.999986434 0 0)(0 0 -0)))
(1.815 ((-2.999986434 0 0)(0 0 -0)))
(1.816 ((-2.999986434 0 0)(0 0 -0)))
(1.817 ((-2.999986434 0 0)(0 0 -0)))
(1.818 ((-2.999986434 0 0)(0 0 -0)))
(1.819 ((-2.999986434 0 0)(0 0 -0)))
(1.82 ((-2.999986434 0 0)(0 0 -0)))
(1.821 ((-2.999986434 0 0)(0 0 -0)))
(1.822 ((-2.999986434 0 0)(0 0 -0)))
(1.823 ((-2.999986434 0 0)(0 0 -0)))
(1.824 ((-2.999986434 0 0)(0 0 -0)))
(1.825 ((-2.999986434 0 0)(0 0 -0)))
(1.826 ((-2.999986434 0 0)(0 0 -0)))
(1.827 ((-2.999986434 0 0)(0 0 -0)))
(1.828 ((-2.999986434 0 0)(0 0 -0)))
(1.829 ((-2.999986434 0 0)(0 0 -0)))
(1.83 ((-2.999986434 0 0)(0 0 -0)))
(1.831 ((-2.999986434 0 0)(0 0 -0)))
(1.832 ((-2.999986434 0 0)(0 0 -0)))
(1.833 ((-2.999986434 0 0)(0 0 -0)))
(1.834 ((-2.999986434 0 0)(0 0 -0)))
(1.835 ((-2.999986434 0 0)(0 0 -0)))
(1.836 ((-2.999986434 0 0)(0 0 -0)))
(1.837 ((-2.999986434 0 0)(0 0 -0)))
(1.838 ((-2.999986434 0 0)(0 0 -0)))
(1.839 ((-2.999986434 0 0)(0 0 -0)))
(1.84 ((-2.999986434 0 0)(0 0 -0)))
(1.841 ((-2.999986434 0 0)(0 0 -0)))
(1.842 ((-2.999986434 0 0)(0 0 -0)))
(1.843 ((-2.999986434 0 0)(0 0 -0)))
(1.844 ((-2.999986434 0 0)(0 0 -0)))
(1.845 ((-2.999986434 0 0)(0 0 -0)))
(1.846 ((-2.999986434 0 0)(0 0 -0)))
(1.847 ((-2.999986434 0 0)(0 0 -0)))
(1.848 ((-2.999986434 0 0)(0 0 -0)))
(1.849 ((-2.999986434 0 0)(0 0 -0)))
(1.85 ((-2.999986434 0 0)(0 0 -0)))
(1.851 ((-2.999986434 0 0)(0 0 -0)))
(1.852 ((-2.999986434 0 0)(0 0 -0)))
(1.853 ((-2.999986434 0 0)(0 0 -0)))
(1.854 ((-2.999986434 0 0)(0 0 -0)))
(1.855 ((-2.999986434 0 0)(0 0 -0)))
(1.856 ((-2.999986434 0 0)(0 0 -0)))
(1.857 ((-2.999986434 0 0)(0 0 -0)))
(1.858 ((-2.999986434 0 0)(0 0 -0)))
(1.859 ((-2.999986434 0 0)(0 0 -0)))
(1.86 ((-2.999986434 0 0)(0 0 -0)))
(1.861 ((-2.999986434 0 0)(0 0 -0)))
(1.862 ((-2.999986434 0 0)(0 0 -0)))
(1.863 ((-2.999986434 0 0)(0 0 -0)))
(1.864 ((-2.999986434 0 0)(0 0 -0)))
(1.865 ((-2.999986434 0 0)(0 0 -0)))
(1.866 ((-2.999986434 0 0)(0 0 -0)))
(1.867 ((-2.999986434 0 0)(0 0 -0)))
(1.868 ((-2.999986434 0 0)(0 0 -0)))
(1.869 ((-2.999986434 0 0)(0 0 -0)))
(1.87 ((-2.999986434 0 0)(0 0 -0)))
(1.871 ((-2.999986434 0 0)(0 0 -0)))
(1.872 ((-2.999986434 0 0)(0 0 -0)))
(1.873 ((-2.999986434 0 0)(0 0 -0)))
(1.874 ((-2.999986434 0 0)(0 0 -0)))
(1.875 ((-2.999986434 0 0)(0 0 -0)))
(1.876 ((-2.999986434 0 0)(0 0 -0)))
(1.877 ((-2.999986434 0 0)(0 0 -0)))
(1.878 ((-2.999986434 0 0)(0 0 -0)))
(1.879 ((-2.999986434 0 0)(0 0 -0)))
(1.88 ((-2.999986434 0 0)(0 0 -0)))
(1.881 ((-2.999986434 0 0)(0 0 -0)))
(1.882 ((-2.999986434 0 0)(0 0 -0)))
(1.883 ((-2.999986434 0 0)(0 0 -0)))
(1.884 ((-2.999986434 0 0)(0 0 -0)))
(1.885 ((-2.999986434 0 0)(0 0 -0)))
(1.886 ((-2.999986434 0 0)(0 0 -0)))
(1.887 ((-2.999986434 0 0)(0 0 -0)))
(1.888 ((-2.999986434 0 0)(0 0 -0)))
(1.889 ((-2.999986434 0 0)(0 0 -0)))
(1.89 ((-2.999986434 0 0)(0 0 -0)))
(1.891 ((-2.999986434 0 0)(0 0 -0)))
(1.892 ((-2.999986434 0 0)(0 0 -0)))
(1.893 ((-2.999986434 0 0)(0 0 -0)))
(1.894 ((-2.999986434 0 0)(0 0 -0)))
(1.895 ((-2.999986434 0 0)(0 0 -0)))
(1.896 ((-2.999986434 0 0)(0 0 -0)))
(1.897 ((-2.999986434 0 0)(0 0 -0)))
(1.898 ((-2.999986434 0 0)(0 0 -0)))
(1.899 ((-2.999986434 0 0)(0 0 -0)))
(1.9 ((-2.999986434 0 0)(0 0 -0)))
(1.901 ((-2.999986434 0 0)(0 0 -0)))
(1.902 ((-2.999986434 0 0)(0 0 -0)))
(1.903 ((-2.999986434 0 0)(0 0 -0)))
(1.904 ((-2.999986434 0 0)(0 0 -0)))
(1.905 ((-2.999986434 0 0)(0 0 -0)))
(1.906 ((-2.999986434 0 0)(0 0 -0)))
(1.907 ((-2.999986434 0 0)(0 0 -0)))
(1.908 ((-2.999986434 0 0)(0 0 -0)))
(1.909 ((-2.999986434 0 0)(0 0 -0)))
(1.91 ((-2.999986434 0 0)(0 0 -0)))
(1.911 ((-2.999986434 0 0)(0 0 -0)))
(1.912 ((-2.999986434 0 0)(0 0 -0)))
(1.913 ((-2.999986434 0 0)(0 0 -0)))
(1.914 ((-2.999986434 0 0)(0 0 -0)))
(1.915 ((-2.999986434 0 0)(0 0 -0)))
(1.916 ((-2.999986434 0 0)(0 0 -0)))
(1.917 ((-2.999986434 0 0)(0 0 -0)))
(1.918 ((-2.999986434 0 0)(0 0 -0)))
(1.919 ((-2.999986434 0 0)(0 0 -0)))
(1.92 ((-2.999986434 0 0)(0 0 -0)))
(1.921 ((-2.999986434 0 0)(0 0 -0)))
(1.922 ((-2.999986434 0 0)(0 0 -0)))
(1.923 ((-2.999986434 0 0)(0 0 -0)))
(1.924 ((-2.999986434 0 0)(0 0 -0)))
(1.925 ((-2.999986434 0 0)(0 0 -0)))
(1.926 ((-2.999986434 0 0)(0 0 -0)))
(1.927 ((-2.999986434 0 0)(0 0 -0)))
(1.928 ((-2.999986434 0 0)(0 0 -0)))
(1.929 ((-2.999986434 0 0)(0 0 -0)))
(1.93 ((-2.999986434 0 0)(0 0 -0)))
(1.931 ((-2.999986434 0 0)(0 0 -0)))
(1.932 ((-2.999986434 0 0)(0 0 -0)))
(1.933 ((-2.999986434 0 0)(0 0 -0)))
(1.934 ((-2.999986434 0 0)(0 0 -0)))
(1.935 ((-2.999986434 0 0)(0 0 -0)))
(1.936 ((-2.999986434 0 0)(0 0 -0)))
(1.937 ((-2.999986434 0 0)(0 0 -0)))
(1.938 ((-2.999986434 0 0)(0 0 -0)))
(1.939 ((-2.999986434 0 0)(0 0 -0)))
(1.94 ((-2.999986434 0 0)(0 0 -0)))
(1.941 ((-2.999986434 0 0)(0 0 -0)))
(1.942 ((-2.999986434 0 0)(0 0 -0)))
(1.943 ((-2.999986434 0 0)(0 0 -0)))
(1.944 ((-2.999986434 0 0)(0 0 -0)))
(1.945 ((-2.999986434 0 0)(0 0 -0)))
(1.946 ((-2.999986434 0 0)(0 0 -0)))
(1.947 ((-2.999986434 0 0)(0 0 -0)))
(1.948 ((-2.999986434 0 0)(0 0 -0)))
(1.949 ((-2.999986434 0 0)(0 0 -0)))
(1.95 ((-2.999986434 0 0)(0 0 -0)))
(1.951 ((-2.999986434 0 0)(0 0 -0)))
(1.952 ((-2.999986434 0 0)(0 0 -0)))
(1.953 ((-2.999986434 0 0)(0 0 -0)))
(1.954 ((-2.999986434 0 0)(0 0 -0)))
(1.955 ((-2.999986434 0 0)(0 0 -0)))
(1.956 ((-2.999986434 0 0)(0 0 -0)))
(1.957 ((-2.999986434 0 0)(0 0 -0)))
(1.958 ((-2.999986434 0 0)(0 0 -0)))
(1.959 ((-2.999986434 0 0)(0 0 -0)))
(1.96 ((-2.999986434 0 0)(0 0 -0)))
(1.961 ((-2.999986434 0 0)(0 0 -0)))
(1.962 ((-2.999986434 0 0)(0 0 -0)))
(1.963 ((-2.999986434 0 0)(0 0 -0)))
(1.964 ((-2.999986434 0 0)(0 0 -0)))
(1.965 ((-2.999986434 0 0)(0 0 -0)))
(1.966 ((-2.999986434 0 0)(0 0 -0)))
(1.967 ((-2.999986434 0 0)(0 0 -0)))
(1.968 ((-2.999986434 0 0)(0 0 -0)))
(1.969 ((-2.999986434 0 0)(0 0 -0)))
(1.97 ((-2.999986434 0 0)(0 0 -0)))
(1.971 ((-2.999986434 0 0)(0 0 -0)))
(1.972 ((-2.999986434 0 0)(0 0 -0)))
(1.973 ((-2.999986434 0 0)(0 0 -0)))
(1.974 ((-2.999986434 0 0)(0 0 -0)))
(1.975 ((-2.999986434 0 0)(0 0 -0)))
(1.976 ((-2.999986434 0 0)(0 0 -0)))
(1.977 ((-2.999986434 0 0)(0 0 -0)))
(1.978 ((-2.999986434 0 0)(0 0 -0)))
(1.979 ((-2.999986434 0 0)(0 0 -0)))
(1.98 ((-2.999986434 0 0)(0 0 -0)))
(1.981 ((-2.999986434 0 0)(0 0 -0)))
(1.982 ((-2.999986434 0 0)(0 0 -0)))
(1.983 ((-2.999986434 0 0)(0 0 -0)))
(1.984 ((-2.999986434 0 0)(0 0 -0)))
(1.985 ((-2.999986434 0 0)(0 0 -0)))
(1.986 ((-2.999986434 0 0)(0 0 -0)))
(1.987 ((-2.999986434 0 0)(0 0 -0)))
(1.988 ((-2.999986434 0 0)(0 0 -0)))
(1.989 ((-2.999986434 0 0)(0 0 -0)))
(1.99 ((-2.999986434 0 0)(0 0 -0)))
(1.991 ((-2.999986434 0 0)(0 0 -0)))
(1.992 ((-2.999986434 0 0)(0 0 -0)))
(1.993 ((-2.999986434 0 0)(0 0 -0)))
(1.994 ((-2.999986434 0 0)(0 0 -0)))
(1.995 ((-2.999986434 0 0)(0 0 -0)))
(1.996 ((-2.999986434 0 0)(0 0 -0)))
(1.997 ((-2.999986434 0 0)(0 0 -0)))
(1.998 ((-2.999986434 0 0)(0 0 -0)))
(1.999 ((-2.999986434 0 0)(0 0 -0)))
(2 ((-2.999986434 0 0)(0 0 -0)))
(2.001 ((-2.999986434 0 0)(0 0 -0)))
(2.002 ((-2.999986434 0 0)(0 0 -0)))
(2.003 ((-2.999986434 0 0)(0 0 -0)))
(2.004 ((-2.999986434 0 0)(0 0 -0)))
(2.005 ((-2.999986434 0 0)(0 0 -0)))
(2.006 ((-2.999986434 0 0)(0 0 -0)))
(2.007 ((-2.999986434 0 0)(0 0 -0)))
(2.008 ((-2.999986434 0 0)(0 0 -0)))
(2.009 ((-2.999986434 0 0)(0 0 -0)))
(2.01 ((-2.999986434 0 0)(0 0 -0)))
(2.011 ((-2.999986434 0 0)(0 0 -0)))
(2.012 ((-2.999986434 0 0)(0 0 -0)))
(2.013 ((-2.999986434 0 0)(0 0 -0)))
(2.014 ((-2.999986434 0 0)(0 0 -0)))
(2.015 ((-2.999986434 0 0)(0 0 -0)))
(2.016 ((-2.999986434 0 0)(0 0 -0)))
(2.017 ((-2.999986434 0 0)(0 0 -0)))
(2.018 ((-2.999986434 0 0)(0 0 -0)))
(2.019 ((-2.999986434 0 0)(0 0 -0)))
(2.02 ((-2.999986434 0 0)(0 0 -0)))
(2.021 ((-2.999986434 0 0)(0 0 -0)))
(2.022 ((-2.999986434 0 0)(0 0 -0)))
(2.023 ((-2.999986434 0 0)(0 0 -0)))
(2.024 ((-2.999986434 0 0)(0 0 -0)))
(2.025 ((-2.999986434 0 0)(0 0 -0)))
(2.026 ((-2.999986434 0 0)(0 0 -0)))
(2.027 ((-2.999986434 0 0)(0 0 -0)))
(2.028 ((-2.999986434 0 0)(0 0 -0)))
(2.029 ((-2.999986434 0 0)(0 0 -0)))
(2.03 ((-2.999986434 0 0)(0 0 -0)))
(2.031 ((-2.999986434 0 0)(0 0 -0)))
(2.032 ((-2.999986434 0 0)(0 0 -0)))
(2.033 ((-2.999986434 0 0)(0 0 -0)))
(2.034 ((-2.999986434 0 0)(0 0 -0)))
(2.035 ((-2.999986434 0 0)(0 0 -0)))
(2.036 ((-2.999986434 0 0)(0 0 -0)))
(2.037 ((-2.999986434 0 0)(0 0 -0)))
(2.038 ((-2.999986434 0 0)(0 0 -0)))
(2.039 ((-2.999986434 0 0)(0 0 -0)))
(2.04 ((-2.999986434 0 0)(0 0 -0)))
(2.041 ((-2.999986434 0 0)(0 0 -0)))
(2.042 ((-2.999986434 0 0)(0 0 -0)))
(2.043 ((-2.999986434 0 0)(0 0 -0)))
(2.044 ((-2.999986434 0 0)(0 0 -0)))
(2.045 ((-2.999986434 0 0)(0 0 -0)))
(2.046 ((-2.999986434 0 0)(0 0 -0)))
(2.047 ((-2.999986434 0 0)(0 0 -0)))
(2.048 ((-2.999986434 0 0)(0 0 -0)))
(2.049 ((-2.999986434 0 0)(0 0 -0)))
(2.05 ((-2.999986434 0 0)(0 0 -0)))
(2.051 ((-2.999986434 0 0)(0 0 -0)))
(2.052 ((-2.999986434 0 0)(0 0 -0)))
(2.053 ((-2.999986434 0 0)(0 0 -0)))
(2.054 ((-2.999986434 0 0)(0 0 -0)))
(2.055 ((-2.999986434 0 0)(0 0 -0)))
(2.056 ((-2.999986434 0 0)(0 0 -0)))
(2.057 ((-2.999986434 0 0)(0 0 -0)))
(2.058 ((-2.999986434 0 0)(0 0 -0)))
(2.059 ((-2.999986434 0 0)(0 0 -0)))
(2.06 ((-2.999986434 0 0)(0 0 -0)))
(2.061 ((-2.999986434 0 0)(0 0 -0)))
(2.062 ((-2.999986434 0 0)(0 0 -0)))
(2.063 ((-2.999986434 0 0)(0 0 -0)))
(2.064 ((-2.999986434 0 0)(0 0 -0)))
(2.065 ((-2.999986434 0 0)(0 0 -0)))
(2.066 ((-2.999986434 0 0)(0 0 -0)))
(2.067 ((-2.999986434 0 0)(0 0 -0)))
(2.068 ((-2.999986434 0 0)(0 0 -0)))
(2.069 ((-2.999986434 0 0)(0 0 -0)))
(2.07 ((-2.999986434 0 0)(0 0 -0)))
(2.071 ((-2.999986434 0 0)(0 0 -0)))
(2.072 ((-2.999986434 0 0)(0 0 -0)))
(2.073 ((-2.999986434 0 0)(0 0 -0)))
(2.074 ((-2.999986434 0 0)(0 0 -0)))
(2.075 ((-2.999986434 0 0)(0 0 -0)))
(2.076 ((-2.999986434 0 0)(0 0 -0)))
(2.077 ((-2.999986434 0 0)(0 0 -0)))
(2.078 ((-2.999986434 0 0)(0 0 -0)))
(2.079 ((-2.999986434 0 0)(0 0 -0)))
(2.08 ((-2.999986434 0 0)(0 0 -0)))
(2.081 ((-2.999986434 0 0)(0 0 -0)))
(2.082 ((-2.999986434 0 0)(0 0 -0)))
(2.083 ((-2.999986434 0 0)(0 0 -0)))
(2.084 ((-2.999986434 0 0)(0 0 -0)))
(2.085 ((-2.999986434 0 0)(0 0 -0)))
(2.086 ((-2.999986434 0 0)(0 0 -0)))
(2.087 ((-2.999986434 0 0)(0 0 -0)))
(2.088 ((-2.999986434 0 0)(0 0 -0)))
(2.089 ((-2.999986434 0 0)(0 0 -0)))
(2.09 ((-2.999986434 0 0)(0 0 -0)))
(2.091 ((-2.999986434 0 0)(0 0 -0)))
(2.092 ((-2.999986434 0 0)(0 0 -0)))
(2.093 ((-2.999986434 0 0)(0 0 -0)))
(2.094 ((-2.999986434 0 0)(0 0 -0)))
(2.095 ((-2.999986434 0 0)(0 0 -0)))
(2.096 ((-2.999986434 0 0)(0 0 -0)))
(2.097 ((-2.999986434 0 0)(0 0 -0)))
(2.098 ((-2.999986434 0 0)(0 0 -0)))
(2.099 ((-2.999986434 0 0)(0 0 -0)))
)
