2100
(
(0 ((-0 0 0)(0 0 -0)))
(0.001 ((-5.9740241e-06 0 0)(0 0 -2.5589641e-16)))
(0.002 ((-1.3254354e-05 0 0)(0 0 1.9737298e-16)))
(0.003 ((-2.2122761e-05 0 0)(0 0 1.2048919e-16)))
(0.004 ((-3.2919305e-05 0 0)(0 0 1.227847e-16)))
(0.005 ((-4.605403e-05 0 0)(0 0 1.9048644e-16)))
(0.006 ((-6.2019838e-05 0 0)(0 0 -2.3064576e-16)))
(0.007 ((-8.1407295e-05 0 0)(0 0 -9.411605e-17)))
(0.008 ((-0.00010492114 0 0)(0 0 -5.1516217e-16)))
(0.009 ((-0.00013339835 0 0)(0 0 -4.4780477e-16)))
(0.01 ((-0.00016782736 0 0)(0 0 -4.4421798e-16)))
(0.011 ((-0.00020936764 0 0)(0 0 -5.2592255e-16)))
(0.012 ((-0.00025936873 0 0)(0 0 -5.4661322e-17)))
(0.013 ((-0.00031938713 0 0)(0 0 -5.2573403e-16)))
(0.014 ((-0.00039119932 0 0)(0 0 -4.4497205e-16)))
(0.015 ((-0.00047680873 0 0)(0 0 -4.4497701e-16)))
(0.016 ((-0.00057844458 0 0)(0 0 -5.2571915e-16)))
(0.017 ((-0.00069855043 0 0)(0 0 -5.4715892e-17)))
(0.018 ((-0.00083976138 0 0)(0 0 -5.2571915e-16)))
(0.019 ((-0.0010048694 0 0)(0 0 -4.4497701e-16)))
(0.02 ((-0.0011967778 0 0)(0 0 -4.4497205e-16)))
(0.021 ((-0.0014184482 0 0)(0 0 -5.2573403e-16)))
(0.022 ((-0.0016728419 0 0)(0 0 -5.4661334e-17)))
(0.023 ((-0.0019628624 0 0)(0 0 -5.259225e-16)))
(0.024 ((-0.0022913016 0 0)(0 0 -4.4421816e-16)))
(0.025 ((-0.0026607946 0 0)(0 0 -4.478041e-16)))
(0.026 ((-0.0030737849 0 0)(0 0 -5.1516467e-16)))
(0.027 ((-0.0035325019 0 0)(0 0 -9.4106718e-17)))
(0.028 ((-0.0040389489 0 0)(0 0 -2.3068059e-16)))
(0.029 ((-0.0045949023 0 0)(0 0 1.9061642e-16)))
(0.03 ((-0.0052019188 0 0)(0 0 1.222996e-16)))
(0.031 ((-0.0058613478 0 0)(0 0 1.222996e-16)))
(0.032 ((-0.0065743488 0 0)(0 0 1.9061642e-16)))
(0.033 ((-0.0073419103 0 0)(0 0 -2.3068059e-16)))
(0.034 ((-0.0081648692 0 0)(0 0 -9.4106718e-17)))
(0.035 ((-0.0090439302 0 0)(0 0 -5.1516467e-16)))
(0.036 ((-0.009979684 0 0)(0 0 -4.478041e-16)))
(0.037 ((-0.010972623 0 0)(0 0 -4.4421816e-16)))
(0.038 ((-0.012023158 0 0)(0 0 -5.259225e-16)))
(0.039 ((-0.013131629 0 0)(0 0 -5.4661335e-17)))
(0.04 ((-0.014298317 0 0)(0 0 -5.2573403e-16)))
(0.041 ((-0.015523455 0 0)(0 0 -4.4497205e-16)))
(0.042 ((-0.016807235 0 0)(0 0 -4.44977e-16)))
(0.043 ((-0.018149814 0 0)(0 0 -5.2571917e-16)))
(0.044 ((-0.019551323 0 0)(0 0 -5.4715817e-17)))
(0.045 ((-0.021011868 0 0)(0 0 -5.2571943e-16)))
(0.046 ((-0.022531537 0 0)(0 0 -4.4497596e-16)))
(0.047 ((-0.024110402 0 0)(0 0 -4.4497596e-16)))
(0.048 ((-0.025748523 0 0)(0 0 -5.2571944e-16)))
(0.049 ((-0.027445947 0 0)(0 0 -5.4715762e-17)))
(0.05 ((-0.029202715 0 0)(0 0 -5.2571937e-16)))
(0.051 ((-0.031018859 0 0)(0 0 -4.4497624e-16)))
(0.052 ((-0.032894406 0 0)(0 0 -4.4497491e-16)))
(0.053 ((-0.034829378 0 0)(0 0 -5.2572334e-16)))
(0.054 ((-0.036823792 0 0)(0 0 -5.4701219e-17)))
(0.055 ((-0.038877664 0 0)(0 0 -5.2577365e-16)))
(0.056 ((-0.040991005 0 0)(0 0 -4.4477367e-16)))
(0.057 ((-0.043163825 0 0)(0 0 -4.457309e-16)))
(0.058 ((-0.045396133 0 0)(0 0 -5.2290198e-16)))
(0.059 ((-0.047687934 0 0)(0 0 -6.5230695e-17)))
(0.06 ((-0.050039235 0 0)(0 0 -4.8647711e-16)))
(0.061 ((-0.05245004 0 0)(0 0 -7.3946009e-16)))
(0.062 ((-0.054920352 0 0)(0 0 -1.0826386e-15)))
(0.063 ((-0.057450175 0 0)(0 0 -1.0852686e-15)))
(0.064 ((-0.06003951 0 0)(0 0 -7.3156997e-16)))
(0.065 ((-0.06268836 0 0)(0 0 -5.1540754e-16)))
(0.066 ((-0.065396727 0 0)(0 0 1.9063065e-16)))
(0.067 ((-0.068164611 0 0)(0 0 4.0696965e-16)))
(0.068 ((-0.070992014 0 0)(0 0 7.5996202e-16)))
(0.069 ((-0.073878937 0 0)(0 0 7.5998064e-16)))
(0.07 ((-0.07682538 0 0)(0 0 4.0691381e-16)))
(0.071 ((-0.079831345 0 0)(0 0 1.9083539e-16)))
(0.072 ((-0.08289683 0 0)(0 0 -5.1617068e-16)))
(0.073 ((-0.086021838 0 0)(0 0 -7.2872217e-16)))
(0.074 ((-0.089206368 0 0)(0 0 -1.0958967e-15)))
(0.075 ((-0.092450421 0 0)(0 0 -1.0429742e-15)))
(0.076 ((-0.095753996 0 0)(0 0 -1.0355196e-15)))
(0.077 ((-0.099117094 0 0)(0 0 -1.1182605e-15)))
(0.078 ((-0.10253971 0 0)(0 0 -6.4672166e-16)))
(0.079 ((-0.10602186 0 0)(0 0 -1.1178684e-15)))
(0.08 ((-0.10956353 0 0)(0 0 -1.0370878e-15)))
(0.081 ((-0.11316472 0 0)(0 0 -1.0370932e-15)))
(0.082 ((-0.11682543 0 0)(0 0 -1.1178524e-15)))
(0.083 ((-0.12054567 0 0)(0 0 -6.4678044e-16)))
(0.084 ((-0.12432542 0 0)(0 0 -1.1180414e-15)))
(0.085 ((-0.12816471 0 0)(0 0 -1.0363371e-15)))
(0.086 ((-0.13206351 0 0)(0 0 -1.039923e-15)))
(0.087 ((-0.13602184 0 0)(0 0 -1.1072836e-15)))
(0.088 ((-0.14003969 0 0)(0 0 -6.8622566e-16)))
(0.089 ((-0.14411706 0 0)(0 0 -8.2279954e-16)))
(0.09 ((-0.14825395 0 0)(0 0 -4.0150252e-16)))
(0.091 ((-0.15245037 0 0)(0 0 -4.6981934e-16)))
(0.092 ((-0.1567063 0 0)(0 0 -4.6981936e-16)))
(0.093 ((-0.16102175 0 0)(0 0 -4.0150245e-16)))
(0.094 ((-0.16539673 0 0)(0 0 -8.2279982e-16)))
(0.095 ((-0.16983122 0 0)(0 0 -6.8622461e-16)))
(0.096 ((-0.17432522 0 0)(0 0 -1.1072875e-15)))
(0.097 ((-0.17887875 0 0)(0 0 -1.0399084e-15)))
(0.098 ((-0.18349178 0 0)(0 0 -1.0363918e-15)))
(0.099 ((-0.18816433 0 0)(0 0 -1.1178373e-15)))
(0.1 ((-0.19289638 0 0)(0 0 -6.4754229e-16)))
(0.101 ((-0.19768793 0 0)(0 0 -1.1150091e-15)))
(0.102 ((-0.20253899 0 0)(0 0 -1.0477044e-15)))
(0.103 ((-0.20744954 0 0)(0 0 -9.9748621e-16)))
(0.104 ((-0.21241958 0 0)(0 0 -1.4136934e-15)))
(0.105 ((-0.21744909 0 0)(0 0 -1.2793802e-15)))
(0.106 ((-0.22253808 0 0)(0 0 -1.6964854e-15)))
(0.107 ((-0.22768652 0 0)(0 0 -1.642675e-15)))
(0.108 ((-0.23289441 0 0)(0 0 -1.588841e-15)))
(0.109 ((-0.23816172 0 0)(0 0 -2.0060171e-15)))
(0.11 ((-0.24348843 0 0)(0 0 -1.8714443e-15)))
(0.111 ((-0.24887452 0 0)(0 0 -2.2886191e-15)))
(0.112 ((-0.25431995 0 0)(0 0 -2.23479e-15)))
(0.113 ((-0.25982469 0 0)(0 0 -2.1809611e-15)))
(0.114 ((-0.26538868 0 0)(0 0 -2.5981357e-15)))
(0.115 ((-0.27101187 0 0)(0 0 -2.4635634e-15)))
(0.116 ((-0.27669418 0 0)(0 0 -2.8807374e-15)))
(0.117 ((-0.28243553 0 0)(0 0 -2.8269112e-15)))
(0.118 ((-0.28823581 0 0)(0 0 -2.7730719e-15)))
(0.119 ((-0.29409488 0 0)(0 0 -3.190285e-15)))
(0.12 ((-0.3000126 0 0)(0 0 -3.0555692e-15)))
(0.121 ((-0.30598877 0 0)(0 0 -3.4732788e-15)))
(0.122 ((-0.31202316 0 0)(0 0 -3.4174534e-15)))
(0.123 ((-0.31811548 0 0)(0 0 -3.3710751e-15)))
(0.124 ((-0.3242654 0 0)(0 0 -3.7604435e-15)))
(0.125 ((-0.3304725 0 0)(0 0 -3.7296457e-15)))
(0.126 ((-0.3367363 0 0)(0 0 -3.4634686e-15)))
(0.127 ((-0.3430562 0 0)(0 0 -2.7826178e-15)))
(0.128 ((-0.34943149 0 0)(0 0 -2.515544e-15)))
(0.129 ((-0.35586135 0 0)(0 0 -2.4883331e-15)))
(0.13 ((-0.36234478 0 0)(0 0 -2.8642505e-15)))
(0.131 ((-0.36888062 0 0)(0 0 -2.868089e-15)))
(0.132 ((-0.37546752 0 0)(0 0 -2.4768175e-15)))
(0.133 ((-0.38210393 0 0)(0 0 -2.5577676e-15)))
(0.134 ((-0.38878807 0 0)(0 0 -2.4772091e-15)))
(0.135 ((-0.39551794 0 0)(0 0 -2.8665229e-15)))
(0.136 ((-0.4022913 0 0)(0 0 -2.8701235e-15)))
(0.137 ((-0.40910572 0 0)(0 0 -2.4664074e-15)))
(0.138 ((-0.41595856 0 0)(0 0 -2.5973737e-15)))
(0.139 ((-0.42284702 0 0)(0 0 -2.1811653e-15)))
(0.14 ((-0.42976821 0 0)(0 0 -2.2347353e-15)))
(0.141 ((-0.43671916 0 0)(0 0 -2.2886337e-15)))
(0.142 ((-0.4436969 0 0)(0 0 -1.8714404e-15)))
(0.143 ((-0.45069855 0 0)(0 0 -2.0060179e-15)))
(0.144 ((-0.4577213 0 0)(0 0 -1.5888418e-15)))
(0.145 ((-0.46476252 0 0)(0 0 -1.6426712e-15)))
(0.146 ((-0.47181977 0 0)(0 0 -1.6965e-15)))
(0.147 ((-0.47889082 0 0)(0 0 -1.2793257e-15)))
(0.148 ((-0.48597365 0 0)(0 0 -1.4138967e-15)))
(0.149 ((-0.49306651 0 0)(0 0 -9.9672739e-16)))
(0.15 ((-0.50016783 0 0)(0 0 -1.0505363e-15)))
(0.151 ((-0.50727626 0 0)(0 0 -1.1044401e-15)))
(0.152 ((-0.51439064 0 0)(0 0 -6.8698626e-16)))
(0.153 ((-0.52150998 0 0)(0 0 -8.2260062e-16)))
(0.154 ((-0.52863345 0 0)(0 0 -4.0153759e-16)))
(0.155 ((-0.53576034 0 0)(0 0 -4.69878e-16)))
(0.156 ((-0.54289006 0 0)(0 0 -4.6954965e-16)))
(0.157 ((-0.55002212 0 0)(0 0 -4.0252265e-16)))
(0.158 ((-0.55715611 0 0)(0 0 -8.1898873e-16)))
(0.159 ((-0.56429169 0 0)(0 0 -7.0044875e-16)))
(0.16 ((-0.57142857 0 0)(0 0 -1.0542021e-15)))
(0.161 ((-0.57856653 0 0)(0 0 -1.3860559e-15)))
(0.162 ((-0.58570537 0 0)(0 0 -1.3332144e-15)))
(0.163 ((-0.59284493 0 0)(0 0 -1.3607565e-15)))
(0.164 ((-0.59998509 0 0)(0 0 -1.3034296e-15)))
(0.165 ((-0.60712574 0 0)(0 0 -1.6532247e-15)))
(0.166 ((-0.61426678 0 0)(0 0 -1.9396984e-15)))
(0.167 ((-0.62140815 0 0)(0 0 -2.2203653e-15)))
(0.168 ((-0.62854979 0 0)(0 0 -2.5875808e-15)))
(0.169 ((-0.63569166 0 0)(0 0 -2.4663789e-15)))
(0.17 ((-0.6428337 0 0)(0 0 -2.8800305e-15)))
(0.171 ((-0.64997589 0 0)(0 0 -2.8269234e-15)))
(0.172 ((-0.6571182 0 0)(0 0 -2.7737299e-15)))
(0.173 ((-0.66426061 0 0)(0 0 -3.1876406e-15)))
(0.174 ((-0.6714031 0 0)(0 0 -3.0654888e-15)))
(0.175 ((-0.67854565 0 0)(0 0 -3.4362446e-15)))
(0.176 ((-0.68568827 0 0)(0 0 -3.7037002e-15)))
(0.177 ((-0.69283092 0 0)(0 0 -4.039479e-15)))
(0.178 ((-0.69997361 0 0)(0 0 -4.0572354e-15)))
(0.179 ((-0.70711634 0 0)(0 0 -3.650431e-15)))
(0.18 ((-0.71425908 0 0)(0 0 -3.779595e-15)))
(0.181 ((-0.72140185 0 0)(0 0 -3.3736838e-15)))
(0.182 ((-0.72854463 0 0)(0 0 -3.3878671e-15)))
(0.183 ((-0.73568743 0 0)(0 0 -3.7370451e-15)))
(0.184 ((-0.74283024 0 0)(0 0 -3.9544771e-15)))
(0.185 ((-0.74997305 0 0)(0 0 -4.6599576e-15)))
(0.186 ((-0.75711588 0 0)(0 0 -4.8772577e-15)))
(0.187 ((-0.76425871 0 0)(0 0 -5.2269633e-15)))
(0.188 ((-0.77140154 0 0)(0 0 -5.2391678e-15)))
(0.189 ((-0.77854438 0 0)(0 0 -4.8406443e-15)))
(0.19 ((-0.78568722 0 0)(0 0 -4.9422366e-15)))
(0.191 ((-0.79283007 0 0)(0 0 -4.6383315e-15)))
(0.192 ((-0.79997291 0 0)(0 0 -3.9760025e-15)))
(0.193 ((-0.80711576 0 0)(0 0 -3.6725695e-15)))
(0.194 ((-0.81425861 0 0)(0 0 -3.7722737e-15)))
(0.195 ((-0.82140146 0 0)(0 0 -3.3808303e-15)))
(0.196 ((-0.82854432 0 0)(0 0 -3.3666023e-15)))
(0.197 ((-0.83568717 0 0)(0 0 -3.8149579e-15)))
(0.198 ((-0.84283003 0 0)(0 0 -3.3680312e-15)))
(0.199 ((-0.84997288 0 0)(0 0 -3.3751148e-15)))
(0.2 ((-0.85711573 0 0)(0 0 -3.7937069e-15)))
(0.201 ((-0.86425859 0 0)(0 0 -3.4445225e-15)))
(0.202 ((-0.87140145 0 0)(0 0 -2.7943409e-15)))
(0.203 ((-0.8785443 0 0)(0 0 -2.4875975e-15)))
(0.204 ((-0.88568716 0 0)(0 0 -2.588396e-15)))
(0.205 ((-0.89283001 0 0)(0 0 -2.195886e-15)))
(0.206 ((-0.89997287 0 0)(0 0 -2.1848301e-15)))
(0.207 ((-0.90711573 0 0)(0 0 -2.6215636e-15)))
(0.208 ((-0.91425858 0 0)(0 0 -2.2179532e-15)))
(0.209 ((-0.92140144 0 0)(0 0 -1.915364e-15)))
(0.21 ((-0.9285443 0 0)(0 0 -1.9010041e-15)))
(0.211 ((-0.93568716 0 0)(0 0 -2.2610329e-15)))
(0.212 ((-0.94283001 0 0)(0 0 -2.3155748e-15)))
(0.213 ((-0.94997287 0 0)(0 0 -1.5893488e-15)))
(0.214 ((-0.95711573 0 0)(0 0 -1.3310862e-15)))
(0.215 ((-0.96425858 0 0)(0 0 -1.3140058e-15)))
(0.216 ((-0.97140144 0 0)(0 0 -1.6405903e-15)))
(0.217 ((-0.9785443 0 0)(0 0 -1.9796598e-15)))
(0.218 ((-0.98568715 0 0)(0 0 -1.9251242e-15)))
(0.219 ((-0.99283001 0 0)(0 0 -1.9522268e-15)))
(0.22 ((-0.99997287 0 0)(0 0 -1.898352e-15)))
(0.221 ((-1.0071157 0 0)(0 0 -2.2347783e-15)))
(0.222 ((-1.0142586 0 0)(0 0 -2.5712749e-15)))
(0.223 ((-1.0214014 0 0)(0 0 -2.5171893e-15)))
(0.224 ((-1.0285443 0 0)(0 0 -2.5450648e-15)))
(0.225 ((-1.0356872 0 0)(0 0 -2.4876486e-15)))
(0.226 ((-1.04283 0 0)(0 0 -2.8374677e-15)))
(0.227 ((-1.0499729 0 0)(0 0 -3.1239347e-15)))
(0.228 ((-1.0571157 0 0)(0 0 -3.4046045e-15)))
(0.229 ((-1.0642586 0 0)(0 0 -3.771815e-15)))
(0.23 ((-1.0714014 0 0)(0 0 -3.6506304e-15)))
(0.231 ((-1.0785443 0 0)(0 0 -4.0642178e-15)))
(0.232 ((-1.0856872 0 0)(0 0 -4.01135e-15)))
(0.233 ((-1.09283 0 0)(0 0 -3.9572635e-15)))
(0.234 ((-1.0999729 0 0)(0 0 -4.3745072e-15)))
(0.235 ((-1.1071157 0 0)(0 0 -4.2399162e-15)))
(0.236 ((-1.1142586 0 0)(0 0 -4.6570959e-15)))
(0.237 ((-1.1214014 0 0)(0 0 -4.6032655e-15)))
(0.238 ((-1.1285443 0 0)(0 0 -4.5494369e-15)))
(0.239 ((-1.1356872 0 0)(0 0 -4.9666115e-15)))
(0.24 ((-1.14283 0 0)(0 0 -4.8320392e-15)))
(0.241 ((-1.1499729 0 0)(0 0 -5.2492132e-15)))
(0.242 ((-1.1571157 0 0)(0 0 -5.195387e-15)))
(0.243 ((-1.1642586 0 0)(0 0 -5.1415477e-15)))
(0.244 ((-1.1714014 0 0)(0 0 -5.5587608e-15)))
(0.245 ((-1.1785443 0 0)(0 0 -5.4240449e-15)))
(0.246 ((-1.1856872 0 0)(0 0 -5.8417547e-15)))
(0.247 ((-1.19283 0 0)(0 0 -5.7859289e-15)))
(0.248 ((-1.1999729 0 0)(0 0 -5.739552e-15)))
(0.249 ((-1.2071157 0 0)(0 0 -6.1289153e-15)))
(0.25 ((-1.2142586 0 0)(0 0 -6.0981361e-15)))
(0.251 ((-1.2214014 0 0)(0 0 -5.8318897e-15)))
(0.252 ((-1.2285443 0 0)(0 0 -5.1512978e-15)))
(0.253 ((-1.2356872 0 0)(0 0 -4.8832577e-15)))
(0.254 ((-1.24283 0 0)(0 0 -4.859653e-15)))
(0.255 ((-1.2499729 0 0)(0 0 -5.2221119e-15)))
(0.256 ((-1.2571157 0 0)(0 0 -5.2761785e-15)))
(0.257 ((-1.2642586 0 0)(0 0 -4.5494234e-15)))
(0.258 ((-1.2714014 0 0)(0 0 -4.2937527e-15)))
(0.259 ((-1.2785443 0 0)(0 0 -4.2668336e-15)))
(0.26 ((-1.2856872 0 0)(0 0 -4.6301806e-15)))
(0.261 ((-1.29283 0 0)(0 0 -4.6840093e-15)))
(0.262 ((-1.2999729 0 0)(0 0 -3.9573179e-15)))
(0.263 ((-1.3071157 0 0)(0 0 -3.7016302e-15)))
(0.264 ((-1.3142586 0 0)(0 0 -3.6747155e-15)))
(0.265 ((-1.3214014 0 0)(0 0 -4.0380619e-15)))
(0.266 ((-1.3285443 0 0)(0 0 -4.0918885e-15)))
(0.267 ((-1.3356872 0 0)(0 0 -3.3652059e-15)))
(0.268 ((-1.34283 0 0)(0 0 -3.1094851e-15)))
(0.269 ((-1.3499729 0 0)(0 0 -3.082694e-15)))
(0.27 ((-1.3571157 0 0)(0 0 -3.4455793e-15)))
(0.271 ((-1.3642586 0 0)(0 0 -3.5011266e-15)))
(0.272 ((-1.3714014 0 0)(0 0 -2.7680225e-15)))
(0.273 ((-1.3785443 0 0)(0 0 -2.536267e-15)))
(0.274 ((-1.3856872 0 0)(0 0 -2.3460214e-15)))
(0.275 ((-1.39283 0 0)(0 0 -2.524596e-15)))
(0.276 ((-1.3999729 0 0)(0 0 -2.7406918e-15)))
(0.277 ((-1.4071157 0 0)(0 0 -2.3638677e-15)))
(0.278 ((-1.4142586 0 0)(0 0 -2.1007559e-15)))
(0.279 ((-1.4214014 0 0)(0 0 -1.7536705e-15)))
(0.28 ((-1.4285443 0 0)(0 0 -1.776797e-15)))
(0.281 ((-1.4356872 0 0)(0 0 -1.9573614e-15)))
(0.282 ((-1.44283 0 0)(0 0 -1.9521258e-15)))
(0.283 ((-1.4499729 0 0)(0 0 -1.7925039e-15)))
(0.284 ((-1.4571157 0 0)(0 0 -1.6220636e-15)))
(0.285 ((-1.4642586 0 0)(0 0 -1.6492831e-15)))
(0.286 ((-1.4714014 0 0)(0 0 -1.6368306e-15)))
(0.287 ((-1.4785443 0 0)(0 0 -1.6594213e-15)))
(0.288 ((-1.4856872 0 0)(0 0 -1.5074961e-15)))
(0.289 ((-1.49283 0 0)(0 0 -1.2784426e-15)))
(0.29 ((-1.4999729 0 0)(0 0 -1.6804481e-15)))
(0.291 ((-1.5071157 0 0)(0 0 -1.7817769e-15)))
(0.292 ((-1.5142586 0 0)(0 0 -1.9366492e-15)))
(0.293 ((-1.5214014 0 0)(0 0 -2.1040095e-15)))
(0.294 ((-1.5285443 0 0)(0 0 -2.0938597e-15)))
(0.295 ((-1.5356872 0 0)(0 0 -1.9670987e-15)))
(0.296 ((-1.54283 0 0)(0 0 -1.596114e-15)))
(0.297 ((-1.5499729 0 0)(0 0 -1.6525015e-15)))
(0.298 ((-1.5571157 0 0)(0 0 -1.6499065e-15)))
(0.299 ((-1.5642586 0 0)(0 0 -1.603899e-15)))
(0.3 ((-1.5714014 0 0)(0 0 -1.9385538e-15)))
(0.301 ((-1.5785443 0 0)(0 0 -2.2742694e-15)))
(0.302 ((-1.5856872 0 0)(0 0 -2.2250792e-15)))
(0.303 ((-1.59283 0 0)(0 0 -2.2341539e-15)))
(0.304 ((-1.5999729 0 0)(0 0 -2.2470454e-15)))
(0.305 ((-1.6071157 0 0)(0 0 -2.11239e-15)))
(0.306 ((-1.6142586 0 0)(0 0 -1.7499417e-15)))
(0.307 ((-1.6214014 0 0)(0 0 -1.7800781e-15)))
(0.308 ((-1.6285443 0 0)(0 0 -1.9479658e-15)))
(0.309 ((-1.6356872 0 0)(0 0 -2.060442e-15)))
(0.31 ((-1.64283 0 0)(0 0 -2.4048429e-15)))
(0.311 ((-1.6499729 0 0)(0 0 -2.5430904e-15)))
(0.312 ((-1.6571157 0 0)(0 0 -2.5338779e-15)))
(0.313 ((-1.6642586 0 0)(0 0 -2.5064951e-15)))
(0.314 ((-1.6714014 0 0)(0 0 -2.6992536e-15)))
(0.315 ((-1.6785443 0 0)(0 0 -2.6957512e-15)))
(0.316 ((-1.6856872 0 0)(0 0 -2.5170021e-15)))
(0.317 ((-1.69283 0 0)(0 0 -2.4213374e-15)))
(0.318 ((-1.6999729 0 0)(0 0 -2.0205521e-15)))
(0.319 ((-1.7071157 0 0)(0 0 -2.2390608e-15)))
(0.32 ((-1.7142586 0 0)(0 0 -2.4319451e-15)))
(0.321 ((-1.7214014 0 0)(0 0 -2.1820479e-15)))
(0.322 ((-1.7285443 0 0)(0 0 -2.3966332e-15)))
(0.323 ((-1.7356872 0 0)(0 0 -2.5283378e-15)))
(0.324 ((-1.74283 0 0)(0 0 -2.6751127e-15)))
(0.325 ((-1.7499729 0 0)(0 0 -2.8444869e-15)))
(0.326 ((-1.7571157 0 0)(0 0 -2.8343786e-15)))
(0.327 ((-1.7642586 0 0)(0 0 -2.7054376e-15)))
(0.328 ((-1.7714014 0 0)(0 0 -2.3431315e-15)))
(0.329 ((-1.7785443 0 0)(0 0 -2.3669848e-15)))
(0.33 ((-1.7856872 0 0)(0 0 -2.5598628e-15)))
(0.331 ((-1.79283 0 0)(0 0 -2.5046462e-15)))
(0.332 ((-1.7999729 0 0)(0 0 -2.6806645e-15)))
(0.333 ((-1.8071157 0 0)(0 0 -2.8459714e-15)))
(0.334 ((-1.8142586 0 0)(0 0 -2.822889e-15)))
(0.335 ((-1.8214014 0 0)(0 0 -2.8239267e-15)))
(0.336 ((-1.8285443 0 0)(0 0 -2.8428581e-15)))
(0.337 ((-1.8356872 0 0)(0 0 -2.6920801e-15)))
(0.338 ((-1.84283 0 0)(0 0 -2.3880821e-15)))
(0.339 ((-1.8499729 0 0)(0 0 -2.05251e-15)))
(0.34 ((-1.8571157 0 0)(0 0 -2.0704693e-15)))
(0.341 ((-1.8642586 0 0)(0 0 -2.2601894e-15)))
(0.342 ((-1.8714014 0 0)(0 0 -2.2234985e-15)))
(0.343 ((-1.8785443 0 0)(0 0 -2.2545569e-15)))
(0.344 ((-1.8856872 0 0)(0 0 -2.0929993e-15)))
(0.345 ((-1.89283 0 0)(0 0 -1.8940079e-15)))
(0.346 ((-1.8999729 0 0)(0 0 -2.1113822e-15)))
(0.347 ((-1.9071157 0 0)(0 0 -2.1070102e-15)))
(0.348 ((-1.9142586 0 0)(0 0 -1.907124e-15)))
(0.349 ((-1.9214014 0 0)(0 0 -1.9708922e-15)))
(0.35 ((-1.9285443 0 0)(0 0 -1.7676758e-15)))
(0.351 ((-1.9356872 0 0)(0 0 -1.7766244e-15)))
(0.352 ((-1.94283 0 0)(0 0 -1.9440464e-15)))
(0.353 ((-1.9499729 0 0)(0 0 -2.0795735e-15)))
(0.354 ((-1.9571157 0 0)(0 0 -2.2582215e-15)))
(0.355 ((-1.9642586 0 0)(0 0 -2.2222661e-15)))
(0.356 ((-1.9714014 0 0)(0 0 -2.2614545e-15)))
(0.357 ((-1.9785443 0 0)(0 0 -2.0666415e-15)))
(0.358 ((-1.9856872 0 0)(0 0 -2.0665563e-15)))
(0.359 ((-1.99283 0 0)(0 0 -2.2617099e-15)))
(0.36 ((-1.9999729 0 0)(0 0 -2.2213296e-15)))
(0.361 ((-2.0071157 0 0)(0 0 -2.2617122e-15)))
(0.362 ((-2.0142586 0 0)(0 0 -2.0665471e-15)))
(0.363 ((-2.0214014 0 0)(0 0 -2.066676e-15)))
(0.364 ((-2.0285443 0 0)(0 0 -2.2613256e-15)))
(0.365 ((-2.0356872 0 0)(0 0 -2.2227469e-15)))
(0.366 ((-2.04283 0 0)(0 0 -2.2564272e-15)))
(0.367 ((-2.0499729 0 0)(0 0 -2.0862699e-15)))
(0.368 ((-2.0571157 0 0)(0 0 -1.919055e-15)))
(0.369 ((-2.0642586 0 0)(0 0 -1.9439082e-15)))
(0.37 ((-2.0714014 0 0)(0 0 -1.9376955e-15)))
(0.371 ((-2.0785443 0 0)(0 0 -1.9376931e-15)))
(0.372 ((-2.0856872 0 0)(0 0 -1.9439156e-15)))
(0.373 ((-2.09283 0 0)(0 0 -1.9190278e-15)))
(0.374 ((-2.0999729 0 0)(0 0 -2.0863714e-15)))
(0.375 ((-2.1071157 0 0)(0 0 -2.2560483e-15)))
(0.376 ((-2.1142586 0 0)(0 0 -2.2241609e-15)))
(0.377 ((-2.1214014 0 0)(0 0 -2.2560483e-15)))
(0.378 ((-2.1285443 0 0)(0 0 -2.0863714e-15)))
(0.379 ((-2.1356872 0 0)(0 0 -1.9190278e-15)))
(0.38 ((-2.14283 0 0)(0 0 -1.9439156e-15)))
(0.381 ((-2.1499729 0 0)(0 0 -1.9376931e-15)))
(0.382 ((-2.1571157 0 0)(0 0 -1.9376955e-15)))
(0.383 ((-2.1642586 0 0)(0 0 -1.9439082e-15)))
(0.384 ((-2.1714014 0 0)(0 0 -1.919055e-15)))
(0.385 ((-2.1785443 0 0)(0 0 -2.0862699e-15)))
(0.386 ((-2.1856872 0 0)(0 0 -2.2564272e-15)))
(0.387 ((-2.19283 0 0)(0 0 -2.2227469e-15)))
(0.388 ((-2.1999729 0 0)(0 0 -2.2613256e-15)))
(0.389 ((-2.2071157 0 0)(0 0 -2.066676e-15)))
(0.39 ((-2.2142586 0 0)(0 0 -2.0665471e-15)))
(0.391 ((-2.2214014 0 0)(0 0 -2.2617124e-15)))
(0.392 ((-2.2285443 0 0)(0 0 -2.2213289e-15)))
(0.393 ((-2.2356872 0 0)(0 0 -2.2617124e-15)))
(0.394 ((-2.24283 0 0)(0 0 -2.0665471e-15)))
(0.395 ((-2.2499729 0 0)(0 0 -2.066676e-15)))
(0.396 ((-2.2571157 0 0)(0 0 -2.2613256e-15)))
(0.397 ((-2.2642586 0 0)(0 0 -2.2227469e-15)))
(0.398 ((-2.2714014 0 0)(0 0 -2.2564272e-15)))
(0.399 ((-2.2785443 0 0)(0 0 -2.0862699e-15)))
(0.4 ((-2.2856872 0 0)(0 0 -1.919055e-15)))
(0.401 ((-2.29283 0 0)(0 0 -1.9439082e-15)))
(0.402 ((-2.2999729 0 0)(0 0 -1.9376955e-15)))
(0.403 ((-2.3071157 0 0)(0 0 -1.937693e-15)))
(0.404 ((-2.3142586 0 0)(0 0 -1.9439158e-15)))
(0.405 ((-2.3214014 0 0)(0 0 -1.9190273e-15)))
(0.406 ((-2.3285443 0 0)(0 0 -2.0863734e-15)))
(0.407 ((-2.3356872 0 0)(0 0 -2.2560409e-15)))
(0.408 ((-2.34283 0 0)(0 0 -2.2241883e-15)))
(0.409 ((-2.3499729 0 0)(0 0 -2.2559461e-15)))
(0.41 ((-2.3571157 0 0)(0 0 -2.0867526e-15)))
(0.411 ((-2.3642586 0 0)(0 0 -1.9176055e-15)))
(0.412 ((-2.3714014 0 0)(0 0 -1.9492238e-15)))
(0.413 ((-2.3785443 0 0)(0 0 -1.9178828e-15)))
(0.414 ((-2.3856872 0 0)(0 0 -2.0856435e-15)))
(0.415 ((-2.39283 0 0)(0 0 -2.2601053e-15)))
(0.416 ((-2.3999729 0 0)(0 0 -2.2086608e-15)))
(0.417 ((-2.4071157 0 0)(0 0 -2.3880065e-15)))
(0.418 ((-2.4142586 0 0)(0 0 -2.5362317e-15)))
(0.419 ((-2.4214014 0 0)(0 0 -2.6521637e-15)))
(0.42 ((-2.4285443 0 0)(0 0 -3.0024038e-15)))
(0.421 ((-2.4356872 0 0)(0 0 -3.1138385e-15)))
(0.422 ((-2.44283 0 0)(0 0 -3.280053e-15)))
(0.423 ((-2.4499729 0 0)(0 0 -3.3919387e-15)))
(0.424 ((-2.4571157 0 0)(0 0 -3.7403746e-15)))
(0.425 ((-2.4642586 0 0)(0 0 -3.8630724e-15)))
(0.426 ((-2.4714014 0 0)(0 0 -3.9860387e-15)))
(0.427 ((-2.4785443 0 0)(0 0 -4.3336691e-15)))
(0.428 ((-2.4856872 0 0)(0 0 -4.4485082e-15)))
(0.429 ((-2.49283 0 0)(0 0 -4.6037147e-15)))
(0.43 ((-2.4999729 0 0)(0 0 -4.7562281e-15)))
(0.431 ((-2.5071157 0 0)(0 0 -4.8791463e-15)))
(0.432 ((-2.5142586 0 0)(0 0 -5.1971535e-15)))
(0.433 ((-2.5214014 0 0)(0 0 -5.5045482e-15)))
(0.434 ((-2.5285443 0 0)(0 0 -5.6593042e-15)))
(0.435 ((-2.5356872 0 0)(0 0 -5.6210642e-15)))
(0.436 ((-2.54283 0 0)(0 0 -5.7672978e-15)))
(0.437 ((-2.5499729 0 0)(0 0 -6.1087817e-15)))
(0.438 ((-2.5571157 0 0)(0 0 -6.2249398e-15)))
(0.439 ((-2.5642586 0 0)(0 0 -6.3810167e-15)))
(0.44 ((-2.5714014 0 0)(0 0 -6.5287295e-15)))
(0.441 ((-2.5785443 0 0)(0 0 -6.6699798e-15)))
(0.442 ((-2.5856872 0 0)(0 0 -6.8454443e-15)))
(0.443 ((-2.59283 0 0)(0 0 -6.8164995e-15)))
(0.444 ((-2.5999729 0 0)(0 0 -6.8308288e-15)))
(0.445 ((-2.6071157 0 0)(0 0 -6.8024564e-15)))
(0.446 ((-2.6142586 0 0)(0 0 -6.9756318e-15)))
(0.447 ((-2.6214014 0 0)(0 0 -7.1254663e-15)))
(0.448 ((-2.6285443 0 0)(0 0 -7.2411313e-15)))
(0.449 ((-2.6356872 0 0)(0 0 -7.5908298e-15)))
(0.45 ((-2.64283 0 0)(0 0 -7.704698e-15)))
(0.451 ((-2.6499729 0 0)(0 0 -7.8617201e-15)))
(0.452 ((-2.6571157 0 0)(0 0 -8.0079419e-15)))
(0.453 ((-2.6642586 0 0)(0 0 -8.1542109e-15)))
(0.454 ((-2.6714014 0 0)(0 0 -8.3110916e-15)))
(0.455 ((-2.6785443 0 0)(0 0 -8.4254783e-15)))
(0.456 ((-2.6856872 0 0)(0 0 -8.773244e-15)))
(0.457 ((-2.69283 0 0)(0 0 -8.8961214e-15)))
(0.458 ((-2.6999729 0 0)(0 0 -9.0190395e-15)))
(0.459 ((-2.7071157 0 0)(0 0 -9.3666829e-15)))
(0.46 ((-2.7142586 0 0)(0 0 -9.4815185e-15)))
(0.461 ((-2.7214014 0 0)(0 0 -9.6367259e-15)))
(0.462 ((-2.7285443 0 0)(0 0 -9.7892391e-15)))
(0.463 ((-2.7356872 0 0)(0 0 -9.9121573e-15)))
(0.464 ((-2.74283 0 0)(0 0 -1.0230165e-14)))
(0.465 ((-2.7499729 0 0)(0 0 -1.0537559e-14)))
(0.466 ((-2.7571157 0 0)(0 0 -1.0692315e-14)))
(0.467 ((-2.7642586 0 0)(0 0 -1.0654076e-14)))
(0.468 ((-2.7714014 0 0)(0 0 -1.0800307e-14)))
(0.469 ((-2.7785443 0 0)(0 0 -1.1141801e-14)))
(0.47 ((-2.7856872 0 0)(0 0 -1.1257921e-14)))
(0.471 ((-2.79283 0 0)(0 0 -1.1414138e-14)))
(0.472 ((-2.7999729 0 0)(0 0 -1.1561328e-14)))
(0.473 ((-2.8071157 0 0)(0 0 -1.1704532e-14)))
(0.474 ((-2.8142586 0 0)(0 0 -1.1872703e-14)))
(0.475 ((-2.8214014 0 0)(0 0 -1.1870979e-14)))
(0.476 ((-2.8285443 0 0)(0 0 -1.1709704e-14)))
(0.477 ((-2.8356872 0 0)(0 0 -1.1542366e-14)))
(0.478 ((-2.84283 0 0)(0 0 -1.1558828e-14)))
(0.479 ((-2.8499729 0 0)(0 0 -1.1586301e-14)))
(0.48 ((-2.8571157 0 0)(0 0 -1.1385932e-14)))
(0.481 ((-2.8642586 0 0)(0 0 -1.1419788e-14)))
(0.482 ((-2.8714014 0 0)(0 0 -1.1410717e-14)))
(0.483 ((-2.8785443 0 0)(0 0 -1.1413147e-14)))
(0.484 ((-2.8856872 0 0)(0 0 -1.1412497e-14)))
(0.485 ((-2.89283 0 0)(0 0 -1.1412669e-14)))
(0.486 ((-2.8999729 0 0)(0 0 -1.1412631e-14)))
(0.487 ((-2.9071157 0 0)(0 0 -1.1412611e-14)))
(0.488 ((-2.9142586 0 0)(0 0 -1.1412727e-14)))
(0.489 ((-2.9214014 0 0)(0 0 -1.1412282e-14)))
(0.49 ((-2.9285443 0 0)(0 0 -1.1413946e-14)))
(0.491 ((-2.9356872 0 0)(0 0 -1.1407735e-14)))
(0.492 ((-2.94283 0 0)(0 0 -1.1430914e-14)))
(0.493 ((-2.9499729 0 0)(0 0 -1.1270394e-14)))
(0.494 ((-2.9571157 0 0)(0 0 -1.1075132e-14)))
(0.495 ((-2.9642586 0 0)(0 0 -1.1276552e-14)))
(0.496 ((-2.9714014 0 0)(0 0 -1.1406282e-14)))
(0.497 ((-2.9785443 0 0)(0 0 -1.1574121e-14)))
(0.498 ((-2.9856872 0 0)(0 0 -1.1587199e-14)))
(0.499 ((-2.99283 0 0)(0 0 -1.1367049e-14)))
(0.5 ((-2.9999729 0 0)(0 0 -1.1568437e-14)))
(0.501 ((-3.0071157 0 0)(0 0 -1.1723183e-14)))
(0.502 ((-3.0142586 0 0)(0 0 -1.1716973e-14)))
(0.503 ((-3.0214014 0 0)(0 0 -1.1587067e-14)))
(0.504 ((-3.0285443 0 0)(0 0 -1.1224723e-14)))
(0.505 ((-3.0356872 0 0)(0 0 -1.1249695e-14)))
(0.506 ((-3.04283 0 0)(0 0 -1.1438137e-14)))
(0.507 ((-3.0499729 0 0)(0 0 -1.1399546e-14)))
(0.508 ((-3.0571157 0 0)(0 0 -1.1439481e-14)))
(0.509 ((-3.0642586 0 0)(0 0 -1.1244316e-14)))
(0.51 ((-3.0714014 0 0)(0 0 -1.1244894e-14)))
(0.511 ((-3.0785443 0 0)(0 0 -1.1437747e-14)))
(0.512 ((-3.0856872 0 0)(0 0 -1.1405905e-14)))
(0.513 ((-3.09283 0 0)(0 0 -1.1414437e-14)))
(0.514 ((-3.0999729 0 0)(0 0 -1.1412151e-14)))
(0.515 ((-3.1071157 0 0)(0 0 -1.1412763e-14)))
(0.516 ((-3.1142586 0 0)(0 0 -1.14126e-14)))
(0.517 ((-3.1214014 0 0)(0 0 -1.1412641e-14)))
(0.518 ((-3.1285443 0 0)(0 0 -1.1412638e-14)))
(0.519 ((-3.1356872 0 0)(0 0 -1.1412609e-14)))
(0.52 ((-3.14283 0 0)(0 0 -1.1412728e-14)))
(0.521 ((-3.1499729 0 0)(0 0 -1.1412282e-14)))
(0.522 ((-3.1571157 0 0)(0 0 -1.1413946e-14)))
(0.523 ((-3.1642586 0 0)(0 0 -1.1407735e-14)))
(0.524 ((-3.1714014 0 0)(0 0 -1.1430914e-14)))
(0.525 ((-3.1785443 0 0)(0 0 -1.1270394e-14)))
(0.526 ((-3.1856872 0 0)(0 0 -1.1075132e-14)))
(0.527 ((-3.19283 0 0)(0 0 -1.1276552e-14)))
(0.528 ((-3.1999729 0 0)(0 0 -1.1406282e-14)))
(0.529 ((-3.2071157 0 0)(0 0 -1.1574121e-14)))
(0.53 ((-3.2142586 0 0)(0 0 -1.1587199e-14)))
(0.531 ((-3.2214014 0 0)(0 0 -1.1367049e-14)))
(0.532 ((-3.2285443 0 0)(0 0 -1.1568437e-14)))
(0.533 ((-3.2356872 0 0)(0 0 -1.1723183e-14)))
(0.534 ((-3.24283 0 0)(0 0 -1.1716973e-14)))
(0.535 ((-3.2499729 0 0)(0 0 -1.1587067e-14)))
(0.536 ((-3.2571157 0 0)(0 0 -1.1224723e-14)))
(0.537 ((-3.2642586 0 0)(0 0 -1.1249695e-14)))
(0.538 ((-3.2714014 0 0)(0 0 -1.1438137e-14)))
(0.539 ((-3.2785443 0 0)(0 0 -1.1399546e-14)))
(0.54 ((-3.2856872 0 0)(0 0 -1.1439481e-14)))
(0.541 ((-3.29283 0 0)(0 0 -1.1244316e-14)))
(0.542 ((-3.2999729 0 0)(0 0 -1.1244894e-14)))
(0.543 ((-3.3071157 0 0)(0 0 -1.1437747e-14)))
(0.544 ((-3.3142586 0 0)(0 0 -1.1405905e-14)))
(0.545 ((-3.3214014 0 0)(0 0 -1.1414437e-14)))
(0.546 ((-3.3285443 0 0)(0 0 -1.1412151e-14)))
(0.547 ((-3.3356872 0 0)(0 0 -1.1412763e-14)))
(0.548 ((-3.34283 0 0)(0 0 -1.14126e-14)))
(0.549 ((-3.3499729 0 0)(0 0 -1.1412641e-14)))
(0.55 ((-3.3571157 0 0)(0 0 -1.1412638e-14)))
(0.551 ((-3.3642586 0 0)(0 0 -1.1412609e-14)))
(0.552 ((-3.3714014 0 0)(0 0 -1.1412728e-14)))
(0.553 ((-3.3785443 0 0)(0 0 -1.1412282e-14)))
(0.554 ((-3.3856872 0 0)(0 0 -1.1413946e-14)))
(0.555 ((-3.39283 0 0)(0 0 -1.1407735e-14)))
(0.556 ((-3.3999729 0 0)(0 0 -1.1430914e-14)))
(0.557 ((-3.4071157 0 0)(0 0 -1.1270394e-14)))
(0.558 ((-3.4142586 0 0)(0 0 -1.1075132e-14)))
(0.559 ((-3.4214014 0 0)(0 0 -1.1276552e-14)))
(0.56 ((-3.4285443 0 0)(0 0 -1.1406282e-14)))
(0.561 ((-3.4356872 0 0)(0 0 -1.1574121e-14)))
(0.562 ((-3.44283 0 0)(0 0 -1.1587198e-14)))
(0.563 ((-3.4499729 0 0)(0 0 -1.1367051e-14)))
(0.564 ((-3.4571157 0 0)(0 0 -1.1568431e-14)))
(0.565 ((-3.4642586 0 0)(0 0 -1.1723206e-14)))
(0.566 ((-3.4714014 0 0)(0 0 -1.1716891e-14)))
(0.567 ((-3.4785443 0 0)(0 0 -1.1587376e-14)))
(0.568 ((-3.4856872 0 0)(0 0 -1.1223572e-14)))
(0.569 ((-3.49283 0 0)(0 0 -1.1253988e-14)))
(0.57 ((-3.4999729 0 0)(0 0 -1.1422114e-14)))
(0.571 ((-3.5071157 0 0)(0 0 -1.1533359e-14)))
(0.572 ((-3.5142586 0 0)(0 0 -1.1882447e-14)))
(0.573 ((-3.5214014 0 0)(0 0 -1.2003175e-14)))
(0.574 ((-3.5285443 0 0)(0 0 -1.2133369e-14)))
(0.575 ((-3.5356872 0 0)(0 0 -1.2454058e-14)))
(0.576 ((-3.54283 0 0)(0 0 -1.274345e-14)))
(0.577 ((-3.5499729 0 0)(0 0 -1.3041548e-14)))
(0.578 ((-3.5571157 0 0)(0 0 -1.3336121e-14)))
(0.579 ((-3.5642586 0 0)(0 0 -1.3636091e-14)))
(0.58 ((-3.5714014 0 0)(0 0 -1.3917996e-14)))
(0.581 ((-3.5785443 0 0)(0 0 -1.4340776e-14)))
(0.582 ((-3.5856872 0 0)(0 0 -1.5106299e-14)))
(0.583 ((-3.59283 0 0)(0 0 -1.5988306e-14)))
(0.584 ((-3.5999729 0 0)(0 0 -1.7023826e-14)))
(0.585 ((-3.6071157 0 0)(0 0 -1.8216986e-14)))
(0.586 ((-3.6142586 0 0)(0 0 -1.9514254e-14)))
(0.587 ((-3.6214014 0 0)(0 0 -2.1273659e-14)))
(0.588 ((-3.6285443 0 0)(0 0 -2.3670927e-14)))
(0.589 ((-3.6356872 0 0)(0 0 -2.645929e-14)))
(0.59 ((-3.64283 0 0)(0 0 -2.9857973e-14)))
(0.591 ((-3.6499729 0 0)(0 0 -3.3976998e-14)))
(0.592 ((-3.6571157 0 0)(0 0 -3.9119239e-14)))
(0.593 ((-3.6642586 0 0)(0 0 -4.5665524e-14)))
(0.594 ((-3.6714014 0 0)(0 0 -5.3380985e-14)))
(0.595 ((-3.6785443 0 0)(0 0 -6.2824268e-14)))
(0.596 ((-3.6856872 0 0)(0 0 -7.4364131e-14)))
(0.597 ((-3.69283 0 0)(0 0 -8.8187343e-14)))
(0.598 ((-3.6999729 0 0)(0 0 -1.052875e-13)))
(0.599 ((-3.7071157 0 0)(0 0 -1.2649945e-13)))
(0.6 ((-3.7142586 0 0)(0 0 -1.5230114e-13)))
(0.601 ((-3.7214014 0 0)(0 0 -1.8386878e-13)))
(0.602 ((-3.7285443 0 0)(0 0 -2.2253285e-13)))
(0.603 ((-3.7356872 0 0)(0 0 -2.6978881e-13)))
(0.604 ((-3.74283 0 0)(0 0 -3.2779827e-13)))
(0.605 ((-3.7499729 0 0)(0 0 -3.9863181e-13)))
(0.606 ((-3.7571157 0 0)(0 0 -4.8498312e-13)))
(0.607 ((-3.7642586 0 0)(0 0 -5.9062317e-13)))
(0.608 ((-3.7714014 0 0)(0 0 -7.1979385e-13)))
(0.609 ((-3.7785443 0 0)(0 0 -8.776618e-13)))
(0.61 ((-3.7856872 0 0)(0 0 -1.0705159e-12)))
(0.611 ((-3.79283 0 0)(0 0 -1.3058926e-12)))
(0.612 ((-3.7999729 0 0)(0 0 -1.5934312e-12)))
(0.613 ((-3.8071157 0 0)(0 0 -1.9448069e-12)))
(0.614 ((-3.8142586 0 0)(0 0 -2.3739941e-12)))
(0.615 ((-3.8214014 0 0)(0 0 -2.8982034e-12)))
(0.616 ((-3.8285443 0 0)(0 0 -3.538424e-12)))
(0.617 ((-3.8356872 0 0)(0 0 -4.3205351e-12)))
(0.618 ((-3.84283 0 0)(0 0 -5.2758321e-12)))
(0.619 ((-3.8499729 0 0)(0 0 -6.442769e-12)))
(0.62 ((-3.8571157 0 0)(0 0 -7.8683083e-12)))
(0.621 ((-3.8642586 0 0)(0 0 -9.6094008e-12)))
(0.622 ((-3.8714014 0 0)(0 0 -1.1735931e-11)))
(0.623 ((-3.8785443 0 0)(0 0 -1.4333332e-11)))
(0.624 ((-3.8856872 0 0)(0 0 -1.7505907e-11)))
(0.625 ((-3.89283 0 0)(0 0 -2.1381063e-11)))
(0.626 ((-3.8999729 0 0)(0 0 -2.6114325e-11)))
(0.627 ((-3.9071157 0 0)(0 0 -3.1895436e-11)))
(0.628 ((-3.9142586 0 0)(0 0 -3.895654e-11)))
(0.629 ((-3.9214014 0 0)(0 0 -4.7580936e-11)))
(0.63 ((-3.9285443 0 0)(0 0 -5.8114836e-11)))
(0.631 ((-3.9356872 0 0)(0 0 -7.0981129e-11)))
(0.632 ((-3.94283 0 0)(0 0 -8.6695966e-11)))
(0.633 ((-3.9499729 0 0)(0 0 -1.0589021e-10)))
(0.634 ((-3.9571157 0 0)(0 0 -1.293342e-10)))
(0.635 ((-3.9642586 0 0)(0 0 -1.5796896e-10)))
(0.636 ((-3.9714014 0 0)(0 0 -1.9294367e-10)))
(0.637 ((-3.9785443 0 0)(0 0 -2.3566171e-10)))
(0.638 ((-3.9856872 0 0)(0 0 -2.8783769e-10)))
(0.639 ((-3.99283 0 0)(0 0 -3.5156568e-10)))
(0.64 ((-3.9999729 0 0)(0 0 -4.2940322e-10)))
(0.641 ((-4.0071157 0 0)(0 0 -5.2447433e-10)))
(0.642 ((-4.0142586 0 0)(0 0 -6.4059438e-10)))
(0.643 ((-4.0214014 0 0)(0 0 -7.8242354e-10)))
(0.644 ((-4.0285443 0 0)(0 0 -9.5565418e-10)))
(0.645 ((-4.0356872 0 0)(0 0 -1.1672387e-09)))
(0.646 ((-4.04283 0 0)(0 0 -1.4256687e-09)))
(0.647 ((-4.0499729 0 0)(0 0 -1.7413158e-09)))
(0.648 ((-4.0571157 0 0)(0 0 -2.126848e-09)))
(0.649 ((-4.0642586 0 0)(0 0 -2.5977381e-09)))
(0.65 ((-4.0714014 0 0)(0 0 -3.1728845e-09)))
(0.651 ((-4.0785443 0 0)(0 0 -3.8753701e-09)))
(0.652 ((-4.0856872 0 0)(0 0 -4.733388e-09)))
(0.653 ((-4.09283 0 0)(0 0 -5.7813734e-09)))
(0.654 ((-4.0999729 0 0)(0 0 -7.0613858e-09)))
(0.655 ((-4.1071157 0 0)(0 0 -8.6247963e-09)))
(0.656 ((-4.1142586 0 0)(0 0 -1.053435e-08)))
(0.657 ((-4.1214014 0 0)(0 0 -1.2866685e-08)))
(0.658 ((-4.1285443 0 0)(0 0 -1.5715405e-08)))
(0.659 ((-4.1356872 0 0)(0 0 -1.919484e-08)))
(0.66 ((-4.14283 0 0)(0 0 -2.344463e-08)))
(0.661 ((-4.1499729 0 0)(0 0 -2.8635336e-08)))
(0.662 ((-4.1571157 0 0)(0 0 -3.4975279e-08)))
(0.663 ((-4.1642586 0 0)(0 0 -4.2718902e-08)))
(0.664 ((-4.1714014 0 0)(0 0 -5.2176985e-08)))
(0.665 ((-4.1785443 0 0)(0 0 -6.3729112e-08)))
(0.666 ((-4.1856872 0 0)(0 0 -7.7838913e-08)))
(0.667 ((-4.19283 0 0)(0 0 -9.5072661e-08)))
(0.668 ((-4.1999729 0 0)(0 0 -1.1612201e-07)))
(0.669 ((-4.2071157 0 0)(0 0 -1.4183174e-07)))
(0.67 ((-4.2142586 0 0)(0 0 -1.7323367e-07)))
(0.671 ((-4.2214014 0 0)(0 0 -2.1158807e-07)))
(0.672 ((-4.2285443 0 0)(0 0 -2.5843424e-07)))
(0.673 ((-4.2356872 0 0)(0 0 -3.1565227e-07)))
(0.674 ((-4.24283 0 0)(0 0 -3.8553852e-07)))
(0.675 ((-4.2499729 0 0)(0 0 -4.7089777e-07)))
(0.676 ((-4.2571157 0 0)(0 0 -5.7515576e-07)))
(0.677 ((-4.2642586 0 0)(0 0 -7.0249672e-07)))
(0.678 ((-4.2714014 0 0)(0 0 -8.5803128e-07)))
(0.679 ((-4.2785443 0 0)(0 0 -1.0480015e-06)))
(0.68 ((-4.2856872 0 0)(0 0 -1.2800316e-06)))
(0.681 ((-4.29283 0 0)(0 0 -1.5634336e-06)))
(0.682 ((-4.2999729 0 0)(0 0 -1.9095813e-06)))
(0.683 ((-4.3071157 0 0)(0 0 -2.3323667e-06)))
(0.684 ((-4.3142586 0 0)(0 0 -2.8487574e-06)))
(0.685 ((-4.3214014 0 0)(0 0 -3.4794775e-06)))
(0.686 ((-4.3285443 0 0)(0 0 -4.2498394e-06)))
(0.687 ((-4.3356872 0 0)(0 0 -5.1907598e-06)))
(0.688 ((-4.34283 0 0)(0 0 -6.3399995e-06)))
(0.689 ((-4.3499729 0 0)(0 0 -7.7436799e-06)))
(0.69 ((-4.3571157 0 0)(0 0 -9.4581325e-06)))
(0.691 ((-4.3642586 0 0)(0 0 -1.155216e-05)))
(0.692 ((-4.3714014 0 0)(0 0 -1.4109797e-05)))
(0.693 ((-4.3785443 0 0)(0 0 -1.723368e-05)))
(0.694 ((-4.3856872 0 0)(0 0 -2.1049168e-05)))
(0.695 ((-4.39283 0 0)(0 0 -2.5709368e-05)))
(0.696 ((-4.3999729 0 0)(0 0 -3.1401279e-05)))
(0.697 ((-4.4071157 0 0)(0 0 -3.8353289e-05)))
(0.698 ((-4.4142586 0 0)(0 0 -4.6844335e-05)))
(0.699 ((-4.4214014 0 0)(0 0 -5.7215089e-05)))
(0.7 ((-4.4285443 0 0)(0 0 -6.9881605e-05)))
(0.701 ((-4.4356872 0 0)(0 0 -8.5352e-05)))
(0.702 ((-4.44283 0 0)(0 0 -0.00010424681)))
(0.703 ((-4.4499729 0 0)(0 0 -0.00012732381)))
(0.704 ((-4.4571157 0 0)(0 0 -0.00015550839)))
(0.705 ((-4.4642586 0 0)(0 0 -0.00018993054)))
(0.706 ((-4.4714014 0 0)(0 0 -0.00023196998)))
(0.707 ((-4.4785443 0 0)(0 0 -0.00028331132)))
(0.708 ((-4.4856872 0 0)(0 0 -0.0003460112)))
(0.709 ((-4.49283 0 0)(0 0 -0.00042258022)))
(0.71 ((-4.4999729 0 0)(0 0 -0.00051608275)))
(0.711 ((-4.5071157 0 0)(0 0 -0.00063025857)))
(0.712 ((-4.5142586 0 0)(0 0 -0.00076967085)))
(0.713 ((-4.5214014 0 0)(0 0 -0.00093988621)))
(0.714 ((-4.5285443 0 0)(0 0 -0.0011476936)))
(0.715 ((-4.5356872 0 0)(0 0 -0.0014013698)))
(0.716 ((-4.54283 0 0)(0 0 -0.0017110018)))
(0.717 ((-4.5499729 0 0)(0 0 -0.0020888761)))
(0.718 ((-4.5571157 0 0)(0 0 -0.0025499499)))
(0.719 ((-4.5642586 0 0)(0 0 -0.0031124184)))
(0.72 ((-4.5714014 0 0)(0 0 -0.0037983956)))
(0.721 ((-4.5785443 0 0)(0 0 -0.0046347302)))
(0.722 ((-4.5856872 0 0)(0 0 -0.0056539764)))
(0.723 ((-4.59283 0 0)(0 0 -0.0068955439)))
(0.724 ((-4.5999729 0 0)(0 0 -0.008407051)))
(0.725 ((-4.6071157 0 0)(0 0 -0.010245901)))
(0.726 ((-4.6142586 0 0)(0 0 -0.0124811)))
(0.727 ((-4.6214014 0 0)(0 0 -0.015195327)))
(0.728 ((-4.6285443 0 0)(0 0 -0.018487244)))
(0.729 ((-4.6356872 0 0)(0 0 -0.022474028)))
(0.73 ((-4.64283 0 0)(0 0 -0.027294057)))
(0.731 ((-4.6499729 0 0)(0 0 -0.033109658)))
(0.732 ((-4.6571157 0 0)(0 0 -0.040109764)))
(0.733 ((-4.6642586 0 0)(0 0 -0.048512283)))
(0.734 ((-4.6714014 0 0)(0 0 -0.058565919)))
(0.735 ((-4.6785443 0 0)(0 0 -0.070551152)))
(0.736 ((-4.6856872 0 0)(0 0 -0.084780066)))
(0.737 ((-4.69283 0 0)(0 0 -0.10159476)))
(0.738 ((-4.6999729 0 0)(0 0 -0.12136414)))
(0.739 ((-4.7071157 0 0)(0 0 -0.14447906)))
(0.74 ((-4.7142586 0 0)(0 0 -0.17134602)))
(0.741 ((-4.7214014 0 0)(0 0 -0.20237959)))
(0.742 ((-4.7285443 0 0)(0 0 -0.23799436)))
(0.743 ((-4.7356872 0 0)(0 0 -0.2785968)))
(0.744 ((-4.74283 0 0)(0 0 -0.32457777)))
(0.745 ((-4.7499729 0 0)(0 0 -0.37630616)))
(0.746 ((-4.7571157 0 0)(0 0 -0.43412404)))
(0.747 ((-4.7642586 0 0)(0 0 -0.49834347)))
(0.748 ((-4.7714014 0 0)(0 0 -0.5692449)))
(0.749 ((-4.7785443 0 0)(0 0 -0.64707698)))
(0.75 ((-4.7856872 0 0)(0 0 -0.73205758)))
(0.751 ((-4.79283 0 0)(0 0 -0.82437554)))
(0.752 ((-4.7999729 0 0)(0 0 -0.92419313)))
(0.753 ((-4.8071157 0 0)(0 0 -1.0316486)))
(0.754 ((-4.8142586 0 0)(0 0 -1.146859)))
(0.755 ((-4.8214014 0 0)(0 0 -1.2699229)))
(0.756 ((-4.8285443 0 0)(0 0 -1.4009228)))
(0.757 ((-4.8356872 0 0)(0 0 -1.5399273)))
(0.758 ((-4.84283 0 0)(0 0 -1.6869937)))
(0.759 ((-4.8499729 0 0)(0 0 -1.8421693)))
(0.76 ((-4.8571157 0 0)(0 0 -2.005493)))
(0.761 ((-4.8642586 0 0)(0 0 -2.1769968)))
(0.762 ((-4.8714014 0 0)(0 0 -2.3567071)))
(0.763 ((-4.8785443 0 0)(0 0 -2.5446451)))
(0.764 ((-4.8856872 0 0)(0 0 -2.7408281)))
(0.765 ((-4.89283 0 0)(0 0 -2.94527)))
(0.766 ((-4.8999729 0 0)(0 0 -3.1579816)))
(0.767 ((-4.9071157 0 0)(0 0 -3.3789714)))
(0.768 ((-4.9142586 0 0)(0 0 -3.6082456)))
(0.769 ((-4.9214014 0 0)(0 0 -3.8458084)))
(0.77 ((-4.9285443 0 0)(0 0 -4.0916624)))
(0.771 ((-4.9356872 0 0)(0 0 -4.3458084)))
(0.772 ((-4.94283 0 0)(0 0 -4.6082456)))
(0.773 ((-4.9499729 0 0)(0 0 -4.8789714)))
(0.774 ((-4.9571157 0 0)(0 0 -5.1579816)))
(0.775 ((-4.9642586 0 0)(0 0 -5.44527)))
(0.776 ((-4.9714014 0 0)(0 0 -5.7408281)))
(0.777 ((-4.9785443 0 0)(0 0 -6.0446451)))
(0.778 ((-4.9856872 0 0)(0 0 -6.3567071)))
(0.779 ((-4.99283 0 0)(0 0 -6.6769968)))
(0.78 ((-4.9999729 0 0)(0 0 -7.005493)))
(0.781 ((-5.0071157 0 0)(0 0 -7.3421693)))
(0.782 ((-5.0142586 0 0)(0 0 -7.6869937)))
(0.783 ((-5.0214014 0 0)(0 0 -8.0399273)))
(0.784 ((-5.0285443 0 0)(0 0 -8.4009228)))
(0.785 ((-5.0356872 0 0)(0 0 -8.7699229)))
(0.786 ((-5.04283 0 0)(0 0 -9.146859)))
(0.787 ((-5.0499729 0 0)(0 0 -9.5316486)))
(0.788 ((-5.0571157 0 0)(0 0 -9.9241931)))
(0.789 ((-5.0642586 0 0)(0 0 -10.324376)))
(0.79 ((-5.0714014 0 0)(0 0 -10.732058)))
(0.791 ((-5.0785443 0 0)(0 0 -11.147077)))
(0.792 ((-5.0856872 0 0)(0 0 -11.569245)))
(0.793 ((-5.09283 0 0)(0 0 -11.998343)))
(0.794 ((-5.0999729 0 0)(0 0 -12.434124)))
(0.795 ((-5.1071157 0 0)(0 0 -12.876306)))
(0.796 ((-5.1142586 0 0)(0 0 -13.324578)))
(0.797 ((-5.1214014 0 0)(0 0 -13.778597)))
(0.798 ((-5.1285443 0 0)(0 0 -14.237994)))
(0.799 ((-5.1356871 0 0)(0 0 -14.70238)))
(0.8 ((-5.14283 0 0)(0 0 -15.171346)))
(0.801 ((-5.1499729 0 0)(0 0 -15.644479)))
(0.802 ((-5.1571157 0 0)(0 0 -16.121364)))
(0.803 ((-5.1642586 0 0)(0 0 -16.601595)))
(0.804 ((-5.1714014 0 0)(0 0 -17.08478)))
(0.805 ((-5.1785443 0 0)(0 0 -17.570551)))
(0.806 ((-5.1856871 0 0)(0 0 -18.058566)))
(0.807 ((-5.19283 0 0)(0 0 -18.548512)))
(0.808 ((-5.1999728 0 0)(0 0 -19.04011)))
(0.809 ((-5.2071157 0 0)(0 0 -19.53311)))
(0.81 ((-5.2142585 0 0)(0 0 -20.027294)))
(0.811 ((-5.2214014 0 0)(0 0 -20.522474)))
(0.812 ((-5.2285442 0 0)(0 0 -21.018487)))
(0.813 ((-5.235687 0 0)(0 0 -21.515195)))
(0.814 ((-5.2428299 0 0)(0 0 -22.012481)))
(0.815 ((-5.2499727 0 0)(0 0 -22.510246)))
(0.816 ((-5.2571155 0 0)(0 0 -23.008407)))
(0.817 ((-5.2642583 0 0)(0 0 -23.506896)))
(0.818 ((-5.2714011 0 0)(0 0 -24.005654)))
(0.819 ((-5.2785439 0 0)(0 0 -24.504635)))
(0.82 ((-5.2856867 0 0)(0 0 -25.003798)))
(0.821 ((-5.2928294 0 0)(0 0 -25.503112)))
(0.822 ((-5.2999721 0 0)(0 0 -26.00255)))
(0.823 ((-5.3071148 0 0)(0 0 -26.502089)))
(0.824 ((-5.3142575 0 0)(0 0 -27.001711)))
(0.825 ((-5.3214001 0 0)(0 0 -27.501401)))
(0.826 ((-5.3285426 0 0)(0 0 -28.001148)))
(0.827 ((-5.3356851 0 0)(0 0 -28.50094)))
(0.828 ((-5.3428275 0 0)(0 0 -29.00077)))
(0.829 ((-5.3499699 0 0)(0 0 -29.50063)))
(0.83 ((-5.357112 0 0)(0 0 -30.000516)))
(0.831 ((-5.3642541 0 0)(0 0 -30.500423)))
(0.832 ((-5.3713959 0 0)(0 0 -31.000346)))
(0.833 ((-5.3785376 0 0)(0 0 -31.500283)))
(0.834 ((-5.385679 0 0)(0 0 -32.000232)))
(0.835 ((-5.39282 0 0)(0 0 -32.50019)))
(0.836 ((-5.3999606 0 0)(0 0 -33.000155)))
(0.837 ((-5.4071008 0 0)(0 0 -33.500127)))
(0.838 ((-5.4142404 0 0)(0 0 -34.000104)))
(0.839 ((-5.4213792 0 0)(0 0 -34.500085)))
(0.84 ((-5.4285172 0 0)(0 0 -35.00007)))
(0.841 ((-5.435654 0 0)(0 0 -35.500057)))
(0.842 ((-5.4427896 0 0)(0 0 -36.000047)))
(0.843 ((-5.4499236 0 0)(0 0 -36.500038)))
(0.844 ((-5.4570557 0 0)(0 0 -37.000031)))
(0.845 ((-5.4641854 0 0)(0 0 -37.500026)))
(0.846 ((-5.4713123 0 0)(0 0 -38.000021)))
(0.847 ((-5.4784358 0 0)(0 0 -38.500017)))
(0.848 ((-5.4855551 0 0)(0 0 -39.000014)))
(0.849 ((-5.4926695 0 0)(0 0 -39.500011)))
(0.85 ((-5.4997779 0 0)(0 0 -40.000009)))
(0.851 ((-5.5068792 0 0)(0 0 -40.500008)))
(0.852 ((-5.5139721 0 0)(0 0 -41.000006)))
(0.853 ((-5.5210549 0 0)(0 0 -41.500005)))
(0.854 ((-5.528126 0 0)(0 0 -42.000004)))
(0.855 ((-5.5351832 0 0)(0 0 -42.500003)))
(0.856 ((-5.5422244 0 0)(0 0 -43.000002)))
(0.857 ((-5.5492472 0 0)(0 0 -43.500002)))
(0.858 ((-5.5562488 0 0)(0 0 -44.000001)))
(0.859 ((-5.5632266 0 0)(0 0 -44.500001)))
(0.86 ((-5.5701775 0 0)(0 0 -45)))
(0.861 ((-5.5770987 0 0)(0 0 -45.499999)))
(0.862 ((-5.5839872 0 0)(0 0 -45.999999)))
(0.863 ((-5.59084 0 0)(0 0 -46.499998)))
(0.864 ((-5.5976544 0 0)(0 0 -46.999998)))
(0.865 ((-5.6044278 0 0)(0 0 -47.499997)))
(0.866 ((-5.6111577 0 0)(0 0 -47.999996)))
(0.867 ((-5.6178418 0 0)(0 0 -48.499995)))
(0.868 ((-5.6244782 0 0)(0 0 -48.999994)))
(0.869 ((-5.6310651 0 0)(0 0 -49.499992)))
(0.87 ((-5.637601 0 0)(0 0 -49.999991)))
(0.871 ((-5.6440844 0 0)(0 0 -50.499989)))
(0.872 ((-5.6505142 0 0)(0 0 -50.999986)))
(0.873 ((-5.6568895 0 0)(0 0 -51.499983)))
(0.874 ((-5.6632094 0 0)(0 0 -51.999979)))
(0.875 ((-5.6694732 0 0)(0 0 -52.499974)))
(0.876 ((-5.6756803 0 0)(0 0 -52.999969)))
(0.877 ((-5.6818303 0 0)(0 0 -53.499962)))
(0.878 ((-5.6879226 0 0)(0 0 -53.999953)))
(0.879 ((-5.693957 0 0)(0 0 -54.499943)))
(0.88 ((-5.6999331 0 0)(0 0 -54.99993)))
(0.881 ((-5.7058509 0 0)(0 0 -55.499915)))
(0.882 ((-5.7117099 0 0)(0 0 -55.999896)))
(0.883 ((-5.7175102 0 0)(0 0 -56.499873)))
(0.884 ((-5.7232516 0 0)(0 0 -56.999845)))
(0.885 ((-5.7289339 0 0)(0 0 -57.49981)))
(0.886 ((-5.7345571 0 0)(0 0 -57.999768)))
(0.887 ((-5.740121 0 0)(0 0 -58.499717)))
(0.888 ((-5.7456258 0 0)(0 0 -58.999654)))
(0.889 ((-5.7510712 0 0)(0 0 -59.499577)))
(0.89 ((-5.7564573 0 0)(0 0 -59.999484)))
(0.891 ((-5.761784 0 0)(0 0 -60.49937)))
(0.892 ((-5.7670513 0 0)(0 0 -60.99923)))
(0.893 ((-5.7722592 0 0)(0 0 -61.49906)))
(0.894 ((-5.7774077 0 0)(0 0 -61.998852)))
(0.895 ((-5.7824966 0 0)(0 0 -62.498599)))
(0.896 ((-5.7875262 0 0)(0 0 -62.998289)))
(0.897 ((-5.7924962 0 0)(0 0 -63.497911)))
(0.898 ((-5.7974067 0 0)(0 0 -63.99745)))
(0.899 ((-5.8022578 0 0)(0 0 -64.496888)))
(0.9 ((-5.8070494 0 0)(0 0 -64.996202)))
(0.901 ((-5.8117814 0 0)(0 0 -65.495365)))
(0.902 ((-5.816454 0 0)(0 0 -65.994346)))
(0.903 ((-5.821067 0 0)(0 0 -66.493104)))
(0.904 ((-5.8256205 0 0)(0 0 -66.991593)))
(0.905 ((-5.8301145 0 0)(0 0 -67.489754)))
(0.906 ((-5.834549 0 0)(0 0 -67.987519)))
(0.907 ((-5.838924 0 0)(0 0 -68.484805)))
(0.908 ((-5.8432394 0 0)(0 0 -68.981513)))
(0.909 ((-5.8474954 0 0)(0 0 -69.477526)))
(0.91 ((-5.8516918 0 0)(0 0 -69.972706)))
(0.911 ((-5.8558287 0 0)(0 0 -70.46689)))
(0.912 ((-5.859906 0 0)(0 0 -70.95989)))
(0.913 ((-5.8639239 0 0)(0 0 -71.451488)))
(0.914 ((-5.8678822 0 0)(0 0 -71.941434)))
(0.915 ((-5.871781 0 0)(0 0 -72.429449)))
(0.916 ((-5.8756203 0 0)(0 0 -72.91522)))
(0.917 ((-5.8794001 0 0)(0 0 -73.398405)))
(0.918 ((-5.8831203 0 0)(0 0 -73.878636)))
(0.919 ((-5.886781 0 0)(0 0 -74.355521)))
(0.92 ((-5.8903822 0 0)(0 0 -74.828654)))
(0.921 ((-5.8939239 0 0)(0 0 -75.29762)))
(0.922 ((-5.897406 0 0)(0 0 -75.762006)))
(0.923 ((-5.9008286 0 0)(0 0 -76.221403)))
(0.924 ((-5.9041917 0 0)(0 0 -76.675422)))
(0.925 ((-5.9074953 0 0)(0 0 -77.123694)))
(0.926 ((-5.9107394 0 0)(0 0 -77.565876)))
(0.927 ((-5.9139239 0 0)(0 0 -78.001657)))
(0.928 ((-5.9170489 0 0)(0 0 -78.430755)))
(0.929 ((-5.9201144 0 0)(0 0 -78.852923)))
(0.93 ((-5.9231204 0 0)(0 0 -79.267942)))
(0.931 ((-5.9260668 0 0)(0 0 -79.675624)))
(0.932 ((-5.9289537 0 0)(0 0 -80.075807)))
(0.933 ((-5.9317811 0 0)(0 0 -80.468351)))
(0.934 ((-5.934549 0 0)(0 0 -80.853141)))
(0.935 ((-5.9372574 0 0)(0 0 -81.230077)))
(0.936 ((-5.9399062 0 0)(0 0 -81.599077)))
(0.937 ((-5.9424956 0 0)(0 0 -81.960073)))
(0.938 ((-5.9450254 0 0)(0 0 -82.313006)))
(0.939 ((-5.9474957 0 0)(0 0 -82.657831)))
(0.94 ((-5.9499065 0 0)(0 0 -82.994507)))
(0.941 ((-5.9522578 0 0)(0 0 -83.323003)))
(0.942 ((-5.9545496 0 0)(0 0 -83.643293)))
(0.943 ((-5.9567819 0 0)(0 0 -83.955355)))
(0.944 ((-5.9589547 0 0)(0 0 -84.259172)))
(0.945 ((-5.9610681 0 0)(0 0 -84.55473)))
(0.946 ((-5.9631219 0 0)(0 0 -84.842018)))
(0.947 ((-5.9651164 0 0)(0 0 -85.121029)))
(0.948 ((-5.9670513 0 0)(0 0 -85.391754)))
(0.949 ((-5.9689269 0 0)(0 0 -85.654192)))
(0.95 ((-5.970743 0 0)(0 0 -85.908338)))
(0.951 ((-5.9724998 0 0)(0 0 -86.154192)))
(0.952 ((-5.9741972 0 0)(0 0 -86.391754)))
(0.953 ((-5.9758353 0 0)(0 0 -86.621029)))
(0.954 ((-5.9774142 0 0)(0 0 -86.842018)))
(0.955 ((-5.9789339 0 0)(0 0 -87.05473)))
(0.956 ((-5.9803944 0 0)(0 0 -87.259172)))
(0.957 ((-5.9817959 0 0)(0 0 -87.455355)))
(0.958 ((-5.9831385 0 0)(0 0 -87.643293)))
(0.959 ((-5.9844223 0 0)(0 0 -87.823003)))
(0.96 ((-5.9856474 0 0)(0 0 -87.994507)))
(0.961 ((-5.9868141 0 0)(0 0 -88.157831)))
(0.962 ((-5.9879226 0 0)(0 0 -88.313006)))
(0.963 ((-5.9889731 0 0)(0 0 -88.460073)))
(0.964 ((-5.9899661 0 0)(0 0 -88.599077)))
(0.965 ((-5.9909018 0 0)(0 0 -88.730077)))
(0.966 ((-5.9917809 0 0)(0 0 -88.853141)))
(0.967 ((-5.9926038 0 0)(0 0 -88.968351)))
(0.968 ((-5.9933714 0 0)(0 0 -89.075807)))
(0.969 ((-5.9940844 0 0)(0 0 -89.175624)))
(0.97 ((-5.9947438 0 0)(0 0 -89.267942)))
(0.971 ((-5.9953508 0 0)(0 0 -89.352923)))
(0.972 ((-5.9959068 0 0)(0 0 -89.430755)))
(0.973 ((-5.9964132 0 0)(0 0 -89.501657)))
(0.974 ((-5.996872 0 0)(0 0 -89.565876)))
(0.975 ((-5.9972849 0 0)(0 0 -89.623694)))
(0.976 ((-5.9976544 0 0)(0 0 -89.675422)))
(0.977 ((-5.9979829 0 0)(0 0 -89.721403)))
(0.978 ((-5.9982729 0 0)(0 0 -89.762006)))
(0.979 ((-5.9985273 0 0)(0 0 -89.79762)))
(0.98 ((-5.998749 0 0)(0 0 -89.828654)))
(0.981 ((-5.9989409 0 0)(0 0 -89.855521)))
(0.982 ((-5.999106 0 0)(0 0 -89.878636)))
(0.983 ((-5.9992472 0 0)(0 0 -89.898405)))
(0.984 ((-5.9993673 0 0)(0 0 -89.91522)))
(0.985 ((-5.9994689 0 0)(0 0 -89.929449)))
(0.986 ((-5.9995545 0 0)(0 0 -89.941434)))
(0.987 ((-5.9996264 0 0)(0 0 -89.951488)))
(0.988 ((-5.9996864 0 0)(0 0 -89.95989)))
(0.989 ((-5.9997364 0 0)(0 0 -89.96689)))
(0.99 ((-5.9997779 0 0)(0 0 -89.972706)))
(0.991 ((-5.9998123 0 0)(0 0 -89.977526)))
(0.992 ((-5.9998408 0 0)(0 0 -89.981513)))
(0.993 ((-5.9998643 0 0)(0 0 -89.984805)))
(0.994 ((-5.9998837 0 0)(0 0 -89.987519)))
(0.995 ((-5.9998997 0 0)(0 0 -89.989754)))
(0.996 ((-5.9999128 0 0)(0 0 -89.991593)))
(0.997 ((-5.9999236 0 0)(0 0 -89.993104)))
(0.998 ((-5.9999325 0 0)(0 0 -89.994346)))
(0.999 ((-5.9999398 0 0)(0 0 -89.995365)))
(1 ((-5.9999457 0 0)(0 0 -89.996202)))
(1.001 ((-5.9999506 0 0)(0 0 -89.996888)))
(1.002 ((-5.9999547 0 0)(0 0 -89.99745)))
(1.003 ((-5.9999579 0 0)(0 0 -89.997911)))
(1.004 ((-5.9999606 0 0)(0 0 -89.998289)))
(1.005 ((-5.9999629 0 0)(0 0 -89.998599)))
(1.006 ((-5.9999647 0 0)(0 0 -89.998852)))
(1.007 ((-5.9999662 0 0)(0 0 -89.99906)))
(1.008 ((-5.9999674 0 0)(0 0 -89.99923)))
(1.009 ((-5.9999684 0 0)(0 0 -89.99937)))
(1.01 ((-5.9999692 0 0)(0 0 -89.999484)))
(1.011 ((-5.9999699 0 0)(0 0 -89.999577)))
(1.012 ((-5.9999704 0 0)(0 0 -89.999654)))
(1.013 ((-5.9999708 0 0)(0 0 -89.999717)))
(1.014 ((-5.9999712 0 0)(0 0 -89.999768)))
(1.015 ((-5.9999715 0 0)(0 0 -89.99981)))
(1.016 ((-5.9999718 0 0)(0 0 -89.999844)))
(1.017 ((-5.999972 0 0)(0 0 -89.999873)))
(1.018 ((-5.9999721 0 0)(0 0 -89.999896)))
(1.019 ((-5.9999723 0 0)(0 0 -89.999915)))
(1.02 ((-5.9999724 0 0)(0 0 -89.99993)))
(1.021 ((-5.9999725 0 0)(0 0 -89.999943)))
(1.022 ((-5.9999725 0 0)(0 0 -89.999953)))
(1.023 ((-5.9999726 0 0)(0 0 -89.999962)))
(1.024 ((-5.9999726 0 0)(0 0 -89.999969)))
(1.025 ((-5.9999727 0 0)(0 0 -89.999974)))
(1.026 ((-5.9999727 0 0)(0 0 -89.999979)))
(1.027 ((-5.9999727 0 0)(0 0 -89.999983)))
(1.028 ((-5.9999728 0 0)(0 0 -89.999986)))
(1.029 ((-5.9999728 0 0)(0 0 -89.999988)))
(1.03 ((-5.9999728 0 0)(0 0 -89.999991)))
(1.031 ((-5.9999728 0 0)(0 0 -89.999992)))
(1.032 ((-5.9999728 0 0)(0 0 -89.999994)))
(1.033 ((-5.9999728 0 0)(0 0 -89.999995)))
(1.034 ((-5.9999728 0 0)(0 0 -89.999996)))
(1.035 ((-5.9999728 0 0)(0 0 -89.999997)))
(1.036 ((-5.9999728 0 0)(0 0 -89.999997)))
(1.037 ((-5.9999729 0 0)(0 0 -89.999998)))
(1.038 ((-5.9999729 0 0)(0 0 -89.999998)))
(1.039 ((-5.9999729 0 0)(0 0 -89.999998)))
(1.04 ((-5.9999729 0 0)(0 0 -89.999999)))
(1.041 ((-5.9999729 0 0)(0 0 -89.999999)))
(1.042 ((-5.9999729 0 0)(0 0 -89.999999)))
(1.043 ((-5.9999729 0 0)(0 0 -89.999999)))
(1.044 ((-5.9999729 0 0)(0 0 -89.999999)))
(1.045 ((-5.9999729 0 0)(0 0 -90)))
(1.046 ((-5.9999729 0 0)(0 0 -90)))
(1.047 ((-5.9999729 0 0)(0 0 -90)))
(1.048 ((-5.9999729 0 0)(0 0 -90)))
(1.049 ((-5.9999729 0 0)(0 0 -90)))
(1.05 ((-5.9999729 0 0)(0 0 -90)))
(1.051 ((-5.9999729 0 0)(0 0 -90)))
(1.052 ((-5.9999729 0 0)(0 0 -90)))
(1.053 ((-5.9999729 0 0)(0 0 -90)))
(1.054 ((-5.9999729 0 0)(0 0 -90)))
(1.055 ((-5.9999729 0 0)(0 0 -90)))
(1.056 ((-5.9999729 0 0)(0 0 -90)))
(1.057 ((-5.9999729 0 0)(0 0 -90)))
(1.058 ((-5.9999729 0 0)(0 0 -90)))
(1.059 ((-5.9999729 0 0)(0 0 -90)))
(1.06 ((-5.9999729 0 0)(0 0 -90)))
(1.061 ((-5.9999729 0 0)(0 0 -90)))
(1.062 ((-5.9999729 0 0)(0 0 -90)))
(1.063 ((-5.9999729 0 0)(0 0 -90)))
(1.064 ((-5.9999729 0 0)(0 0 -90)))
(1.065 ((-5.9999729 0 0)(0 0 -90)))
(1.066 ((-5.9999729 0 0)(0 0 -90)))
(1.067 ((-5.9999729 0 0)(0 0 -90)))
(1.068 ((-5.9999729 0 0)(0 0 -90)))
(1.069 ((-5.9999729 0 0)(0 0 -90)))
(1.07 ((-5.9999729 0 0)(0 0 -90)))
(1.071 ((-5.9999729 0 0)(0 0 -90)))
(1.072 ((-5.9999729 0 0)(0 0 -90)))
(1.073 ((-5.9999729 0 0)(0 0 -90)))
(1.074 ((-5.9999729 0 0)(0 0 -90)))
(1.075 ((-5.9999729 0 0)(0 0 -90)))
(1.076 ((-5.9999729 0 0)(0 0 -90)))
(1.077 ((-5.9999729 0 0)(0 0 -90)))
(1.078 ((-5.9999729 0 0)(0 0 -90)))
(1.079 ((-5.9999729 0 0)(0 0 -90)))
(1.08 ((-5.9999729 0 0)(0 0 -90)))
(1.081 ((-5.9999729 0 0)(0 0 -90)))
(1.082 ((-5.9999729 0 0)(0 0 -90)))
(1.083 ((-5.9999729 0 0)(0 0 -90)))
(1.084 ((-5.9999729 0 0)(0 0 -90)))
(1.085 ((-5.9999729 0 0)(0 0 -90)))
(1.086 ((-5.9999729 0 0)(0 0 -90)))
(1.087 ((-5.9999729 0 0)(0 0 -90)))
(1.088 ((-5.9999729 0 0)(0 0 -90)))
(1.089 ((-5.9999729 0 0)(0 0 -90)))
(1.09 ((-5.9999729 0 0)(0 0 -90)))
(1.091 ((-5.9999729 0 0)(0 0 -90)))
(1.092 ((-5.9999729 0 0)(0 0 -90)))
(1.093 ((-5.9999729 0 0)(0 0 -90)))
(1.094 ((-5.9999729 0 0)(0 0 -90)))
(1.095 ((-5.9999729 0 0)(0 0 -90)))
(1.096 ((-5.9999729 0 0)(0 0 -90)))
(1.097 ((-5.9999729 0 0)(0 0 -90)))
(1.098 ((-5.9999729 0 0)(0 0 -90)))
(1.099 ((-5.9999729 0 0)(0 0 -90)))
(1.1 ((-5.9999729 0 0)(0 0 -90)))
(1.101 ((-5.9999729 0 0)(0 0 -90)))
(1.102 ((-5.9999729 0 0)(0 0 -90)))
(1.103 ((-5.9999729 0 0)(0 0 -90)))
(1.104 ((-5.9999729 0 0)(0 0 -90)))
(1.105 ((-5.9999729 0 0)(0 0 -90)))
(1.106 ((-5.9999729 0 0)(0 0 -90)))
(1.107 ((-5.9999729 0 0)(0 0 -90)))
(1.108 ((-5.9999729 0 0)(0 0 -90)))
(1.109 ((-5.9999729 0 0)(0 0 -90)))
(1.11 ((-5.9999729 0 0)(0 0 -90)))
(1.111 ((-5.9999729 0 0)(0 0 -90)))
(1.112 ((-5.9999729 0 0)(0 0 -90)))
(1.113 ((-5.9999729 0 0)(0 0 -90)))
(1.114 ((-5.9999729 0 0)(0 0 -90)))
(1.115 ((-5.9999729 0 0)(0 0 -90)))
(1.116 ((-5.9999729 0 0)(0 0 -90)))
(1.117 ((-5.9999729 0 0)(0 0 -90)))
(1.118 ((-5.9999729 0 0)(0 0 -90)))
(1.119 ((-5.9999729 0 0)(0 0 -90)))
(1.12 ((-5.9999729 0 0)(0 0 -90)))
(1.121 ((-5.9999729 0 0)(0 0 -90)))
(1.122 ((-5.9999729 0 0)(0 0 -90)))
(1.123 ((-5.9999729 0 0)(0 0 -90)))
(1.124 ((-5.9999729 0 0)(0 0 -90)))
(1.125 ((-5.9999729 0 0)(0 0 -90)))
(1.126 ((-5.9999729 0 0)(0 0 -90)))
(1.127 ((-5.9999729 0 0)(0 0 -90)))
(1.128 ((-5.9999729 0 0)(0 0 -90)))
(1.129 ((-5.9999729 0 0)(0 0 -90)))
(1.13 ((-5.9999729 0 0)(0 0 -90)))
(1.131 ((-5.9999729 0 0)(0 0 -90)))
(1.132 ((-5.9999729 0 0)(0 0 -90)))
(1.133 ((-5.9999729 0 0)(0 0 -90)))
(1.134 ((-5.9999729 0 0)(0 0 -90)))
(1.135 ((-5.9999729 0 0)(0 0 -90)))
(1.136 ((-5.9999729 0 0)(0 0 -90)))
(1.137 ((-5.9999729 0 0)(0 0 -90)))
(1.138 ((-5.9999729 0 0)(0 0 -90)))
(1.139 ((-5.9999729 0 0)(0 0 -90)))
(1.14 ((-5.9999729 0 0)(0 0 -90)))
(1.141 ((-5.9999729 0 0)(0 0 -90)))
(1.142 ((-5.9999729 0 0)(0 0 -90)))
(1.143 ((-5.9999729 0 0)(0 0 -90)))
(1.144 ((-5.9999729 0 0)(0 0 -90)))
(1.145 ((-5.9999729 0 0)(0 0 -90)))
(1.146 ((-5.9999729 0 0)(0 0 -90)))
(1.147 ((-5.9999729 0 0)(0 0 -90)))
(1.148 ((-5.9999729 0 0)(0 0 -90)))
(1.149 ((-5.9999729 0 0)(0 0 -90)))
(1.15 ((-5.9999729 0 0)(0 0 -90)))
(1.151 ((-5.9999729 0 0)(0 0 -90)))
(1.152 ((-5.9999729 0 0)(0 0 -90)))
(1.153 ((-5.9999729 0 0)(0 0 -90)))
(1.154 ((-5.9999729 0 0)(0 0 -90)))
(1.155 ((-5.9999729 0 0)(0 0 -90)))
(1.156 ((-5.9999729 0 0)(0 0 -90)))
(1.157 ((-5.9999729 0 0)(0 0 -90)))
(1.158 ((-5.9999729 0 0)(0 0 -90)))
(1.159 ((-5.9999729 0 0)(0 0 -90)))
(1.16 ((-5.9999729 0 0)(0 0 -90)))
(1.161 ((-5.9999729 0 0)(0 0 -90)))
(1.162 ((-5.9999729 0 0)(0 0 -90)))
(1.163 ((-5.9999729 0 0)(0 0 -90)))
(1.164 ((-5.9999729 0 0)(0 0 -90)))
(1.165 ((-5.9999729 0 0)(0 0 -90)))
(1.166 ((-5.9999729 0 0)(0 0 -90)))
(1.167 ((-5.9999729 0 0)(0 0 -90)))
(1.168 ((-5.9999729 0 0)(0 0 -90)))
(1.169 ((-5.9999729 0 0)(0 0 -90)))
(1.17 ((-5.9999729 0 0)(0 0 -90)))
(1.171 ((-5.9999729 0 0)(0 0 -90)))
(1.172 ((-5.9999729 0 0)(0 0 -90)))
(1.173 ((-5.9999729 0 0)(0 0 -90)))
(1.174 ((-5.9999729 0 0)(0 0 -90)))
(1.175 ((-5.9999729 0 0)(0 0 -90)))
(1.176 ((-5.9999729 0 0)(0 0 -90)))
(1.177 ((-5.9999729 0 0)(0 0 -90)))
(1.178 ((-5.9999729 0 0)(0 0 -90)))
(1.179 ((-5.9999729 0 0)(0 0 -90)))
(1.18 ((-5.9999729 0 0)(0 0 -90)))
(1.181 ((-5.9999729 0 0)(0 0 -90)))
(1.182 ((-5.9999729 0 0)(0 0 -90)))
(1.183 ((-5.9999729 0 0)(0 0 -90)))
(1.184 ((-5.9999729 0 0)(0 0 -90)))
(1.185 ((-5.9999729 0 0)(0 0 -90)))
(1.186 ((-5.9999729 0 0)(0 0 -90)))
(1.187 ((-5.9999729 0 0)(0 0 -90)))
(1.188 ((-5.9999729 0 0)(0 0 -90)))
(1.189 ((-5.9999729 0 0)(0 0 -90)))
(1.19 ((-5.9999729 0 0)(0 0 -90)))
(1.191 ((-5.9999729 0 0)(0 0 -90)))
(1.192 ((-5.9999729 0 0)(0 0 -90)))
(1.193 ((-5.9999729 0 0)(0 0 -90)))
(1.194 ((-5.9999729 0 0)(0 0 -90)))
(1.195 ((-5.9999729 0 0)(0 0 -90)))
(1.196 ((-5.9999729 0 0)(0 0 -90)))
(1.197 ((-5.9999729 0 0)(0 0 -90)))
(1.198 ((-5.9999729 0 0)(0 0 -90)))
(1.199 ((-5.9999729 0 0)(0 0 -90)))
(1.2 ((-5.9999729 0 0)(0 0 -90)))
(1.201 ((-5.9999729 0 0)(0 0 -90)))
(1.202 ((-5.9999729 0 0)(0 0 -90)))
(1.203 ((-5.9999729 0 0)(0 0 -90)))
(1.204 ((-5.9999729 0 0)(0 0 -90)))
(1.205 ((-5.9999729 0 0)(0 0 -90)))
(1.206 ((-5.9999729 0 0)(0 0 -90)))
(1.207 ((-5.9999729 0 0)(0 0 -90)))
(1.208 ((-5.9999729 0 0)(0 0 -90)))
(1.209 ((-5.9999729 0 0)(0 0 -90)))
(1.21 ((-5.9999729 0 0)(0 0 -90)))
(1.211 ((-5.9999729 0 0)(0 0 -90)))
(1.212 ((-5.9999729 0 0)(0 0 -90)))
(1.213 ((-5.9999729 0 0)(0 0 -90)))
(1.214 ((-5.9999729 0 0)(0 0 -90)))
(1.215 ((-5.9999729 0 0)(0 0 -90)))
(1.216 ((-5.9999729 0 0)(0 0 -90)))
(1.217 ((-5.9999729 0 0)(0 0 -90)))
(1.218 ((-5.9999729 0 0)(0 0 -90)))
(1.219 ((-5.9999729 0 0)(0 0 -90)))
(1.22 ((-5.9999729 0 0)(0 0 -90)))
(1.221 ((-5.9999729 0 0)(0 0 -90)))
(1.222 ((-5.9999729 0 0)(0 0 -90)))
(1.223 ((-5.9999729 0 0)(0 0 -90)))
(1.224 ((-5.9999729 0 0)(0 0 -90)))
(1.225 ((-5.9999729 0 0)(0 0 -90)))
(1.226 ((-5.9999729 0 0)(0 0 -90)))
(1.227 ((-5.9999729 0 0)(0 0 -90)))
(1.228 ((-5.9999729 0 0)(0 0 -90)))
(1.229 ((-5.9999729 0 0)(0 0 -90)))
(1.23 ((-5.9999729 0 0)(0 0 -90)))
(1.231 ((-5.9999729 0 0)(0 0 -90)))
(1.232 ((-5.9999729 0 0)(0 0 -90)))
(1.233 ((-5.9999729 0 0)(0 0 -90)))
(1.234 ((-5.9999729 0 0)(0 0 -90)))
(1.235 ((-5.9999729 0 0)(0 0 -90)))
(1.236 ((-5.9999729 0 0)(0 0 -90)))
(1.237 ((-5.9999729 0 0)(0 0 -90)))
(1.238 ((-5.9999729 0 0)(0 0 -90)))
(1.239 ((-5.9999729 0 0)(0 0 -90)))
(1.24 ((-5.9999729 0 0)(0 0 -90)))
(1.241 ((-5.9999729 0 0)(0 0 -90)))
(1.242 ((-5.9999729 0 0)(0 0 -90)))
(1.243 ((-5.9999729 0 0)(0 0 -90)))
(1.244 ((-5.9999729 0 0)(0 0 -90)))
(1.245 ((-5.9999729 0 0)(0 0 -90)))
(1.246 ((-5.9999729 0 0)(0 0 -90)))
(1.247 ((-5.9999729 0 0)(0 0 -90)))
(1.248 ((-5.9999729 0 0)(0 0 -90)))
(1.249 ((-5.9999729 0 0)(0 0 -90)))
(1.25 ((-5.9999729 0 0)(0 0 -90)))
(1.251 ((-5.9999729 0 0)(0 0 -90)))
(1.252 ((-5.9999729 0 0)(0 0 -90)))
(1.253 ((-5.9999729 0 0)(0 0 -90)))
(1.254 ((-5.9999729 0 0)(0 0 -90)))
(1.255 ((-5.9999729 0 0)(0 0 -90)))
(1.256 ((-5.9999729 0 0)(0 0 -90)))
(1.257 ((-5.9999729 0 0)(0 0 -90)))
(1.258 ((-5.9999729 0 0)(0 0 -90)))
(1.259 ((-5.9999729 0 0)(0 0 -90)))
(1.26 ((-5.9999729 0 0)(0 0 -90)))
(1.261 ((-5.9999729 0 0)(0 0 -90)))
(1.262 ((-5.9999729 0 0)(0 0 -90)))
(1.263 ((-5.9999729 0 0)(0 0 -90)))
(1.264 ((-5.9999729 0 0)(0 0 -90)))
(1.265 ((-5.9999729 0 0)(0 0 -90)))
(1.266 ((-5.9999729 0 0)(0 0 -90)))
(1.267 ((-5.9999729 0 0)(0 0 -90)))
(1.268 ((-5.9999729 0 0)(0 0 -90)))
(1.269 ((-5.9999729 0 0)(0 0 -90)))
(1.27 ((-5.9999729 0 0)(0 0 -90)))
(1.271 ((-5.9999729 0 0)(0 0 -90)))
(1.272 ((-5.9999729 0 0)(0 0 -90)))
(1.273 ((-5.9999729 0 0)(0 0 -90)))
(1.274 ((-5.9999729 0 0)(0 0 -90)))
(1.275 ((-5.9999729 0 0)(0 0 -90)))
(1.276 ((-5.9999729 0 0)(0 0 -90)))
(1.277 ((-5.9999729 0 0)(0 0 -90)))
(1.278 ((-5.9999729 0 0)(0 0 -90)))
(1.279 ((-5.9999729 0 0)(0 0 -90)))
(1.28 ((-5.9999729 0 0)(0 0 -90)))
(1.281 ((-5.9999729 0 0)(0 0 -90)))
(1.282 ((-5.9999729 0 0)(0 0 -90)))
(1.283 ((-5.9999729 0 0)(0 0 -90)))
(1.284 ((-5.9999729 0 0)(0 0 -90)))
(1.285 ((-5.9999729 0 0)(0 0 -90)))
(1.286 ((-5.9999729 0 0)(0 0 -90)))
(1.287 ((-5.9999729 0 0)(0 0 -90)))
(1.288 ((-5.9999729 0 0)(0 0 -90)))
(1.289 ((-5.9999729 0 0)(0 0 -90)))
(1.29 ((-5.9999729 0 0)(0 0 -90)))
(1.291 ((-5.9999729 0 0)(0 0 -90)))
(1.292 ((-5.9999729 0 0)(0 0 -90)))
(1.293 ((-5.9999729 0 0)(0 0 -90)))
(1.294 ((-5.9999729 0 0)(0 0 -90)))
(1.295 ((-5.9999729 0 0)(0 0 -90)))
(1.296 ((-5.9999729 0 0)(0 0 -90)))
(1.297 ((-5.9999729 0 0)(0 0 -90)))
(1.298 ((-5.9999729 0 0)(0 0 -90)))
(1.299 ((-5.9999729 0 0)(0 0 -90)))
(1.3 ((-5.9999729 0 0)(0 0 -90)))
(1.301 ((-5.9999729 0 0)(0 0 -90)))
(1.302 ((-5.9999729 0 0)(0 0 -90)))
(1.303 ((-5.9999729 0 0)(0 0 -90)))
(1.304 ((-5.9999729 0 0)(0 0 -90)))
(1.305 ((-5.9999729 0 0)(0 0 -90)))
(1.306 ((-5.9999729 0 0)(0 0 -90)))
(1.307 ((-5.9999729 0 0)(0 0 -90)))
(1.308 ((-5.9999729 0 0)(0 0 -90)))
(1.309 ((-5.9999729 0 0)(0 0 -90)))
(1.31 ((-5.9999729 0 0)(0 0 -90)))
(1.311 ((-5.9999729 0 0)(0 0 -90)))
(1.312 ((-5.9999729 0 0)(0 0 -90)))
(1.313 ((-5.9999729 0 0)(0 0 -90)))
(1.314 ((-5.9999729 0 0)(0 0 -90)))
(1.315 ((-5.9999729 0 0)(0 0 -90)))
(1.316 ((-5.9999729 0 0)(0 0 -90)))
(1.317 ((-5.9999729 0 0)(0 0 -90)))
(1.318 ((-5.9999729 0 0)(0 0 -90)))
(1.319 ((-5.9999729 0 0)(0 0 -90)))
(1.32 ((-5.9999729 0 0)(0 0 -90)))
(1.321 ((-5.9999729 0 0)(0 0 -90)))
(1.322 ((-5.9999729 0 0)(0 0 -90)))
(1.323 ((-5.9999729 0 0)(0 0 -90)))
(1.324 ((-5.9999729 0 0)(0 0 -90)))
(1.325 ((-5.9999729 0 0)(0 0 -90)))
(1.326 ((-5.9999729 0 0)(0 0 -90)))
(1.327 ((-5.9999729 0 0)(0 0 -90)))
(1.328 ((-5.9999729 0 0)(0 0 -90)))
(1.329 ((-5.9999729 0 0)(0 0 -90)))
(1.33 ((-5.9999729 0 0)(0 0 -90)))
(1.331 ((-5.9999729 0 0)(0 0 -90)))
(1.332 ((-5.9999729 0 0)(0 0 -90)))
(1.333 ((-5.9999729 0 0)(0 0 -90)))
(1.334 ((-5.9999729 0 0)(0 0 -90)))
(1.335 ((-5.9999729 0 0)(0 0 -90)))
(1.336 ((-5.9999729 0 0)(0 0 -90)))
(1.337 ((-5.9999729 0 0)(0 0 -90)))
(1.338 ((-5.9999729 0 0)(0 0 -90)))
(1.339 ((-5.9999729 0 0)(0 0 -90)))
(1.34 ((-5.9999729 0 0)(0 0 -90)))
(1.341 ((-5.9999729 0 0)(0 0 -90)))
(1.342 ((-5.9999729 0 0)(0 0 -90)))
(1.343 ((-5.9999729 0 0)(0 0 -90)))
(1.344 ((-5.9999729 0 0)(0 0 -90)))
(1.345 ((-5.9999729 0 0)(0 0 -90)))
(1.346 ((-5.9999729 0 0)(0 0 -90)))
(1.347 ((-5.9999729 0 0)(0 0 -90)))
(1.348 ((-5.9999729 0 0)(0 0 -90)))
(1.349 ((-5.9999729 0 0)(0 0 -90)))
(1.35 ((-5.9999729 0 0)(0 0 -90)))
(1.351 ((-5.9999729 0 0)(0 0 -90)))
(1.352 ((-5.9999729 0 0)(0 0 -90)))
(1.353 ((-5.9999729 0 0)(0 0 -90)))
(1.354 ((-5.9999729 0 0)(0 0 -90)))
(1.355 ((-5.9999729 0 0)(0 0 -90)))
(1.356 ((-5.9999729 0 0)(0 0 -90)))
(1.357 ((-5.9999729 0 0)(0 0 -90)))
(1.358 ((-5.9999729 0 0)(0 0 -90)))
(1.359 ((-5.9999729 0 0)(0 0 -90)))
(1.36 ((-5.9999729 0 0)(0 0 -90)))
(1.361 ((-5.9999729 0 0)(0 0 -90)))
(1.362 ((-5.9999729 0 0)(0 0 -90)))
(1.363 ((-5.9999729 0 0)(0 0 -90)))
(1.364 ((-5.9999729 0 0)(0 0 -90)))
(1.365 ((-5.9999729 0 0)(0 0 -90)))
(1.366 ((-5.9999729 0 0)(0 0 -90)))
(1.367 ((-5.9999729 0 0)(0 0 -90)))
(1.368 ((-5.9999729 0 0)(0 0 -90)))
(1.369 ((-5.9999729 0 0)(0 0 -90)))
(1.37 ((-5.9999729 0 0)(0 0 -90)))
(1.371 ((-5.9999729 0 0)(0 0 -90)))
(1.372 ((-5.9999729 0 0)(0 0 -90)))
(1.373 ((-5.9999729 0 0)(0 0 -90)))
(1.374 ((-5.9999729 0 0)(0 0 -90)))
(1.375 ((-5.9999729 0 0)(0 0 -90)))
(1.376 ((-5.9999729 0 0)(0 0 -90)))
(1.377 ((-5.9999729 0 0)(0 0 -90)))
(1.378 ((-5.9999729 0 0)(0 0 -90)))
(1.379 ((-5.9999729 0 0)(0 0 -90)))
(1.38 ((-5.9999729 0 0)(0 0 -90)))
(1.381 ((-5.9999729 0 0)(0 0 -90)))
(1.382 ((-5.9999729 0 0)(0 0 -90)))
(1.383 ((-5.9999729 0 0)(0 0 -90)))
(1.384 ((-5.9999729 0 0)(0 0 -90)))
(1.385 ((-5.9999729 0 0)(0 0 -90)))
(1.386 ((-5.9999729 0 0)(0 0 -90)))
(1.387 ((-5.9999729 0 0)(0 0 -90)))
(1.388 ((-5.9999729 0 0)(0 0 -90)))
(1.389 ((-5.9999729 0 0)(0 0 -90)))
(1.39 ((-5.9999729 0 0)(0 0 -90)))
(1.391 ((-5.9999729 0 0)(0 0 -90)))
(1.392 ((-5.9999729 0 0)(0 0 -90)))
(1.393 ((-5.9999729 0 0)(0 0 -90)))
(1.394 ((-5.9999729 0 0)(0 0 -90)))
(1.395 ((-5.9999729 0 0)(0 0 -90)))
(1.396 ((-5.9999729 0 0)(0 0 -90)))
(1.397 ((-5.9999729 0 0)(0 0 -90)))
(1.398 ((-5.9999729 0 0)(0 0 -90)))
(1.399 ((-5.9999729 0 0)(0 0 -90)))
(1.4 ((-5.9999729 0 0)(0 0 -90)))
(1.401 ((-5.9999729 0 0)(0 0 -90)))
(1.402 ((-5.9999729 0 0)(0 0 -90)))
(1.403 ((-5.9999729 0 0)(0 0 -90)))
(1.404 ((-5.9999729 0 0)(0 0 -90)))
(1.405 ((-5.9999729 0 0)(0 0 -90)))
(1.406 ((-5.9999729 0 0)(0 0 -90)))
(1.407 ((-5.9999729 0 0)(0 0 -90)))
(1.408 ((-5.9999729 0 0)(0 0 -90)))
(1.409 ((-5.9999729 0 0)(0 0 -90)))
(1.41 ((-5.9999729 0 0)(0 0 -90)))
(1.411 ((-5.9999729 0 0)(0 0 -90)))
(1.412 ((-5.9999729 0 0)(0 0 -90)))
(1.413 ((-5.9999729 0 0)(0 0 -90)))
(1.414 ((-5.9999729 0 0)(0 0 -90)))
(1.415 ((-5.9999729 0 0)(0 0 -90)))
(1.416 ((-5.9999729 0 0)(0 0 -90)))
(1.417 ((-5.9999729 0 0)(0 0 -90)))
(1.418 ((-5.9999729 0 0)(0 0 -90)))
(1.419 ((-5.9999729 0 0)(0 0 -90)))
(1.42 ((-5.9999729 0 0)(0 0 -90)))
(1.421 ((-5.9999729 0 0)(0 0 -90)))
(1.422 ((-5.9999729 0 0)(0 0 -90)))
(1.423 ((-5.9999729 0 0)(0 0 -90)))
(1.424 ((-5.9999729 0 0)(0 0 -90)))
(1.425 ((-5.9999729 0 0)(0 0 -90)))
(1.426 ((-5.9999729 0 0)(0 0 -90)))
(1.427 ((-5.9999729 0 0)(0 0 -90)))
(1.428 ((-5.9999729 0 0)(0 0 -90)))
(1.429 ((-5.9999729 0 0)(0 0 -90)))
(1.43 ((-5.9999729 0 0)(0 0 -90)))
(1.431 ((-5.9999729 0 0)(0 0 -90)))
(1.432 ((-5.9999729 0 0)(0 0 -90)))
(1.433 ((-5.9999729 0 0)(0 0 -90)))
(1.434 ((-5.9999729 0 0)(0 0 -90)))
(1.435 ((-5.9999729 0 0)(0 0 -90)))
(1.436 ((-5.9999729 0 0)(0 0 -90)))
(1.437 ((-5.9999729 0 0)(0 0 -90)))
(1.438 ((-5.9999729 0 0)(0 0 -90)))
(1.439 ((-5.9999729 0 0)(0 0 -90)))
(1.44 ((-5.9999729 0 0)(0 0 -90)))
(1.441 ((-5.9999729 0 0)(0 0 -90)))
(1.442 ((-5.9999729 0 0)(0 0 -90)))
(1.443 ((-5.9999729 0 0)(0 0 -90)))
(1.444 ((-5.9999729 0 0)(0 0 -90)))
(1.445 ((-5.9999729 0 0)(0 0 -90)))
(1.446 ((-5.9999729 0 0)(0 0 -90)))
(1.447 ((-5.9999729 0 0)(0 0 -90)))
(1.448 ((-5.9999729 0 0)(0 0 -90)))
(1.449 ((-5.9999729 0 0)(0 0 -90)))
(1.45 ((-5.9999729 0 0)(0 0 -90)))
(1.451 ((-5.9999729 0 0)(0 0 -90)))
(1.452 ((-5.9999729 0 0)(0 0 -90)))
(1.453 ((-5.9999729 0 0)(0 0 -90)))
(1.454 ((-5.9999729 0 0)(0 0 -90)))
(1.455 ((-5.9999729 0 0)(0 0 -90)))
(1.456 ((-5.9999729 0 0)(0 0 -90)))
(1.457 ((-5.9999729 0 0)(0 0 -90)))
(1.458 ((-5.9999729 0 0)(0 0 -90)))
(1.459 ((-5.9999729 0 0)(0 0 -90)))
(1.46 ((-5.9999729 0 0)(0 0 -90)))
(1.461 ((-5.9999729 0 0)(0 0 -90)))
(1.462 ((-5.9999729 0 0)(0 0 -90)))
(1.463 ((-5.9999729 0 0)(0 0 -90)))
(1.464 ((-5.9999729 0 0)(0 0 -90)))
(1.465 ((-5.9999729 0 0)(0 0 -90)))
(1.466 ((-5.9999729 0 0)(0 0 -90)))
(1.467 ((-5.9999729 0 0)(0 0 -90)))
(1.468 ((-5.9999729 0 0)(0 0 -90)))
(1.469 ((-5.9999729 0 0)(0 0 -90)))
(1.47 ((-5.9999729 0 0)(0 0 -90)))
(1.471 ((-5.9999729 0 0)(0 0 -90)))
(1.472 ((-5.9999729 0 0)(0 0 -90)))
(1.473 ((-5.9999729 0 0)(0 0 -90)))
(1.474 ((-5.9999729 0 0)(0 0 -90)))
(1.475 ((-5.9999729 0 0)(0 0 -90)))
(1.476 ((-5.9999729 0 0)(0 0 -90)))
(1.477 ((-5.9999729 0 0)(0 0 -90)))
(1.478 ((-5.9999729 0 0)(0 0 -90)))
(1.479 ((-5.9999729 0 0)(0 0 -90)))
(1.48 ((-5.9999729 0 0)(0 0 -90)))
(1.481 ((-5.9999729 0 0)(0 0 -90)))
(1.482 ((-5.9999729 0 0)(0 0 -90)))
(1.483 ((-5.9999729 0 0)(0 0 -90)))
(1.484 ((-5.9999729 0 0)(0 0 -90)))
(1.485 ((-5.9999729 0 0)(0 0 -90)))
(1.486 ((-5.9999729 0 0)(0 0 -90)))
(1.487 ((-5.9999729 0 0)(0 0 -90)))
(1.488 ((-5.9999729 0 0)(0 0 -90)))
(1.489 ((-5.9999729 0 0)(0 0 -90)))
(1.49 ((-5.9999729 0 0)(0 0 -90)))
(1.491 ((-5.9999729 0 0)(0 0 -90)))
(1.492 ((-5.9999729 0 0)(0 0 -90)))
(1.493 ((-5.9999729 0 0)(0 0 -90)))
(1.494 ((-5.9999729 0 0)(0 0 -90)))
(1.495 ((-5.9999729 0 0)(0 0 -90)))
(1.496 ((-5.9999729 0 0)(0 0 -90)))
(1.497 ((-5.9999729 0 0)(0 0 -90)))
(1.498 ((-5.9999729 0 0)(0 0 -90)))
(1.499 ((-5.9999729 0 0)(0 0 -90)))
(1.5 ((-5.9999729 0 0)(0 0 -90)))
(1.501 ((-5.9999729 0 0)(0 0 -90)))
(1.502 ((-5.9999729 0 0)(0 0 -90)))
(1.503 ((-5.9999729 0 0)(0 0 -90)))
(1.504 ((-5.9999729 0 0)(0 0 -90)))
(1.505 ((-5.9999729 0 0)(0 0 -90)))
(1.506 ((-5.9999729 0 0)(0 0 -90)))
(1.507 ((-5.9999729 0 0)(0 0 -90)))
(1.508 ((-5.9999729 0 0)(0 0 -90)))
(1.509 ((-5.9999729 0 0)(0 0 -90)))
(1.51 ((-5.9999729 0 0)(0 0 -90)))
(1.511 ((-5.9999729 0 0)(0 0 -90)))
(1.512 ((-5.9999729 0 0)(0 0 -90)))
(1.513 ((-5.9999729 0 0)(0 0 -90)))
(1.514 ((-5.9999729 0 0)(0 0 -90)))
(1.515 ((-5.9999729 0 0)(0 0 -90)))
(1.516 ((-5.9999729 0 0)(0 0 -90)))
(1.517 ((-5.9999729 0 0)(0 0 -90)))
(1.518 ((-5.9999729 0 0)(0 0 -90)))
(1.519 ((-5.9999729 0 0)(0 0 -90)))
(1.52 ((-5.9999729 0 0)(0 0 -90)))
(1.521 ((-5.9999729 0 0)(0 0 -90)))
(1.522 ((-5.9999729 0 0)(0 0 -90)))
(1.523 ((-5.9999729 0 0)(0 0 -90)))
(1.524 ((-5.9999729 0 0)(0 0 -90)))
(1.525 ((-5.9999729 0 0)(0 0 -90)))
(1.526 ((-5.9999729 0 0)(0 0 -90)))
(1.527 ((-5.9999729 0 0)(0 0 -90)))
(1.528 ((-5.9999729 0 0)(0 0 -90)))
(1.529 ((-5.9999729 0 0)(0 0 -90)))
(1.53 ((-5.9999729 0 0)(0 0 -90)))
(1.531 ((-5.9999729 0 0)(0 0 -90)))
(1.532 ((-5.9999729 0 0)(0 0 -90)))
(1.533 ((-5.9999729 0 0)(0 0 -90)))
(1.534 ((-5.9999729 0 0)(0 0 -90)))
(1.535 ((-5.9999729 0 0)(0 0 -90)))
(1.536 ((-5.9999729 0 0)(0 0 -90)))
(1.537 ((-5.9999729 0 0)(0 0 -90)))
(1.538 ((-5.9999729 0 0)(0 0 -90)))
(1.539 ((-5.9999729 0 0)(0 0 -90)))
(1.54 ((-5.9999729 0 0)(0 0 -90)))
(1.541 ((-5.9999729 0 0)(0 0 -90)))
(1.542 ((-5.9999729 0 0)(0 0 -90)))
(1.543 ((-5.9999729 0 0)(0 0 -90)))
(1.544 ((-5.9999729 0 0)(0 0 -90)))
(1.545 ((-5.9999729 0 0)(0 0 -90)))
(1.546 ((-5.9999729 0 0)(0 0 -90)))
(1.547 ((-5.9999729 0 0)(0 0 -90)))
(1.548 ((-5.9999729 0 0)(0 0 -90)))
(1.549 ((-5.9999729 0 0)(0 0 -90)))
(1.55 ((-5.9999729 0 0)(0 0 -90)))
(1.551 ((-5.9999729 0 0)(0 0 -90)))
(1.552 ((-5.9999729 0 0)(0 0 -90)))
(1.553 ((-5.9999729 0 0)(0 0 -90)))
(1.554 ((-5.9999729 0 0)(0 0 -90)))
(1.555 ((-5.9999729 0 0)(0 0 -90)))
(1.556 ((-5.9999729 0 0)(0 0 -90)))
(1.557 ((-5.9999729 0 0)(0 0 -90)))
(1.558 ((-5.9999729 0 0)(0 0 -90)))
(1.559 ((-5.9999729 0 0)(0 0 -90)))
(1.56 ((-5.9999729 0 0)(0 0 -90)))
(1.561 ((-5.9999729 0 0)(0 0 -90)))
(1.562 ((-5.9999729 0 0)(0 0 -90)))
(1.563 ((-5.9999729 0 0)(0 0 -90)))
(1.564 ((-5.9999729 0 0)(0 0 -90)))
(1.565 ((-5.9999729 0 0)(0 0 -90)))
(1.566 ((-5.9999729 0 0)(0 0 -90)))
(1.567 ((-5.9999729 0 0)(0 0 -90)))
(1.568 ((-5.9999729 0 0)(0 0 -90)))
(1.569 ((-5.9999729 0 0)(0 0 -90)))
(1.57 ((-5.9999729 0 0)(0 0 -90)))
(1.571 ((-5.9999729 0 0)(0 0 -90)))
(1.572 ((-5.9999729 0 0)(0 0 -90)))
(1.573 ((-5.9999729 0 0)(0 0 -90)))
(1.574 ((-5.9999729 0 0)(0 0 -90)))
(1.575 ((-5.9999729 0 0)(0 0 -90)))
(1.576 ((-5.9999729 0 0)(0 0 -90)))
(1.577 ((-5.9999729 0 0)(0 0 -90)))
(1.578 ((-5.9999729 0 0)(0 0 -90)))
(1.579 ((-5.9999729 0 0)(0 0 -90)))
(1.58 ((-5.9999729 0 0)(0 0 -90)))
(1.581 ((-5.9999729 0 0)(0 0 -90)))
(1.582 ((-5.9999729 0 0)(0 0 -90)))
(1.583 ((-5.9999729 0 0)(0 0 -90)))
(1.584 ((-5.9999729 0 0)(0 0 -90)))
(1.585 ((-5.9999729 0 0)(0 0 -90)))
(1.586 ((-5.9999729 0 0)(0 0 -90)))
(1.587 ((-5.9999729 0 0)(0 0 -90)))
(1.588 ((-5.9999729 0 0)(0 0 -90)))
(1.589 ((-5.9999729 0 0)(0 0 -90)))
(1.59 ((-5.9999729 0 0)(0 0 -90)))
(1.591 ((-5.9999729 0 0)(0 0 -90)))
(1.592 ((-5.9999729 0 0)(0 0 -90)))
(1.593 ((-5.9999729 0 0)(0 0 -90)))
(1.594 ((-5.9999729 0 0)(0 0 -90)))
(1.595 ((-5.9999729 0 0)(0 0 -90)))
(1.596 ((-5.9999729 0 0)(0 0 -90)))
(1.597 ((-5.9999729 0 0)(0 0 -90)))
(1.598 ((-5.9999729 0 0)(0 0 -90)))
(1.599 ((-5.9999729 0 0)(0 0 -90)))
(1.6 ((-5.9999729 0 0)(0 0 -90)))
(1.601 ((-5.9999729 0 0)(0 0 -90)))
(1.602 ((-5.9999729 0 0)(0 0 -90)))
(1.603 ((-5.9999729 0 0)(0 0 -90)))
(1.604 ((-5.9999729 0 0)(0 0 -90)))
(1.605 ((-5.9999729 0 0)(0 0 -90)))
(1.606 ((-5.9999729 0 0)(0 0 -90)))
(1.607 ((-5.9999729 0 0)(0 0 -90)))
(1.608 ((-5.9999729 0 0)(0 0 -90)))
(1.609 ((-5.9999729 0 0)(0 0 -90)))
(1.61 ((-5.9999729 0 0)(0 0 -90)))
(1.611 ((-5.9999729 0 0)(0 0 -90)))
(1.612 ((-5.9999729 0 0)(0 0 -90)))
(1.613 ((-5.9999729 0 0)(0 0 -90)))
(1.614 ((-5.9999729 0 0)(0 0 -90)))
(1.615 ((-5.9999729 0 0)(0 0 -90)))
(1.616 ((-5.9999729 0 0)(0 0 -90)))
(1.617 ((-5.9999729 0 0)(0 0 -90)))
(1.618 ((-5.9999729 0 0)(0 0 -90)))
(1.619 ((-5.9999729 0 0)(0 0 -90)))
(1.62 ((-5.9999729 0 0)(0 0 -90)))
(1.621 ((-5.9999729 0 0)(0 0 -90)))
(1.622 ((-5.9999729 0 0)(0 0 -90)))
(1.623 ((-5.9999729 0 0)(0 0 -90)))
(1.624 ((-5.9999729 0 0)(0 0 -90)))
(1.625 ((-5.9999729 0 0)(0 0 -90)))
(1.626 ((-5.9999729 0 0)(0 0 -90)))
(1.627 ((-5.9999729 0 0)(0 0 -90)))
(1.628 ((-5.9999729 0 0)(0 0 -90)))
(1.629 ((-5.9999729 0 0)(0 0 -90)))
(1.63 ((-5.9999729 0 0)(0 0 -90)))
(1.631 ((-5.9999729 0 0)(0 0 -90)))
(1.632 ((-5.9999729 0 0)(0 0 -90)))
(1.633 ((-5.9999729 0 0)(0 0 -90)))
(1.634 ((-5.9999729 0 0)(0 0 -90)))
(1.635 ((-5.9999729 0 0)(0 0 -90)))
(1.636 ((-5.9999729 0 0)(0 0 -90)))
(1.637 ((-5.9999729 0 0)(0 0 -90)))
(1.638 ((-5.9999729 0 0)(0 0 -90)))
(1.639 ((-5.9999729 0 0)(0 0 -90)))
(1.64 ((-5.9999729 0 0)(0 0 -90)))
(1.641 ((-5.9999729 0 0)(0 0 -90)))
(1.642 ((-5.9999729 0 0)(0 0 -90)))
(1.643 ((-5.9999729 0 0)(0 0 -90)))
(1.644 ((-5.9999729 0 0)(0 0 -90)))
(1.645 ((-5.9999729 0 0)(0 0 -90)))
(1.646 ((-5.9999729 0 0)(0 0 -90)))
(1.647 ((-5.9999729 0 0)(0 0 -90)))
(1.648 ((-5.9999729 0 0)(0 0 -90)))
(1.649 ((-5.9999729 0 0)(0 0 -90)))
(1.65 ((-5.9999729 0 0)(0 0 -90)))
(1.651 ((-5.9999729 0 0)(0 0 -90)))
(1.652 ((-5.9999729 0 0)(0 0 -90)))
(1.653 ((-5.9999729 0 0)(0 0 -90)))
(1.654 ((-5.9999729 0 0)(0 0 -90)))
(1.655 ((-5.9999729 0 0)(0 0 -90)))
(1.656 ((-5.9999729 0 0)(0 0 -90)))
(1.657 ((-5.9999729 0 0)(0 0 -90)))
(1.658 ((-5.9999729 0 0)(0 0 -90)))
(1.659 ((-5.9999729 0 0)(0 0 -90)))
(1.66 ((-5.9999729 0 0)(0 0 -90)))
(1.661 ((-5.9999729 0 0)(0 0 -90)))
(1.662 ((-5.9999729 0 0)(0 0 -90)))
(1.663 ((-5.9999729 0 0)(0 0 -90)))
(1.664 ((-5.9999729 0 0)(0 0 -90)))
(1.665 ((-5.9999729 0 0)(0 0 -90)))
(1.666 ((-5.9999729 0 0)(0 0 -90)))
(1.667 ((-5.9999729 0 0)(0 0 -90)))
(1.668 ((-5.9999729 0 0)(0 0 -90)))
(1.669 ((-5.9999729 0 0)(0 0 -90)))
(1.67 ((-5.9999729 0 0)(0 0 -90)))
(1.671 ((-5.9999729 0 0)(0 0 -90)))
(1.672 ((-5.9999729 0 0)(0 0 -90)))
(1.673 ((-5.9999729 0 0)(0 0 -90)))
(1.674 ((-5.9999729 0 0)(0 0 -90)))
(1.675 ((-5.9999729 0 0)(0 0 -90)))
(1.676 ((-5.9999729 0 0)(0 0 -90)))
(1.677 ((-5.9999729 0 0)(0 0 -90)))
(1.678 ((-5.9999729 0 0)(0 0 -90)))
(1.679 ((-5.9999729 0 0)(0 0 -90)))
(1.68 ((-5.9999729 0 0)(0 0 -90)))
(1.681 ((-5.9999729 0 0)(0 0 -90)))
(1.682 ((-5.9999729 0 0)(0 0 -90)))
(1.683 ((-5.9999729 0 0)(0 0 -90)))
(1.684 ((-5.9999729 0 0)(0 0 -90)))
(1.685 ((-5.9999729 0 0)(0 0 -90)))
(1.686 ((-5.9999729 0 0)(0 0 -90)))
(1.687 ((-5.9999729 0 0)(0 0 -90)))
(1.688 ((-5.9999729 0 0)(0 0 -90)))
(1.689 ((-5.9999729 0 0)(0 0 -90)))
(1.69 ((-5.9999729 0 0)(0 0 -90)))
(1.691 ((-5.9999729 0 0)(0 0 -90)))
(1.692 ((-5.9999729 0 0)(0 0 -90)))
(1.693 ((-5.9999729 0 0)(0 0 -90)))
(1.694 ((-5.9999729 0 0)(0 0 -90)))
(1.695 ((-5.9999729 0 0)(0 0 -90)))
(1.696 ((-5.9999729 0 0)(0 0 -90)))
(1.697 ((-5.9999729 0 0)(0 0 -90)))
(1.698 ((-5.9999729 0 0)(0 0 -90)))
(1.699 ((-5.9999729 0 0)(0 0 -90)))
(1.7 ((-5.9999729 0 0)(0 0 -90)))
(1.701 ((-5.9999729 0 0)(0 0 -90)))
(1.702 ((-5.9999729 0 0)(0 0 -90)))
(1.703 ((-5.9999729 0 0)(0 0 -90)))
(1.704 ((-5.9999729 0 0)(0 0 -90)))
(1.705 ((-5.9999729 0 0)(0 0 -90)))
(1.706 ((-5.9999729 0 0)(0 0 -90)))
(1.707 ((-5.9999729 0 0)(0 0 -90)))
(1.708 ((-5.9999729 0 0)(0 0 -90)))
(1.709 ((-5.9999729 0 0)(0 0 -90)))
(1.71 ((-5.9999729 0 0)(0 0 -90)))
(1.711 ((-5.9999729 0 0)(0 0 -90)))
(1.712 ((-5.9999729 0 0)(0 0 -90)))
(1.713 ((-5.9999729 0 0)(0 0 -90)))
(1.714 ((-5.9999729 0 0)(0 0 -90)))
(1.715 ((-5.9999729 0 0)(0 0 -90)))
(1.716 ((-5.9999729 0 0)(0 0 -90)))
(1.717 ((-5.9999729 0 0)(0 0 -90)))
(1.718 ((-5.9999729 0 0)(0 0 -90)))
(1.719 ((-5.9999729 0 0)(0 0 -90)))
(1.72 ((-5.9999729 0 0)(0 0 -90)))
(1.721 ((-5.9999729 0 0)(0 0 -90)))
(1.722 ((-5.9999729 0 0)(0 0 -90)))
(1.723 ((-5.9999729 0 0)(0 0 -90)))
(1.724 ((-5.9999729 0 0)(0 0 -90)))
(1.725 ((-5.9999729 0 0)(0 0 -90)))
(1.726 ((-5.9999729 0 0)(0 0 -90)))
(1.727 ((-5.9999729 0 0)(0 0 -90)))
(1.728 ((-5.9999729 0 0)(0 0 -90)))
(1.729 ((-5.9999729 0 0)(0 0 -90)))
(1.73 ((-5.9999729 0 0)(0 0 -90)))
(1.731 ((-5.9999729 0 0)(0 0 -90)))
(1.732 ((-5.9999729 0 0)(0 0 -90)))
(1.733 ((-5.9999729 0 0)(0 0 -90)))
(1.734 ((-5.9999729 0 0)(0 0 -90)))
(1.735 ((-5.9999729 0 0)(0 0 -90)))
(1.736 ((-5.9999729 0 0)(0 0 -90)))
(1.737 ((-5.9999729 0 0)(0 0 -90)))
(1.738 ((-5.9999729 0 0)(0 0 -90)))
(1.739 ((-5.9999729 0 0)(0 0 -90)))
(1.74 ((-5.9999729 0 0)(0 0 -90)))
(1.741 ((-5.9999729 0 0)(0 0 -90)))
(1.742 ((-5.9999729 0 0)(0 0 -90)))
(1.743 ((-5.9999729 0 0)(0 0 -90)))
(1.744 ((-5.9999729 0 0)(0 0 -90)))
(1.745 ((-5.9999729 0 0)(0 0 -90)))
(1.746 ((-5.9999729 0 0)(0 0 -90)))
(1.747 ((-5.9999729 0 0)(0 0 -90)))
(1.748 ((-5.9999729 0 0)(0 0 -90)))
(1.749 ((-5.9999729 0 0)(0 0 -90)))
(1.75 ((-5.9999729 0 0)(0 0 -90)))
(1.751 ((-5.9999729 0 0)(0 0 -90)))
(1.752 ((-5.9999729 0 0)(0 0 -90)))
(1.753 ((-5.9999729 0 0)(0 0 -90)))
(1.754 ((-5.9999729 0 0)(0 0 -90)))
(1.755 ((-5.9999729 0 0)(0 0 -90)))
(1.756 ((-5.9999729 0 0)(0 0 -90)))
(1.757 ((-5.9999729 0 0)(0 0 -90)))
(1.758 ((-5.9999729 0 0)(0 0 -90)))
(1.759 ((-5.9999729 0 0)(0 0 -90)))
(1.76 ((-5.9999729 0 0)(0 0 -90)))
(1.761 ((-5.9999729 0 0)(0 0 -90)))
(1.762 ((-5.9999729 0 0)(0 0 -90)))
(1.763 ((-5.9999729 0 0)(0 0 -90)))
(1.764 ((-5.9999729 0 0)(0 0 -90)))
(1.765 ((-5.9999729 0 0)(0 0 -90)))
(1.766 ((-5.9999729 0 0)(0 0 -90)))
(1.767 ((-5.9999729 0 0)(0 0 -90)))
(1.768 ((-5.9999729 0 0)(0 0 -90)))
(1.769 ((-5.9999729 0 0)(0 0 -90)))
(1.77 ((-5.9999729 0 0)(0 0 -90)))
(1.771 ((-5.9999729 0 0)(0 0 -90)))
(1.772 ((-5.9999729 0 0)(0 0 -90)))
(1.773 ((-5.9999729 0 0)(0 0 -90)))
(1.774 ((-5.9999729 0 0)(0 0 -90)))
(1.775 ((-5.9999729 0 0)(0 0 -90)))
(1.776 ((-5.9999729 0 0)(0 0 -90)))
(1.777 ((-5.9999729 0 0)(0 0 -90)))
(1.778 ((-5.9999729 0 0)(0 0 -90)))
(1.779 ((-5.9999729 0 0)(0 0 -90)))
(1.78 ((-5.9999729 0 0)(0 0 -90)))
(1.781 ((-5.9999729 0 0)(0 0 -90)))
(1.782 ((-5.9999729 0 0)(0 0 -90)))
(1.783 ((-5.9999729 0 0)(0 0 -90)))
(1.784 ((-5.9999729 0 0)(0 0 -90)))
(1.785 ((-5.9999729 0 0)(0 0 -90)))
(1.786 ((-5.9999729 0 0)(0 0 -90)))
(1.787 ((-5.9999729 0 0)(0 0 -90)))
(1.788 ((-5.9999729 0 0)(0 0 -90)))
(1.789 ((-5.9999729 0 0)(0 0 -90)))
(1.79 ((-5.9999729 0 0)(0 0 -90)))
(1.791 ((-5.9999729 0 0)(0 0 -90)))
(1.792 ((-5.9999729 0 0)(0 0 -90)))
(1.793 ((-5.9999729 0 0)(0 0 -90)))
(1.794 ((-5.9999729 0 0)(0 0 -90)))
(1.795 ((-5.9999729 0 0)(0 0 -90)))
(1.796 ((-5.9999729 0 0)(0 0 -90)))
(1.797 ((-5.9999729 0 0)(0 0 -90)))
(1.798 ((-5.9999729 0 0)(0 0 -90)))
(1.799 ((-5.9999729 0 0)(0 0 -90)))
(1.8 ((-5.9999729 0 0)(0 0 -90)))
(1.801 ((-5.9999729 0 0)(0 0 -90)))
(1.802 ((-5.9999729 0 0)(0 0 -90)))
(1.803 ((-5.9999729 0 0)(0 0 -90)))
(1.804 ((-5.9999729 0 0)(0 0 -90)))
(1.805 ((-5.9999729 0 0)(0 0 -90)))
(1.806 ((-5.9999729 0 0)(0 0 -90)))
(1.807 ((-5.9999729 0 0)(0 0 -90)))
(1.808 ((-5.9999729 0 0)(0 0 -90)))
(1.809 ((-5.9999729 0 0)(0 0 -90)))
(1.81 ((-5.9999729 0 0)(0 0 -90)))
(1.811 ((-5.9999729 0 0)(0 0 -90)))
(1.812 ((-5.9999729 0 0)(0 0 -90)))
(1.813 ((-5.9999729 0 0)(0 0 -90)))
(1.814 ((-5.9999729 0 0)(0 0 -90)))
(1.815 ((-5.9999729 0 0)(0 0 -90)))
(1.816 ((-5.9999729 0 0)(0 0 -90)))
(1.817 ((-5.9999729 0 0)(0 0 -90)))
(1.818 ((-5.9999729 0 0)(0 0 -90)))
(1.819 ((-5.9999729 0 0)(0 0 -90)))
(1.82 ((-5.9999729 0 0)(0 0 -90)))
(1.821 ((-5.9999729 0 0)(0 0 -90)))
(1.822 ((-5.9999729 0 0)(0 0 -90)))
(1.823 ((-5.9999729 0 0)(0 0 -90)))
(1.824 ((-5.9999729 0 0)(0 0 -90)))
(1.825 ((-5.9999729 0 0)(0 0 -90)))
(1.826 ((-5.9999729 0 0)(0 0 -90)))
(1.827 ((-5.9999729 0 0)(0 0 -90)))
(1.828 ((-5.9999729 0 0)(0 0 -90)))
(1.829 ((-5.9999729 0 0)(0 0 -90)))
(1.83 ((-5.9999729 0 0)(0 0 -90)))
(1.831 ((-5.9999729 0 0)(0 0 -90)))
(1.832 ((-5.9999729 0 0)(0 0 -90)))
(1.833 ((-5.9999729 0 0)(0 0 -90)))
(1.834 ((-5.9999729 0 0)(0 0 -90)))
(1.835 ((-5.9999729 0 0)(0 0 -90)))
(1.836 ((-5.9999729 0 0)(0 0 -90)))
(1.837 ((-5.9999729 0 0)(0 0 -90)))
(1.838 ((-5.9999729 0 0)(0 0 -90)))
(1.839 ((-5.9999729 0 0)(0 0 -90)))
(1.84 ((-5.9999729 0 0)(0 0 -90)))
(1.841 ((-5.9999729 0 0)(0 0 -90)))
(1.842 ((-5.9999729 0 0)(0 0 -90)))
(1.843 ((-5.9999729 0 0)(0 0 -90)))
(1.844 ((-5.9999729 0 0)(0 0 -90)))
(1.845 ((-5.9999729 0 0)(0 0 -90)))
(1.846 ((-5.9999729 0 0)(0 0 -90)))
(1.847 ((-5.9999729 0 0)(0 0 -90)))
(1.848 ((-5.9999729 0 0)(0 0 -90)))
(1.849 ((-5.9999729 0 0)(0 0 -90)))
(1.85 ((-5.9999729 0 0)(0 0 -90)))
(1.851 ((-5.9999729 0 0)(0 0 -90)))
(1.852 ((-5.9999729 0 0)(0 0 -90)))
(1.853 ((-5.9999729 0 0)(0 0 -90)))
(1.854 ((-5.9999729 0 0)(0 0 -90)))
(1.855 ((-5.9999729 0 0)(0 0 -90)))
(1.856 ((-5.9999729 0 0)(0 0 -90)))
(1.857 ((-5.9999729 0 0)(0 0 -90)))
(1.858 ((-5.9999729 0 0)(0 0 -90)))
(1.859 ((-5.9999729 0 0)(0 0 -90)))
(1.86 ((-5.9999729 0 0)(0 0 -90)))
(1.861 ((-5.9999729 0 0)(0 0 -90)))
(1.862 ((-5.9999729 0 0)(0 0 -90)))
(1.863 ((-5.9999729 0 0)(0 0 -90)))
(1.864 ((-5.9999729 0 0)(0 0 -90)))
(1.865 ((-5.9999729 0 0)(0 0 -90)))
(1.866 ((-5.9999729 0 0)(0 0 -90)))
(1.867 ((-5.9999729 0 0)(0 0 -90)))
(1.868 ((-5.9999729 0 0)(0 0 -90)))
(1.869 ((-5.9999729 0 0)(0 0 -90)))
(1.87 ((-5.9999729 0 0)(0 0 -90)))
(1.871 ((-5.9999729 0 0)(0 0 -90)))
(1.872 ((-5.9999729 0 0)(0 0 -90)))
(1.873 ((-5.9999729 0 0)(0 0 -90)))
(1.874 ((-5.9999729 0 0)(0 0 -90)))
(1.875 ((-5.9999729 0 0)(0 0 -90)))
(1.876 ((-5.9999729 0 0)(0 0 -90)))
(1.877 ((-5.9999729 0 0)(0 0 -90)))
(1.878 ((-5.9999729 0 0)(0 0 -90)))
(1.879 ((-5.9999729 0 0)(0 0 -90)))
(1.88 ((-5.9999729 0 0)(0 0 -90)))
(1.881 ((-5.9999729 0 0)(0 0 -90)))
(1.882 ((-5.9999729 0 0)(0 0 -90)))
(1.883 ((-5.9999729 0 0)(0 0 -90)))
(1.884 ((-5.9999729 0 0)(0 0 -90)))
(1.885 ((-5.9999729 0 0)(0 0 -90)))
(1.886 ((-5.9999729 0 0)(0 0 -90)))
(1.887 ((-5.9999729 0 0)(0 0 -90)))
(1.888 ((-5.9999729 0 0)(0 0 -90)))
(1.889 ((-5.9999729 0 0)(0 0 -90)))
(1.89 ((-5.9999729 0 0)(0 0 -90)))
(1.891 ((-5.9999729 0 0)(0 0 -90)))
(1.892 ((-5.9999729 0 0)(0 0 -90)))
(1.893 ((-5.9999729 0 0)(0 0 -90)))
(1.894 ((-5.9999729 0 0)(0 0 -90)))
(1.895 ((-5.9999729 0 0)(0 0 -90)))
(1.896 ((-5.9999729 0 0)(0 0 -90)))
(1.897 ((-5.9999729 0 0)(0 0 -90)))
(1.898 ((-5.9999729 0 0)(0 0 -90)))
(1.899 ((-5.9999729 0 0)(0 0 -90)))
(1.9 ((-5.9999729 0 0)(0 0 -90)))
(1.901 ((-5.9999729 0 0)(0 0 -90)))
(1.902 ((-5.9999729 0 0)(0 0 -90)))
(1.903 ((-5.9999729 0 0)(0 0 -90)))
(1.904 ((-5.9999729 0 0)(0 0 -90)))
(1.905 ((-5.9999729 0 0)(0 0 -90)))
(1.906 ((-5.9999729 0 0)(0 0 -90)))
(1.907 ((-5.9999729 0 0)(0 0 -90)))
(1.908 ((-5.9999729 0 0)(0 0 -90)))
(1.909 ((-5.9999729 0 0)(0 0 -90)))
(1.91 ((-5.9999729 0 0)(0 0 -90)))
(1.911 ((-5.9999729 0 0)(0 0 -90)))
(1.912 ((-5.9999729 0 0)(0 0 -90)))
(1.913 ((-5.9999729 0 0)(0 0 -90)))
(1.914 ((-5.9999729 0 0)(0 0 -90)))
(1.915 ((-5.9999729 0 0)(0 0 -90)))
(1.916 ((-5.9999729 0 0)(0 0 -90)))
(1.917 ((-5.9999729 0 0)(0 0 -90)))
(1.918 ((-5.9999729 0 0)(0 0 -90)))
(1.919 ((-5.9999729 0 0)(0 0 -90)))
(1.92 ((-5.9999729 0 0)(0 0 -90)))
(1.921 ((-5.9999729 0 0)(0 0 -90)))
(1.922 ((-5.9999729 0 0)(0 0 -90)))
(1.923 ((-5.9999729 0 0)(0 0 -90)))
(1.924 ((-5.9999729 0 0)(0 0 -90)))
(1.925 ((-5.9999729 0 0)(0 0 -90)))
(1.926 ((-5.9999729 0 0)(0 0 -90)))
(1.927 ((-5.9999729 0 0)(0 0 -90)))
(1.928 ((-5.9999729 0 0)(0 0 -90)))
(1.929 ((-5.9999729 0 0)(0 0 -90)))
(1.93 ((-5.9999729 0 0)(0 0 -90)))
(1.931 ((-5.9999729 0 0)(0 0 -90)))
(1.932 ((-5.9999729 0 0)(0 0 -90)))
(1.933 ((-5.9999729 0 0)(0 0 -90)))
(1.934 ((-5.9999729 0 0)(0 0 -90)))
(1.935 ((-5.9999729 0 0)(0 0 -90)))
(1.936 ((-5.9999729 0 0)(0 0 -90)))
(1.937 ((-5.9999729 0 0)(0 0 -90)))
(1.938 ((-5.9999729 0 0)(0 0 -90)))
(1.939 ((-5.9999729 0 0)(0 0 -90)))
(1.94 ((-5.9999729 0 0)(0 0 -90)))
(1.941 ((-5.9999729 0 0)(0 0 -90)))
(1.942 ((-5.9999729 0 0)(0 0 -90)))
(1.943 ((-5.9999729 0 0)(0 0 -90)))
(1.944 ((-5.9999729 0 0)(0 0 -90)))
(1.945 ((-5.9999729 0 0)(0 0 -90)))
(1.946 ((-5.9999729 0 0)(0 0 -90)))
(1.947 ((-5.9999729 0 0)(0 0 -90)))
(1.948 ((-5.9999729 0 0)(0 0 -90)))
(1.949 ((-5.9999729 0 0)(0 0 -90)))
(1.95 ((-5.9999729 0 0)(0 0 -90)))
(1.951 ((-5.9999729 0 0)(0 0 -90)))
(1.952 ((-5.9999729 0 0)(0 0 -90)))
(1.953 ((-5.9999729 0 0)(0 0 -90)))
(1.954 ((-5.9999729 0 0)(0 0 -90)))
(1.955 ((-5.9999729 0 0)(0 0 -90)))
(1.956 ((-5.9999729 0 0)(0 0 -90)))
(1.957 ((-5.9999729 0 0)(0 0 -90)))
(1.958 ((-5.9999729 0 0)(0 0 -90)))
(1.959 ((-5.9999729 0 0)(0 0 -90)))
(1.96 ((-5.9999729 0 0)(0 0 -90)))
(1.961 ((-5.9999729 0 0)(0 0 -90)))
(1.962 ((-5.9999729 0 0)(0 0 -90)))
(1.963 ((-5.9999729 0 0)(0 0 -90)))
(1.964 ((-5.9999729 0 0)(0 0 -90)))
(1.965 ((-5.9999729 0 0)(0 0 -90)))
(1.966 ((-5.9999729 0 0)(0 0 -90)))
(1.967 ((-5.9999729 0 0)(0 0 -90)))
(1.968 ((-5.9999729 0 0)(0 0 -90)))
(1.969 ((-5.9999729 0 0)(0 0 -90)))
(1.97 ((-5.9999729 0 0)(0 0 -90)))
(1.971 ((-5.9999729 0 0)(0 0 -90)))
(1.972 ((-5.9999729 0 0)(0 0 -90)))
(1.973 ((-5.9999729 0 0)(0 0 -90)))
(1.974 ((-5.9999729 0 0)(0 0 -90)))
(1.975 ((-5.9999729 0 0)(0 0 -90)))
(1.976 ((-5.9999729 0 0)(0 0 -90)))
(1.977 ((-5.9999729 0 0)(0 0 -90)))
(1.978 ((-5.9999729 0 0)(0 0 -90)))
(1.979 ((-5.9999729 0 0)(0 0 -90)))
(1.98 ((-5.9999729 0 0)(0 0 -90)))
(1.981 ((-5.9999729 0 0)(0 0 -90)))
(1.982 ((-5.9999729 0 0)(0 0 -90)))
(1.983 ((-5.9999729 0 0)(0 0 -90)))
(1.984 ((-5.9999729 0 0)(0 0 -90)))
(1.985 ((-5.9999729 0 0)(0 0 -90)))
(1.986 ((-5.9999729 0 0)(0 0 -90)))
(1.987 ((-5.9999729 0 0)(0 0 -90)))
(1.988 ((-5.9999729 0 0)(0 0 -90)))
(1.989 ((-5.9999729 0 0)(0 0 -90)))
(1.99 ((-5.9999729 0 0)(0 0 -90)))
(1.991 ((-5.9999729 0 0)(0 0 -90)))
(1.992 ((-5.9999729 0 0)(0 0 -90)))
(1.993 ((-5.9999729 0 0)(0 0 -90)))
(1.994 ((-5.9999729 0 0)(0 0 -90)))
(1.995 ((-5.9999729 0 0)(0 0 -90)))
(1.996 ((-5.9999729 0 0)(0 0 -90)))
(1.997 ((-5.9999729 0 0)(0 0 -90)))
(1.998 ((-5.9999729 0 0)(0 0 -90)))
(1.999 ((-5.9999729 0 0)(0 0 -90)))
(2 ((-5.9999729 0 0)(0 0 -90)))
(2.001 ((-5.9999729 0 0)(0 0 -90)))
(2.002 ((-5.9999729 0 0)(0 0 -90)))
(2.003 ((-5.9999729 0 0)(0 0 -90)))
(2.004 ((-5.9999729 0 0)(0 0 -90)))
(2.005 ((-5.9999729 0 0)(0 0 -90)))
(2.006 ((-5.9999729 0 0)(0 0 -90)))
(2.007 ((-5.9999729 0 0)(0 0 -90)))
(2.008 ((-5.9999729 0 0)(0 0 -90)))
(2.009 ((-5.9999729 0 0)(0 0 -90)))
(2.01 ((-5.9999729 0 0)(0 0 -90)))
(2.011 ((-5.9999729 0 0)(0 0 -90)))
(2.012 ((-5.9999729 0 0)(0 0 -90)))
(2.013 ((-5.9999729 0 0)(0 0 -90)))
(2.014 ((-5.9999729 0 0)(0 0 -90)))
(2.015 ((-5.9999729 0 0)(0 0 -90)))
(2.016 ((-5.9999729 0 0)(0 0 -90)))
(2.017 ((-5.9999729 0 0)(0 0 -90)))
(2.018 ((-5.9999729 0 0)(0 0 -90)))
(2.019 ((-5.9999729 0 0)(0 0 -90)))
(2.02 ((-5.9999729 0 0)(0 0 -90)))
(2.021 ((-5.9999729 0 0)(0 0 -90)))
(2.022 ((-5.9999729 0 0)(0 0 -90)))
(2.023 ((-5.9999729 0 0)(0 0 -90)))
(2.024 ((-5.9999729 0 0)(0 0 -90)))
(2.025 ((-5.9999729 0 0)(0 0 -90)))
(2.026 ((-5.9999729 0 0)(0 0 -90)))
(2.027 ((-5.9999729 0 0)(0 0 -90)))
(2.028 ((-5.9999729 0 0)(0 0 -90)))
(2.029 ((-5.9999729 0 0)(0 0 -90)))
(2.03 ((-5.9999729 0 0)(0 0 -90)))
(2.031 ((-5.9999729 0 0)(0 0 -90)))
(2.032 ((-5.9999729 0 0)(0 0 -90)))
(2.033 ((-5.9999729 0 0)(0 0 -90)))
(2.034 ((-5.9999729 0 0)(0 0 -90)))
(2.035 ((-5.9999729 0 0)(0 0 -90)))
(2.036 ((-5.9999729 0 0)(0 0 -90)))
(2.037 ((-5.9999729 0 0)(0 0 -90)))
(2.038 ((-5.9999729 0 0)(0 0 -90)))
(2.039 ((-5.9999729 0 0)(0 0 -90)))
(2.04 ((-5.9999729 0 0)(0 0 -90)))
(2.041 ((-5.9999729 0 0)(0 0 -90)))
(2.042 ((-5.9999729 0 0)(0 0 -90)))
(2.043 ((-5.9999729 0 0)(0 0 -90)))
(2.044 ((-5.9999729 0 0)(0 0 -90)))
(2.045 ((-5.9999729 0 0)(0 0 -90)))
(2.046 ((-5.9999729 0 0)(0 0 -90)))
(2.047 ((-5.9999729 0 0)(0 0 -90)))
(2.048 ((-5.9999729 0 0)(0 0 -90)))
(2.049 ((-5.9999729 0 0)(0 0 -90)))
(2.05 ((-5.9999729 0 0)(0 0 -90)))
(2.051 ((-5.9999729 0 0)(0 0 -90)))
(2.052 ((-5.9999729 0 0)(0 0 -90)))
(2.053 ((-5.9999729 0 0)(0 0 -90)))
(2.054 ((-5.9999729 0 0)(0 0 -90)))
(2.055 ((-5.9999729 0 0)(0 0 -90)))
(2.056 ((-5.9999729 0 0)(0 0 -90)))
(2.057 ((-5.9999729 0 0)(0 0 -90)))
(2.058 ((-5.9999729 0 0)(0 0 -90)))
(2.059 ((-5.9999729 0 0)(0 0 -90)))
(2.06 ((-5.9999729 0 0)(0 0 -90)))
(2.061 ((-5.9999729 0 0)(0 0 -90)))
(2.062 ((-5.9999729 0 0)(0 0 -90)))
(2.063 ((-5.9999729 0 0)(0 0 -90)))
(2.064 ((-5.9999729 0 0)(0 0 -90)))
(2.065 ((-5.9999729 0 0)(0 0 -90)))
(2.066 ((-5.9999729 0 0)(0 0 -90)))
(2.067 ((-5.9999729 0 0)(0 0 -90)))
(2.068 ((-5.9999729 0 0)(0 0 -90)))
(2.069 ((-5.9999729 0 0)(0 0 -90)))
(2.07 ((-5.9999729 0 0)(0 0 -90)))
(2.071 ((-5.9999729 0 0)(0 0 -90)))
(2.072 ((-5.9999729 0 0)(0 0 -90)))
(2.073 ((-5.9999729 0 0)(0 0 -90)))
(2.074 ((-5.9999729 0 0)(0 0 -90)))
(2.075 ((-5.9999729 0 0)(0 0 -90)))
(2.076 ((-5.9999729 0 0)(0 0 -90)))
(2.077 ((-5.9999729 0 0)(0 0 -90)))
(2.078 ((-5.9999729 0 0)(0 0 -90)))
(2.079 ((-5.9999729 0 0)(0 0 -90)))
(2.08 ((-5.9999729 0 0)(0 0 -90)))
(2.081 ((-5.9999729 0 0)(0 0 -90)))
(2.082 ((-5.9999729 0 0)(0 0 -90)))
(2.083 ((-5.9999729 0 0)(0 0 -90)))
(2.084 ((-5.9999729 0 0)(0 0 -90)))
(2.085 ((-5.9999729 0 0)(0 0 -90)))
(2.086 ((-5.9999729 0 0)(0 0 -90)))
(2.087 ((-5.9999729 0 0)(0 0 -90)))
(2.088 ((-5.9999729 0 0)(0 0 -90)))
(2.089 ((-5.9999729 0 0)(0 0 -90)))
(2.09 ((-5.9999729 0 0)(0 0 -90)))
(2.091 ((-5.9999729 0 0)(0 0 -90)))
(2.092 ((-5.9999729 0 0)(0 0 -90)))
(2.093 ((-5.9999729 0 0)(0 0 -90)))
(2.094 ((-5.9999729 0 0)(0 0 -90)))
(2.095 ((-5.9999729 0 0)(0 0 -90)))
(2.096 ((-5.9999729 0 0)(0 0 -90)))
(2.097 ((-5.9999729 0 0)(0 0 -90)))
(2.098 ((-5.9999729 0 0)(0 0 -90)))
(2.099 ((-5.9999729 0 0)(0 0 -90)))
)
