2100
(
(0 ((-0 0 0)(0 0 -0)))
(0.001 ((-1.493506e-06 0 0)(0 0 -2.5589641e-16)))
(0.002 ((-3.3135885e-06 0 0)(0 0 1.9737298e-16)))
(0.003 ((-5.5306903e-06 0 0)(0 0 1.2048919e-16)))
(0.004 ((-8.2298262e-06 0 0)(0 0 1.227847e-16)))
(0.005 ((-1.1513507e-05 0 0)(0 0 1.9048644e-16)))
(0.006 ((-1.550496e-05 0 0)(0 0 -2.3064576e-16)))
(0.007 ((-2.0351824e-05 0 0)(0 0 -9.411605e-17)))
(0.008 ((-2.6230285e-05 0 0)(0 0 -5.1516217e-16)))
(0.009 ((-3.3349588e-05 0 0)(0 0 -4.4780477e-16)))
(0.01 ((-4.1956839e-05 0 0)(0 0 -4.4421798e-16)))
(0.011 ((-5.2341909e-05 0 0)(0 0 -5.2592255e-16)))
(0.012 ((-6.4842182e-05 0 0)(0 0 -5.4661322e-17)))
(0.013 ((-7.9846782e-05 0 0)(0 0 -5.2573403e-16)))
(0.014 ((-9.7799829e-05 0 0)(0 0 -4.4497205e-16)))
(0.015 ((-0.00011920218 0 0)(0 0 -4.4497701e-16)))
(0.016 ((-0.00014461114 0 0)(0 0 -5.2571915e-16)))
(0.017 ((-0.00017463761 0 0)(0 0 -5.4715892e-17)))
(0.018 ((-0.00020994035 0 0)(0 0 -5.2571915e-16)))
(0.019 ((-0.00025121734 0 0)(0 0 -4.4497701e-16)))
(0.02 ((-0.00029919446 0 0)(0 0 -4.4497205e-16)))
(0.021 ((-0.00035461206 0 0)(0 0 -5.2573403e-16)))
(0.022 ((-0.00041821048 0 0)(0 0 -5.4661334e-17)))
(0.023 ((-0.0004907156 0 0)(0 0 -5.259225e-16)))
(0.024 ((-0.0005728254 0 0)(0 0 -4.4421816e-16)))
(0.025 ((-0.00066519864 0 0)(0 0 -4.478041e-16)))
(0.026 ((-0.00076844624 0 0)(0 0 -5.1516467e-16)))
(0.027 ((-0.00088312547 0 0)(0 0 -9.4106718e-17)))
(0.028 ((-0.0010097372 0 0)(0 0 -2.3068059e-16)))
(0.029 ((-0.0011487256 0 0)(0 0 1.9061642e-16)))
(0.03 ((-0.0013004797 0 0)(0 0 1.222996e-16)))
(0.031 ((-0.001465337 0 0)(0 0 1.222996e-16)))
(0.032 ((-0.0016435872 0 0)(0 0 1.9061642e-16)))
(0.033 ((-0.0018354776 0 0)(0 0 -2.3068059e-16)))
(0.034 ((-0.0020412173 0 0)(0 0 -9.4106718e-17)))
(0.035 ((-0.0022609826 0 0)(0 0 -5.1516467e-16)))
(0.036 ((-0.002494921 0 0)(0 0 -4.478041e-16)))
(0.037 ((-0.0027431559 0 0)(0 0 -4.4421816e-16)))
(0.038 ((-0.0030057896 0 0)(0 0 -5.259225e-16)))
(0.039 ((-0.0032829073 0 0)(0 0 -5.4661335e-17)))
(0.04 ((-0.0035745794 0 0)(0 0 -5.2573403e-16)))
(0.041 ((-0.0038808639 0 0)(0 0 -4.4497205e-16)))
(0.042 ((-0.0042018087 0 0)(0 0 -4.44977e-16)))
(0.043 ((-0.0045374535 0 0)(0 0 -5.2571917e-16)))
(0.044 ((-0.0048878307 0 0)(0 0 -5.4715817e-17)))
(0.045 ((-0.0052529669 0 0)(0 0 -5.2571943e-16)))
(0.046 ((-0.0056328842 0 0)(0 0 -4.4497596e-16)))
(0.047 ((-0.0060276005 0 0)(0 0 -4.4497596e-16)))
(0.048 ((-0.0064371307 0 0)(0 0 -5.2571944e-16)))
(0.049 ((-0.0068614868 0 0)(0 0 -5.4715762e-17)))
(0.05 ((-0.0073006788 0 0)(0 0 -5.2571937e-16)))
(0.051 ((-0.0077547148 0 0)(0 0 -4.4497624e-16)))
(0.052 ((-0.0082236015 0 0)(0 0 -4.4497491e-16)))
(0.053 ((-0.0087073444 0 0)(0 0 -5.2572334e-16)))
(0.054 ((-0.009205948 0 0)(0 0 -5.4701219e-17)))
(0.055 ((-0.0097194159 0 0)(0 0 -5.2577365e-16)))
(0.056 ((-0.010247751 0 0)(0 0 -4.4477367e-16)))
(0.057 ((-0.010790956 0 0)(0 0 -4.457309e-16)))
(0.058 ((-0.011349033 0 0)(0 0 -5.2290198e-16)))
(0.059 ((-0.011921984 0 0)(0 0 -6.5230695e-17)))
(0.06 ((-0.012509809 0 0)(0 0 -4.8647711e-16)))
(0.061 ((-0.01311251 0 0)(0 0 -7.3946009e-16)))
(0.062 ((-0.013730088 0 0)(0 0 -1.0826386e-15)))
(0.063 ((-0.014362544 0 0)(0 0 -1.0852686e-15)))
(0.064 ((-0.015009878 0 0)(0 0 -7.3156997e-16)))
(0.065 ((-0.01567209 0 0)(0 0 -5.1540754e-16)))
(0.066 ((-0.016349182 0 0)(0 0 1.9063065e-16)))
(0.067 ((-0.017041153 0 0)(0 0 4.0696965e-16)))
(0.068 ((-0.017748004 0 0)(0 0 7.5996202e-16)))
(0.069 ((-0.018469734 0 0)(0 0 7.5998064e-16)))
(0.07 ((-0.019206345 0 0)(0 0 4.0691381e-16)))
(0.071 ((-0.019957836 0 0)(0 0 1.9083539e-16)))
(0.072 ((-0.020724208 0 0)(0 0 -5.1617068e-16)))
(0.073 ((-0.02150546 0 0)(0 0 -7.2872217e-16)))
(0.074 ((-0.022301592 0 0)(0 0 -1.0958967e-15)))
(0.075 ((-0.023112605 0 0)(0 0 -1.0429742e-15)))
(0.076 ((-0.023938499 0 0)(0 0 -1.0355196e-15)))
(0.077 ((-0.024779274 0 0)(0 0 -1.1182605e-15)))
(0.078 ((-0.025634929 0 0)(0 0 -6.4672166e-16)))
(0.079 ((-0.026505465 0 0)(0 0 -1.1178684e-15)))
(0.08 ((-0.027390881 0 0)(0 0 -1.0370878e-15)))
(0.081 ((-0.028291179 0 0)(0 0 -1.0370932e-15)))
(0.082 ((-0.029206357 0 0)(0 0 -1.1178524e-15)))
(0.083 ((-0.030136416 0 0)(0 0 -6.4678044e-16)))
(0.084 ((-0.031081356 0 0)(0 0 -1.1180414e-15)))
(0.085 ((-0.032041177 0 0)(0 0 -1.0363371e-15)))
(0.086 ((-0.033015878 0 0)(0 0 -1.039923e-15)))
(0.087 ((-0.03400546 0 0)(0 0 -1.1072836e-15)))
(0.088 ((-0.035009922 0 0)(0 0 -6.8622566e-16)))
(0.089 ((-0.036029265 0 0)(0 0 -8.2279954e-16)))
(0.09 ((-0.037063488 0 0)(0 0 -4.0150252e-16)))
(0.091 ((-0.038112591 0 0)(0 0 -4.6981934e-16)))
(0.092 ((-0.039176575 0 0)(0 0 -4.6981936e-16)))
(0.093 ((-0.040255438 0 0)(0 0 -4.0150245e-16)))
(0.094 ((-0.041349182 0 0)(0 0 -8.2279982e-16)))
(0.095 ((-0.042457804 0 0)(0 0 -6.8622461e-16)))
(0.096 ((-0.043581306 0 0)(0 0 -1.1072875e-15)))
(0.097 ((-0.044719687 0 0)(0 0 -1.0399084e-15)))
(0.098 ((-0.045872945 0 0)(0 0 -1.0363918e-15)))
(0.099 ((-0.047041081 0 0)(0 0 -1.1178373e-15)))
(0.1 ((-0.048224095 0 0)(0 0 -6.4754229e-16)))
(0.101 ((-0.049421984 0 0)(0 0 -1.1150091e-15)))
(0.102 ((-0.050634748 0 0)(0 0 -1.0477044e-15)))
(0.103 ((-0.051862385 0 0)(0 0 -9.9748621e-16)))
(0.104 ((-0.053104894 0 0)(0 0 -1.4136934e-15)))
(0.105 ((-0.054362273 0 0)(0 0 -1.2793802e-15)))
(0.106 ((-0.055634519 0 0)(0 0 -1.6964854e-15)))
(0.107 ((-0.05692163 0 0)(0 0 -1.642675e-15)))
(0.108 ((-0.058223602 0 0)(0 0 -1.588841e-15)))
(0.109 ((-0.059540429 0 0)(0 0 -2.0060171e-15)))
(0.11 ((-0.060872107 0 0)(0 0 -1.8714443e-15)))
(0.111 ((-0.06221863 0 0)(0 0 -2.2886191e-15)))
(0.112 ((-0.063579988 0 0)(0 0 -2.23479e-15)))
(0.113 ((-0.064956172 0 0)(0 0 -2.1809611e-15)))
(0.114 ((-0.06634717 0 0)(0 0 -2.5981357e-15)))
(0.115 ((-0.067752967 0 0)(0 0 -2.4635634e-15)))
(0.116 ((-0.069173545 0 0)(0 0 -2.8807374e-15)))
(0.117 ((-0.070608882 0 0)(0 0 -2.8269112e-15)))
(0.118 ((-0.072058952 0 0)(0 0 -2.7730719e-15)))
(0.119 ((-0.073523721 0 0)(0 0 -3.190285e-15)))
(0.12 ((-0.075003151 0 0)(0 0 -3.0555692e-15)))
(0.121 ((-0.076497193 0 0)(0 0 -3.4732788e-15)))
(0.122 ((-0.07800579 0 0)(0 0 -3.4174534e-15)))
(0.123 ((-0.07952887 0 0)(0 0 -3.3710751e-15)))
(0.124 ((-0.08106635 0 0)(0 0 -3.7604435e-15)))
(0.125 ((-0.082618125 0 0)(0 0 -3.7296457e-15)))
(0.126 ((-0.084184074 0 0)(0 0 -3.4634686e-15)))
(0.127 ((-0.085764049 0 0)(0 0 -2.7826178e-15)))
(0.128 ((-0.087357873 0 0)(0 0 -2.515544e-15)))
(0.129 ((-0.088965337 0 0)(0 0 -2.4883331e-15)))
(0.13 ((-0.090586194 0 0)(0 0 -2.8642505e-15)))
(0.131 ((-0.092220154 0 0)(0 0 -2.868089e-15)))
(0.132 ((-0.09386688 0 0)(0 0 -2.4768175e-15)))
(0.133 ((-0.095525983 0 0)(0 0 -2.5577676e-15)))
(0.134 ((-0.097197018 0 0)(0 0 -2.4772091e-15)))
(0.135 ((-0.098879484 0 0)(0 0 -2.8665229e-15)))
(0.136 ((-0.10057283 0 0)(0 0 -2.8701235e-15)))
(0.137 ((-0.10227643 0 0)(0 0 -2.4664074e-15)))
(0.138 ((-0.10398964 0 0)(0 0 -2.5973737e-15)))
(0.139 ((-0.10571175 0 0)(0 0 -2.1811653e-15)))
(0.14 ((-0.10744205 0 0)(0 0 -2.2347353e-15)))
(0.141 ((-0.10917979 0 0)(0 0 -2.2886337e-15)))
(0.142 ((-0.11092423 0 0)(0 0 -1.8714404e-15)))
(0.143 ((-0.11267464 0 0)(0 0 -2.0060179e-15)))
(0.144 ((-0.11443033 0 0)(0 0 -1.5888418e-15)))
(0.145 ((-0.11619063 0 0)(0 0 -1.6426712e-15)))
(0.146 ((-0.11795494 0 0)(0 0 -1.6965e-15)))
(0.147 ((-0.1197227 0 0)(0 0 -1.2793257e-15)))
(0.148 ((-0.12149341 0 0)(0 0 -1.4138967e-15)))
(0.149 ((-0.12326663 0 0)(0 0 -9.9672739e-16)))
(0.15 ((-0.12504196 0 0)(0 0 -1.0505363e-15)))
(0.151 ((-0.12681906 0 0)(0 0 -1.1044401e-15)))
(0.152 ((-0.12859766 0 0)(0 0 -6.8698626e-16)))
(0.153 ((-0.13037749 0 0)(0 0 -8.2260062e-16)))
(0.154 ((-0.13215836 0 0)(0 0 -4.0153759e-16)))
(0.155 ((-0.13394008 0 0)(0 0 -4.69878e-16)))
(0.156 ((-0.13572252 0 0)(0 0 -4.6954965e-16)))
(0.157 ((-0.13750553 0 0)(0 0 -4.0252265e-16)))
(0.158 ((-0.13928903 0 0)(0 0 -8.1898873e-16)))
(0.159 ((-0.14107292 0 0)(0 0 -7.0044875e-16)))
(0.16 ((-0.14285714 0 0)(0 0 -1.0542021e-15)))
(0.161 ((-0.14464163 0 0)(0 0 -1.3860559e-15)))
(0.162 ((-0.14642634 0 0)(0 0 -1.3332144e-15)))
(0.163 ((-0.14821123 0 0)(0 0 -1.3607565e-15)))
(0.164 ((-0.14999627 0 0)(0 0 -1.3034296e-15)))
(0.165 ((-0.15178143 0 0)(0 0 -1.6532247e-15)))
(0.166 ((-0.1535667 0 0)(0 0 -1.9396984e-15)))
(0.167 ((-0.15535204 0 0)(0 0 -2.2203653e-15)))
(0.168 ((-0.15713745 0 0)(0 0 -2.5875808e-15)))
(0.169 ((-0.15892291 0 0)(0 0 -2.4663789e-15)))
(0.17 ((-0.16070842 0 0)(0 0 -2.8800305e-15)))
(0.171 ((-0.16249397 0 0)(0 0 -2.8269234e-15)))
(0.172 ((-0.16427955 0 0)(0 0 -2.7737299e-15)))
(0.173 ((-0.16606515 0 0)(0 0 -3.1876406e-15)))
(0.174 ((-0.16785077 0 0)(0 0 -3.0654888e-15)))
(0.175 ((-0.16963641 0 0)(0 0 -3.4362446e-15)))
(0.176 ((-0.17142207 0 0)(0 0 -3.7037002e-15)))
(0.177 ((-0.17320773 0 0)(0 0 -4.039479e-15)))
(0.178 ((-0.1749934 0 0)(0 0 -4.0572354e-15)))
(0.179 ((-0.17677908 0 0)(0 0 -3.650431e-15)))
(0.18 ((-0.17856477 0 0)(0 0 -3.779595e-15)))
(0.181 ((-0.18035046 0 0)(0 0 -3.3736838e-15)))
(0.182 ((-0.18213616 0 0)(0 0 -3.3878671e-15)))
(0.183 ((-0.18392186 0 0)(0 0 -3.7370451e-15)))
(0.184 ((-0.18570756 0 0)(0 0 -3.9544771e-15)))
(0.185 ((-0.18749326 0 0)(0 0 -4.6599576e-15)))
(0.186 ((-0.18927897 0 0)(0 0 -4.8772577e-15)))
(0.187 ((-0.19106468 0 0)(0 0 -5.2269633e-15)))
(0.188 ((-0.19285039 0 0)(0 0 -5.2391678e-15)))
(0.189 ((-0.19463609 0 0)(0 0 -4.8406443e-15)))
(0.19 ((-0.19642181 0 0)(0 0 -4.9422366e-15)))
(0.191 ((-0.19820752 0 0)(0 0 -4.6383315e-15)))
(0.192 ((-0.19999323 0 0)(0 0 -3.9760025e-15)))
(0.193 ((-0.20177894 0 0)(0 0 -3.6725695e-15)))
(0.194 ((-0.20356465 0 0)(0 0 -3.7722737e-15)))
(0.195 ((-0.20535037 0 0)(0 0 -3.3808303e-15)))
(0.196 ((-0.20713608 0 0)(0 0 -3.3666023e-15)))
(0.197 ((-0.20892179 0 0)(0 0 -3.8149579e-15)))
(0.198 ((-0.21070751 0 0)(0 0 -3.3680312e-15)))
(0.199 ((-0.21249322 0 0)(0 0 -3.3751148e-15)))
(0.2 ((-0.21427893 0 0)(0 0 -3.7937069e-15)))
(0.201 ((-0.21606465 0 0)(0 0 -3.4445225e-15)))
(0.202 ((-0.21785036 0 0)(0 0 -2.7943409e-15)))
(0.203 ((-0.21963608 0 0)(0 0 -2.4875975e-15)))
(0.204 ((-0.22142179 0 0)(0 0 -2.588396e-15)))
(0.205 ((-0.2232075 0 0)(0 0 -2.195886e-15)))
(0.206 ((-0.22499322 0 0)(0 0 -2.1848301e-15)))
(0.207 ((-0.22677893 0 0)(0 0 -2.6215636e-15)))
(0.208 ((-0.22856465 0 0)(0 0 -2.2179532e-15)))
(0.209 ((-0.23035036 0 0)(0 0 -1.915364e-15)))
(0.21 ((-0.23213607 0 0)(0 0 -1.9010041e-15)))
(0.211 ((-0.23392179 0 0)(0 0 -2.2610329e-15)))
(0.212 ((-0.2357075 0 0)(0 0 -2.3155748e-15)))
(0.213 ((-0.23749322 0 0)(0 0 -1.5893488e-15)))
(0.214 ((-0.23927893 0 0)(0 0 -1.3310862e-15)))
(0.215 ((-0.24106465 0 0)(0 0 -1.3140058e-15)))
(0.216 ((-0.24285036 0 0)(0 0 -1.6405903e-15)))
(0.217 ((-0.24463607 0 0)(0 0 -1.9796598e-15)))
(0.218 ((-0.24642179 0 0)(0 0 -1.9251242e-15)))
(0.219 ((-0.2482075 0 0)(0 0 -1.9522268e-15)))
(0.22 ((-0.24999322 0 0)(0 0 -1.898352e-15)))
(0.221 ((-0.25177893 0 0)(0 0 -2.2347783e-15)))
(0.222 ((-0.25356465 0 0)(0 0 -2.5712749e-15)))
(0.223 ((-0.25535036 0 0)(0 0 -2.5171893e-15)))
(0.224 ((-0.25713607 0 0)(0 0 -2.5450648e-15)))
(0.225 ((-0.25892179 0 0)(0 0 -2.4876486e-15)))
(0.226 ((-0.2607075 0 0)(0 0 -2.8374677e-15)))
(0.227 ((-0.26249322 0 0)(0 0 -3.1239347e-15)))
(0.228 ((-0.26427893 0 0)(0 0 -3.4046045e-15)))
(0.229 ((-0.26606465 0 0)(0 0 -3.771815e-15)))
(0.23 ((-0.26785036 0 0)(0 0 -3.6506304e-15)))
(0.231 ((-0.26963607 0 0)(0 0 -4.0642178e-15)))
(0.232 ((-0.27142179 0 0)(0 0 -4.01135e-15)))
(0.233 ((-0.2732075 0 0)(0 0 -3.9572635e-15)))
(0.234 ((-0.27499322 0 0)(0 0 -4.3745072e-15)))
(0.235 ((-0.27677893 0 0)(0 0 -4.2399162e-15)))
(0.236 ((-0.27856465 0 0)(0 0 -4.6570959e-15)))
(0.237 ((-0.28035036 0 0)(0 0 -4.6032655e-15)))
(0.238 ((-0.28213607 0 0)(0 0 -4.5494369e-15)))
(0.239 ((-0.28392179 0 0)(0 0 -4.9666115e-15)))
(0.24 ((-0.2857075 0 0)(0 0 -4.8320392e-15)))
(0.241 ((-0.28749322 0 0)(0 0 -5.2492132e-15)))
(0.242 ((-0.28927893 0 0)(0 0 -5.195387e-15)))
(0.243 ((-0.29106465 0 0)(0 0 -5.1415477e-15)))
(0.244 ((-0.29285036 0 0)(0 0 -5.5587608e-15)))
(0.245 ((-0.29463607 0 0)(0 0 -5.4240449e-15)))
(0.246 ((-0.29642179 0 0)(0 0 -5.8417547e-15)))
(0.247 ((-0.2982075 0 0)(0 0 -5.7859289e-15)))
(0.248 ((-0.29999322 0 0)(0 0 -5.739552e-15)))
(0.249 ((-0.30177893 0 0)(0 0 -6.1289153e-15)))
(0.25 ((-0.30356465 0 0)(0 0 -6.0981361e-15)))
(0.251 ((-0.30535036 0 0)(0 0 -5.8318897e-15)))
(0.252 ((-0.30713607 0 0)(0 0 -5.1512978e-15)))
(0.253 ((-0.30892179 0 0)(0 0 -4.8832577e-15)))
(0.254 ((-0.3107075 0 0)(0 0 -4.859653e-15)))
(0.255 ((-0.31249322 0 0)(0 0 -5.2221119e-15)))
(0.256 ((-0.31427893 0 0)(0 0 -5.2761785e-15)))
(0.257 ((-0.31606465 0 0)(0 0 -4.5494234e-15)))
(0.258 ((-0.31785036 0 0)(0 0 -4.2937527e-15)))
(0.259 ((-0.31963607 0 0)(0 0 -4.2668336e-15)))
(0.26 ((-0.32142179 0 0)(0 0 -4.6301806e-15)))
(0.261 ((-0.3232075 0 0)(0 0 -4.6840093e-15)))
(0.262 ((-0.32499322 0 0)(0 0 -3.9573179e-15)))
(0.263 ((-0.32677893 0 0)(0 0 -3.7016302e-15)))
(0.264 ((-0.32856465 0 0)(0 0 -3.6747155e-15)))
(0.265 ((-0.33035036 0 0)(0 0 -4.0380619e-15)))
(0.266 ((-0.33213607 0 0)(0 0 -4.0918885e-15)))
(0.267 ((-0.33392179 0 0)(0 0 -3.3652059e-15)))
(0.268 ((-0.3357075 0 0)(0 0 -3.1094851e-15)))
(0.269 ((-0.33749322 0 0)(0 0 -3.082694e-15)))
(0.27 ((-0.33927893 0 0)(0 0 -3.4455793e-15)))
(0.271 ((-0.34106465 0 0)(0 0 -3.5011266e-15)))
(0.272 ((-0.34285036 0 0)(0 0 -2.7680225e-15)))
(0.273 ((-0.34463607 0 0)(0 0 -2.536267e-15)))
(0.274 ((-0.34642179 0 0)(0 0 -2.3460214e-15)))
(0.275 ((-0.3482075 0 0)(0 0 -2.524596e-15)))
(0.276 ((-0.34999322 0 0)(0 0 -2.7406918e-15)))
(0.277 ((-0.35177893 0 0)(0 0 -2.3638677e-15)))
(0.278 ((-0.35356465 0 0)(0 0 -2.1007559e-15)))
(0.279 ((-0.35535036 0 0)(0 0 -1.7536705e-15)))
(0.28 ((-0.35713607 0 0)(0 0 -1.776797e-15)))
(0.281 ((-0.35892179 0 0)(0 0 -1.9573614e-15)))
(0.282 ((-0.3607075 0 0)(0 0 -1.9521258e-15)))
(0.283 ((-0.36249322 0 0)(0 0 -1.7925039e-15)))
(0.284 ((-0.36427893 0 0)(0 0 -1.6220636e-15)))
(0.285 ((-0.36606465 0 0)(0 0 -1.6492831e-15)))
(0.286 ((-0.36785036 0 0)(0 0 -1.6368306e-15)))
(0.287 ((-0.36963607 0 0)(0 0 -1.6594213e-15)))
(0.288 ((-0.37142179 0 0)(0 0 -1.5074961e-15)))
(0.289 ((-0.3732075 0 0)(0 0 -1.2784426e-15)))
(0.29 ((-0.37499322 0 0)(0 0 -1.6804481e-15)))
(0.291 ((-0.37677893 0 0)(0 0 -1.7817769e-15)))
(0.292 ((-0.37856465 0 0)(0 0 -1.9366492e-15)))
(0.293 ((-0.38035036 0 0)(0 0 -2.1040095e-15)))
(0.294 ((-0.38213607 0 0)(0 0 -2.0938597e-15)))
(0.295 ((-0.38392179 0 0)(0 0 -1.9670987e-15)))
(0.296 ((-0.3857075 0 0)(0 0 -1.596114e-15)))
(0.297 ((-0.38749322 0 0)(0 0 -1.6525015e-15)))
(0.298 ((-0.38927893 0 0)(0 0 -1.6499065e-15)))
(0.299 ((-0.39106465 0 0)(0 0 -1.603899e-15)))
(0.3 ((-0.39285036 0 0)(0 0 -1.9385538e-15)))
(0.301 ((-0.39463607 0 0)(0 0 -2.2742694e-15)))
(0.302 ((-0.39642179 0 0)(0 0 -2.2250792e-15)))
(0.303 ((-0.3982075 0 0)(0 0 -2.2341539e-15)))
(0.304 ((-0.39999322 0 0)(0 0 -2.2470454e-15)))
(0.305 ((-0.40177893 0 0)(0 0 -2.11239e-15)))
(0.306 ((-0.40356465 0 0)(0 0 -1.7499417e-15)))
(0.307 ((-0.40535036 0 0)(0 0 -1.7800781e-15)))
(0.308 ((-0.40713607 0 0)(0 0 -1.9479658e-15)))
(0.309 ((-0.40892179 0 0)(0 0 -2.060442e-15)))
(0.31 ((-0.4107075 0 0)(0 0 -2.4048429e-15)))
(0.311 ((-0.41249322 0 0)(0 0 -2.5430904e-15)))
(0.312 ((-0.41427893 0 0)(0 0 -2.5338779e-15)))
(0.313 ((-0.41606465 0 0)(0 0 -2.5064951e-15)))
(0.314 ((-0.41785036 0 0)(0 0 -2.6992536e-15)))
(0.315 ((-0.41963607 0 0)(0 0 -2.6957512e-15)))
(0.316 ((-0.42142179 0 0)(0 0 -2.5170021e-15)))
(0.317 ((-0.4232075 0 0)(0 0 -2.4213374e-15)))
(0.318 ((-0.42499322 0 0)(0 0 -2.0205521e-15)))
(0.319 ((-0.42677893 0 0)(0 0 -2.2390608e-15)))
(0.32 ((-0.42856465 0 0)(0 0 -2.4319451e-15)))
(0.321 ((-0.43035036 0 0)(0 0 -2.1820479e-15)))
(0.322 ((-0.43213607 0 0)(0 0 -2.3966332e-15)))
(0.323 ((-0.43392179 0 0)(0 0 -2.5283378e-15)))
(0.324 ((-0.4357075 0 0)(0 0 -2.6751127e-15)))
(0.325 ((-0.43749322 0 0)(0 0 -2.8444869e-15)))
(0.326 ((-0.43927893 0 0)(0 0 -2.8343786e-15)))
(0.327 ((-0.44106465 0 0)(0 0 -2.7054376e-15)))
(0.328 ((-0.44285036 0 0)(0 0 -2.3431315e-15)))
(0.329 ((-0.44463607 0 0)(0 0 -2.3669848e-15)))
(0.33 ((-0.44642179 0 0)(0 0 -2.5598628e-15)))
(0.331 ((-0.4482075 0 0)(0 0 -2.5046462e-15)))
(0.332 ((-0.44999322 0 0)(0 0 -2.6806645e-15)))
(0.333 ((-0.45177893 0 0)(0 0 -2.8459714e-15)))
(0.334 ((-0.45356465 0 0)(0 0 -2.822889e-15)))
(0.335 ((-0.45535036 0 0)(0 0 -2.8239267e-15)))
(0.336 ((-0.45713607 0 0)(0 0 -2.8428581e-15)))
(0.337 ((-0.45892179 0 0)(0 0 -2.6920801e-15)))
(0.338 ((-0.4607075 0 0)(0 0 -2.3880821e-15)))
(0.339 ((-0.46249322 0 0)(0 0 -2.05251e-15)))
(0.34 ((-0.46427893 0 0)(0 0 -2.0704693e-15)))
(0.341 ((-0.46606465 0 0)(0 0 -2.2601894e-15)))
(0.342 ((-0.46785036 0 0)(0 0 -2.2234985e-15)))
(0.343 ((-0.46963607 0 0)(0 0 -2.2545569e-15)))
(0.344 ((-0.47142179 0 0)(0 0 -2.0929993e-15)))
(0.345 ((-0.4732075 0 0)(0 0 -1.8940079e-15)))
(0.346 ((-0.47499322 0 0)(0 0 -2.1113822e-15)))
(0.347 ((-0.47677893 0 0)(0 0 -2.1070102e-15)))
(0.348 ((-0.47856465 0 0)(0 0 -1.907124e-15)))
(0.349 ((-0.48035036 0 0)(0 0 -1.9708922e-15)))
(0.35 ((-0.48213607 0 0)(0 0 -1.7676758e-15)))
(0.351 ((-0.48392179 0 0)(0 0 -1.7766244e-15)))
(0.352 ((-0.4857075 0 0)(0 0 -1.9440464e-15)))
(0.353 ((-0.48749322 0 0)(0 0 -2.0795735e-15)))
(0.354 ((-0.48927893 0 0)(0 0 -2.2582215e-15)))
(0.355 ((-0.49106465 0 0)(0 0 -2.2222661e-15)))
(0.356 ((-0.49285036 0 0)(0 0 -2.2614545e-15)))
(0.357 ((-0.49463607 0 0)(0 0 -2.0666415e-15)))
(0.358 ((-0.49642179 0 0)(0 0 -2.0665563e-15)))
(0.359 ((-0.4982075 0 0)(0 0 -2.2617099e-15)))
(0.36 ((-0.49999322 0 0)(0 0 -2.2213296e-15)))
(0.361 ((-0.50177893 0 0)(0 0 -2.2617122e-15)))
(0.362 ((-0.50356465 0 0)(0 0 -2.0665471e-15)))
(0.363 ((-0.50535036 0 0)(0 0 -2.066676e-15)))
(0.364 ((-0.50713607 0 0)(0 0 -2.2613256e-15)))
(0.365 ((-0.50892179 0 0)(0 0 -2.2227469e-15)))
(0.366 ((-0.5107075 0 0)(0 0 -2.2564272e-15)))
(0.367 ((-0.51249322 0 0)(0 0 -2.0862699e-15)))
(0.368 ((-0.51427893 0 0)(0 0 -1.919055e-15)))
(0.369 ((-0.51606465 0 0)(0 0 -1.9439082e-15)))
(0.37 ((-0.51785036 0 0)(0 0 -1.9376955e-15)))
(0.371 ((-0.51963607 0 0)(0 0 -1.9376931e-15)))
(0.372 ((-0.52142179 0 0)(0 0 -1.9439156e-15)))
(0.373 ((-0.5232075 0 0)(0 0 -1.9190278e-15)))
(0.374 ((-0.52499322 0 0)(0 0 -2.0863714e-15)))
(0.375 ((-0.52677893 0 0)(0 0 -2.2560483e-15)))
(0.376 ((-0.52856465 0 0)(0 0 -2.2241609e-15)))
(0.377 ((-0.53035036 0 0)(0 0 -2.2560483e-15)))
(0.378 ((-0.53213607 0 0)(0 0 -2.0863714e-15)))
(0.379 ((-0.53392179 0 0)(0 0 -1.9190278e-15)))
(0.38 ((-0.5357075 0 0)(0 0 -1.9439156e-15)))
(0.381 ((-0.53749322 0 0)(0 0 -1.9376931e-15)))
(0.382 ((-0.53927893 0 0)(0 0 -1.9376955e-15)))
(0.383 ((-0.54106465 0 0)(0 0 -1.9439082e-15)))
(0.384 ((-0.54285036 0 0)(0 0 -1.919055e-15)))
(0.385 ((-0.54463607 0 0)(0 0 -2.0862699e-15)))
(0.386 ((-0.54642179 0 0)(0 0 -2.2564272e-15)))
(0.387 ((-0.5482075 0 0)(0 0 -2.2227469e-15)))
(0.388 ((-0.54999322 0 0)(0 0 -2.2613256e-15)))
(0.389 ((-0.55177893 0 0)(0 0 -2.066676e-15)))
(0.39 ((-0.55356465 0 0)(0 0 -2.0665471e-15)))
(0.391 ((-0.55535036 0 0)(0 0 -2.2617124e-15)))
(0.392 ((-0.55713607 0 0)(0 0 -2.2213289e-15)))
(0.393 ((-0.55892179 0 0)(0 0 -2.2617124e-15)))
(0.394 ((-0.5607075 0 0)(0 0 -2.0665471e-15)))
(0.395 ((-0.56249322 0 0)(0 0 -2.066676e-15)))
(0.396 ((-0.56427893 0 0)(0 0 -2.2613256e-15)))
(0.397 ((-0.56606465 0 0)(0 0 -2.2227469e-15)))
(0.398 ((-0.56785036 0 0)(0 0 -2.2564272e-15)))
(0.399 ((-0.56963607 0 0)(0 0 -2.0862699e-15)))
(0.4 ((-0.57142179 0 0)(0 0 -1.919055e-15)))
(0.401 ((-0.5732075 0 0)(0 0 -1.9439082e-15)))
(0.402 ((-0.57499322 0 0)(0 0 -1.9376955e-15)))
(0.403 ((-0.57677893 0 0)(0 0 -1.937693e-15)))
(0.404 ((-0.57856465 0 0)(0 0 -1.9439158e-15)))
(0.405 ((-0.58035036 0 0)(0 0 -1.9190273e-15)))
(0.406 ((-0.58213607 0 0)(0 0 -2.0863734e-15)))
(0.407 ((-0.58392179 0 0)(0 0 -2.2560409e-15)))
(0.408 ((-0.5857075 0 0)(0 0 -2.2241883e-15)))
(0.409 ((-0.58749322 0 0)(0 0 -2.2559461e-15)))
(0.41 ((-0.58927893 0 0)(0 0 -2.0867526e-15)))
(0.411 ((-0.59106465 0 0)(0 0 -1.9176055e-15)))
(0.412 ((-0.59285036 0 0)(0 0 -1.9492238e-15)))
(0.413 ((-0.59463607 0 0)(0 0 -1.9178828e-15)))
(0.414 ((-0.59642179 0 0)(0 0 -2.0856435e-15)))
(0.415 ((-0.5982075 0 0)(0 0 -2.2601053e-15)))
(0.416 ((-0.59999322 0 0)(0 0 -2.2086608e-15)))
(0.417 ((-0.60177893 0 0)(0 0 -2.3880065e-15)))
(0.418 ((-0.60356465 0 0)(0 0 -2.5362317e-15)))
(0.419 ((-0.60535036 0 0)(0 0 -2.6521637e-15)))
(0.42 ((-0.60713607 0 0)(0 0 -3.0024038e-15)))
(0.421 ((-0.60892179 0 0)(0 0 -3.1138385e-15)))
(0.422 ((-0.6107075 0 0)(0 0 -3.280053e-15)))
(0.423 ((-0.61249322 0 0)(0 0 -3.3919387e-15)))
(0.424 ((-0.61427893 0 0)(0 0 -3.7403746e-15)))
(0.425 ((-0.61606465 0 0)(0 0 -3.8630724e-15)))
(0.426 ((-0.61785036 0 0)(0 0 -3.9860387e-15)))
(0.427 ((-0.61963607 0 0)(0 0 -4.3336691e-15)))
(0.428 ((-0.62142179 0 0)(0 0 -4.4485082e-15)))
(0.429 ((-0.6232075 0 0)(0 0 -4.6037147e-15)))
(0.43 ((-0.62499322 0 0)(0 0 -4.7562281e-15)))
(0.431 ((-0.62677893 0 0)(0 0 -4.8791463e-15)))
(0.432 ((-0.62856465 0 0)(0 0 -5.1971535e-15)))
(0.433 ((-0.63035036 0 0)(0 0 -5.5045482e-15)))
(0.434 ((-0.63213607 0 0)(0 0 -5.6593042e-15)))
(0.435 ((-0.63392179 0 0)(0 0 -5.6210642e-15)))
(0.436 ((-0.6357075 0 0)(0 0 -5.7672978e-15)))
(0.437 ((-0.63749322 0 0)(0 0 -6.1087817e-15)))
(0.438 ((-0.63927893 0 0)(0 0 -6.2249398e-15)))
(0.439 ((-0.64106465 0 0)(0 0 -6.3810167e-15)))
(0.44 ((-0.64285036 0 0)(0 0 -6.5287295e-15)))
(0.441 ((-0.64463607 0 0)(0 0 -6.6699798e-15)))
(0.442 ((-0.64642179 0 0)(0 0 -6.8454443e-15)))
(0.443 ((-0.6482075 0 0)(0 0 -6.8164995e-15)))
(0.444 ((-0.64999322 0 0)(0 0 -6.8308288e-15)))
(0.445 ((-0.65177893 0 0)(0 0 -6.8024564e-15)))
(0.446 ((-0.65356465 0 0)(0 0 -6.9756318e-15)))
(0.447 ((-0.65535036 0 0)(0 0 -7.1254663e-15)))
(0.448 ((-0.65713607 0 0)(0 0 -7.2411313e-15)))
(0.449 ((-0.65892179 0 0)(0 0 -7.5908298e-15)))
(0.45 ((-0.6607075 0 0)(0 0 -7.704698e-15)))
(0.451 ((-0.66249322 0 0)(0 0 -7.8617201e-15)))
(0.452 ((-0.66427893 0 0)(0 0 -8.0079419e-15)))
(0.453 ((-0.66606465 0 0)(0 0 -8.1542109e-15)))
(0.454 ((-0.66785036 0 0)(0 0 -8.3110916e-15)))
(0.455 ((-0.66963607 0 0)(0 0 -8.4254783e-15)))
(0.456 ((-0.67142179 0 0)(0 0 -8.773244e-15)))
(0.457 ((-0.6732075 0 0)(0 0 -8.8961214e-15)))
(0.458 ((-0.67499322 0 0)(0 0 -9.0190395e-15)))
(0.459 ((-0.67677893 0 0)(0 0 -9.3666829e-15)))
(0.46 ((-0.67856465 0 0)(0 0 -9.4815185e-15)))
(0.461 ((-0.68035036 0 0)(0 0 -9.6367259e-15)))
(0.462 ((-0.68213607 0 0)(0 0 -9.7892391e-15)))
(0.463 ((-0.68392179 0 0)(0 0 -9.9121573e-15)))
(0.464 ((-0.6857075 0 0)(0 0 -1.0230165e-14)))
(0.465 ((-0.68749322 0 0)(0 0 -1.0537559e-14)))
(0.466 ((-0.68927893 0 0)(0 0 -1.0692315e-14)))
(0.467 ((-0.69106465 0 0)(0 0 -1.0654076e-14)))
(0.468 ((-0.69285036 0 0)(0 0 -1.0800307e-14)))
(0.469 ((-0.69463607 0 0)(0 0 -1.1141801e-14)))
(0.47 ((-0.69642179 0 0)(0 0 -1.1257921e-14)))
(0.471 ((-0.6982075 0 0)(0 0 -1.1414138e-14)))
(0.472 ((-0.69999322 0 0)(0 0 -1.1561328e-14)))
(0.473 ((-0.70177893 0 0)(0 0 -1.1704532e-14)))
(0.474 ((-0.70356465 0 0)(0 0 -1.1872703e-14)))
(0.475 ((-0.70535036 0 0)(0 0 -1.1870979e-14)))
(0.476 ((-0.70713607 0 0)(0 0 -1.1709704e-14)))
(0.477 ((-0.70892179 0 0)(0 0 -1.1542366e-14)))
(0.478 ((-0.7107075 0 0)(0 0 -1.1558828e-14)))
(0.479 ((-0.71249322 0 0)(0 0 -1.1586301e-14)))
(0.48 ((-0.71427893 0 0)(0 0 -1.1385932e-14)))
(0.481 ((-0.71606465 0 0)(0 0 -1.1419788e-14)))
(0.482 ((-0.71785036 0 0)(0 0 -1.1410717e-14)))
(0.483 ((-0.71963607 0 0)(0 0 -1.1413147e-14)))
(0.484 ((-0.72142179 0 0)(0 0 -1.1412497e-14)))
(0.485 ((-0.7232075 0 0)(0 0 -1.1412669e-14)))
(0.486 ((-0.72499322 0 0)(0 0 -1.1412631e-14)))
(0.487 ((-0.72677893 0 0)(0 0 -1.1412611e-14)))
(0.488 ((-0.72856465 0 0)(0 0 -1.1412727e-14)))
(0.489 ((-0.73035036 0 0)(0 0 -1.1412282e-14)))
(0.49 ((-0.73213607 0 0)(0 0 -1.1413946e-14)))
(0.491 ((-0.73392179 0 0)(0 0 -1.1407735e-14)))
(0.492 ((-0.7357075 0 0)(0 0 -1.1430914e-14)))
(0.493 ((-0.73749322 0 0)(0 0 -1.1270394e-14)))
(0.494 ((-0.73927893 0 0)(0 0 -1.1075132e-14)))
(0.495 ((-0.74106465 0 0)(0 0 -1.1276552e-14)))
(0.496 ((-0.74285036 0 0)(0 0 -1.1406282e-14)))
(0.497 ((-0.74463607 0 0)(0 0 -1.1574121e-14)))
(0.498 ((-0.74642179 0 0)(0 0 -1.1587199e-14)))
(0.499 ((-0.7482075 0 0)(0 0 -1.1367049e-14)))
(0.5 ((-0.74999322 0 0)(0 0 -1.1568437e-14)))
(0.501 ((-0.75177893 0 0)(0 0 -1.1723183e-14)))
(0.502 ((-0.75356465 0 0)(0 0 -1.1716973e-14)))
(0.503 ((-0.75535036 0 0)(0 0 -1.1587067e-14)))
(0.504 ((-0.75713607 0 0)(0 0 -1.1224723e-14)))
(0.505 ((-0.75892179 0 0)(0 0 -1.1249695e-14)))
(0.506 ((-0.7607075 0 0)(0 0 -1.1438137e-14)))
(0.507 ((-0.76249322 0 0)(0 0 -1.1399546e-14)))
(0.508 ((-0.76427893 0 0)(0 0 -1.1439481e-14)))
(0.509 ((-0.76606465 0 0)(0 0 -1.1244316e-14)))
(0.51 ((-0.76785036 0 0)(0 0 -1.1244894e-14)))
(0.511 ((-0.76963607 0 0)(0 0 -1.1437747e-14)))
(0.512 ((-0.77142179 0 0)(0 0 -1.1405905e-14)))
(0.513 ((-0.7732075 0 0)(0 0 -1.1414437e-14)))
(0.514 ((-0.77499322 0 0)(0 0 -1.1412151e-14)))
(0.515 ((-0.77677893 0 0)(0 0 -1.1412763e-14)))
(0.516 ((-0.77856465 0 0)(0 0 -1.14126e-14)))
(0.517 ((-0.78035036 0 0)(0 0 -1.1412641e-14)))
(0.518 ((-0.78213607 0 0)(0 0 -1.1412638e-14)))
(0.519 ((-0.78392179 0 0)(0 0 -1.1412609e-14)))
(0.52 ((-0.7857075 0 0)(0 0 -1.1412728e-14)))
(0.521 ((-0.78749322 0 0)(0 0 -1.1412282e-14)))
(0.522 ((-0.78927893 0 0)(0 0 -1.1413946e-14)))
(0.523 ((-0.79106465 0 0)(0 0 -1.1407735e-14)))
(0.524 ((-0.79285036 0 0)(0 0 -1.1430914e-14)))
(0.525 ((-0.79463607 0 0)(0 0 -1.1270394e-14)))
(0.526 ((-0.79642179 0 0)(0 0 -1.1075132e-14)))
(0.527 ((-0.7982075 0 0)(0 0 -1.1276552e-14)))
(0.528 ((-0.79999322 0 0)(0 0 -1.1406282e-14)))
(0.529 ((-0.80177893 0 0)(0 0 -1.1574121e-14)))
(0.53 ((-0.80356465 0 0)(0 0 -1.1587199e-14)))
(0.531 ((-0.80535036 0 0)(0 0 -1.1367049e-14)))
(0.532 ((-0.80713607 0 0)(0 0 -1.1568437e-14)))
(0.533 ((-0.80892179 0 0)(0 0 -1.1723183e-14)))
(0.534 ((-0.8107075 0 0)(0 0 -1.1716973e-14)))
(0.535 ((-0.81249322 0 0)(0 0 -1.1587067e-14)))
(0.536 ((-0.81427893 0 0)(0 0 -1.1224723e-14)))
(0.537 ((-0.81606465 0 0)(0 0 -1.1249695e-14)))
(0.538 ((-0.81785036 0 0)(0 0 -1.1438137e-14)))
(0.539 ((-0.81963607 0 0)(0 0 -1.1399546e-14)))
(0.54 ((-0.82142179 0 0)(0 0 -1.1439481e-14)))
(0.541 ((-0.8232075 0 0)(0 0 -1.1244316e-14)))
(0.542 ((-0.82499322 0 0)(0 0 -1.1244894e-14)))
(0.543 ((-0.82677893 0 0)(0 0 -1.1437747e-14)))
(0.544 ((-0.82856465 0 0)(0 0 -1.1405905e-14)))
(0.545 ((-0.83035036 0 0)(0 0 -1.1414437e-14)))
(0.546 ((-0.83213607 0 0)(0 0 -1.1412151e-14)))
(0.547 ((-0.83392179 0 0)(0 0 -1.1412763e-14)))
(0.548 ((-0.8357075 0 0)(0 0 -1.14126e-14)))
(0.549 ((-0.83749322 0 0)(0 0 -1.1412641e-14)))
(0.55 ((-0.83927893 0 0)(0 0 -1.1412638e-14)))
(0.551 ((-0.84106465 0 0)(0 0 -1.1412609e-14)))
(0.552 ((-0.84285036 0 0)(0 0 -1.1412728e-14)))
(0.553 ((-0.84463607 0 0)(0 0 -1.1412282e-14)))
(0.554 ((-0.84642179 0 0)(0 0 -1.1413946e-14)))
(0.555 ((-0.8482075 0 0)(0 0 -1.1407735e-14)))
(0.556 ((-0.84999322 0 0)(0 0 -1.1430914e-14)))
(0.557 ((-0.85177893 0 0)(0 0 -1.1270394e-14)))
(0.558 ((-0.85356465 0 0)(0 0 -1.1075132e-14)))
(0.559 ((-0.85535036 0 0)(0 0 -1.1276552e-14)))
(0.56 ((-0.85713607 0 0)(0 0 -1.1406282e-14)))
(0.561 ((-0.85892179 0 0)(0 0 -1.1574121e-14)))
(0.562 ((-0.8607075 0 0)(0 0 -1.1587198e-14)))
(0.563 ((-0.86249322 0 0)(0 0 -1.1367051e-14)))
(0.564 ((-0.86427893 0 0)(0 0 -1.1568431e-14)))
(0.565 ((-0.86606465 0 0)(0 0 -1.1723206e-14)))
(0.566 ((-0.86785036 0 0)(0 0 -1.1716891e-14)))
(0.567 ((-0.86963607 0 0)(0 0 -1.1587376e-14)))
(0.568 ((-0.87142179 0 0)(0 0 -1.1223572e-14)))
(0.569 ((-0.8732075 0 0)(0 0 -1.1253988e-14)))
(0.57 ((-0.87499322 0 0)(0 0 -1.1422114e-14)))
(0.571 ((-0.87677893 0 0)(0 0 -1.1533359e-14)))
(0.572 ((-0.87856465 0 0)(0 0 -1.1882447e-14)))
(0.573 ((-0.88035036 0 0)(0 0 -1.2003175e-14)))
(0.574 ((-0.88213607 0 0)(0 0 -1.2133369e-14)))
(0.575 ((-0.88392179 0 0)(0 0 -1.2454058e-14)))
(0.576 ((-0.8857075 0 0)(0 0 -1.274345e-14)))
(0.577 ((-0.88749322 0 0)(0 0 -1.3041548e-14)))
(0.578 ((-0.88927893 0 0)(0 0 -1.3336121e-14)))
(0.579 ((-0.89106465 0 0)(0 0 -1.3636091e-14)))
(0.58 ((-0.89285036 0 0)(0 0 -1.3917996e-14)))
(0.581 ((-0.89463607 0 0)(0 0 -1.4340776e-14)))
(0.582 ((-0.89642179 0 0)(0 0 -1.5106299e-14)))
(0.583 ((-0.8982075 0 0)(0 0 -1.5988306e-14)))
(0.584 ((-0.89999322 0 0)(0 0 -1.7023826e-14)))
(0.585 ((-0.90177893 0 0)(0 0 -1.8216986e-14)))
(0.586 ((-0.90356465 0 0)(0 0 -1.9514254e-14)))
(0.587 ((-0.90535036 0 0)(0 0 -2.1273659e-14)))
(0.588 ((-0.90713607 0 0)(0 0 -2.3670927e-14)))
(0.589 ((-0.90892179 0 0)(0 0 -2.645929e-14)))
(0.59 ((-0.9107075 0 0)(0 0 -2.9857973e-14)))
(0.591 ((-0.91249322 0 0)(0 0 -3.3976998e-14)))
(0.592 ((-0.91427893 0 0)(0 0 -3.9119239e-14)))
(0.593 ((-0.91606465 0 0)(0 0 -4.5665524e-14)))
(0.594 ((-0.91785036 0 0)(0 0 -5.3380985e-14)))
(0.595 ((-0.91963607 0 0)(0 0 -6.2824268e-14)))
(0.596 ((-0.92142179 0 0)(0 0 -7.4364131e-14)))
(0.597 ((-0.9232075 0 0)(0 0 -8.8187343e-14)))
(0.598 ((-0.92499322 0 0)(0 0 -1.052875e-13)))
(0.599 ((-0.92677893 0 0)(0 0 -1.2649945e-13)))
(0.6 ((-0.92856465 0 0)(0 0 -1.5230114e-13)))
(0.601 ((-0.93035036 0 0)(0 0 -1.8386878e-13)))
(0.602 ((-0.93213607 0 0)(0 0 -2.2253285e-13)))
(0.603 ((-0.93392179 0 0)(0 0 -2.6978881e-13)))
(0.604 ((-0.9357075 0 0)(0 0 -3.2779827e-13)))
(0.605 ((-0.93749322 0 0)(0 0 -3.9863181e-13)))
(0.606 ((-0.93927893 0 0)(0 0 -4.8498312e-13)))
(0.607 ((-0.94106465 0 0)(0 0 -5.9062317e-13)))
(0.608 ((-0.94285036 0 0)(0 0 -7.1979385e-13)))
(0.609 ((-0.94463607 0 0)(0 0 -8.776618e-13)))
(0.61 ((-0.94642179 0 0)(0 0 -1.0705159e-12)))
(0.611 ((-0.9482075 0 0)(0 0 -1.3058926e-12)))
(0.612 ((-0.94999322 0 0)(0 0 -1.5934312e-12)))
(0.613 ((-0.95177893 0 0)(0 0 -1.9448069e-12)))
(0.614 ((-0.95356465 0 0)(0 0 -2.3739941e-12)))
(0.615 ((-0.95535036 0 0)(0 0 -2.8982034e-12)))
(0.616 ((-0.95713607 0 0)(0 0 -3.538424e-12)))
(0.617 ((-0.95892179 0 0)(0 0 -4.3205351e-12)))
(0.618 ((-0.9607075 0 0)(0 0 -5.2758321e-12)))
(0.619 ((-0.96249322 0 0)(0 0 -6.442769e-12)))
(0.62 ((-0.96427893 0 0)(0 0 -7.8683083e-12)))
(0.621 ((-0.96606465 0 0)(0 0 -9.6094008e-12)))
(0.622 ((-0.96785036 0 0)(0 0 -1.1735931e-11)))
(0.623 ((-0.96963607 0 0)(0 0 -1.4333332e-11)))
(0.624 ((-0.97142179 0 0)(0 0 -1.7505907e-11)))
(0.625 ((-0.9732075 0 0)(0 0 -2.1381063e-11)))
(0.626 ((-0.97499322 0 0)(0 0 -2.6114325e-11)))
(0.627 ((-0.97677893 0 0)(0 0 -3.1895436e-11)))
(0.628 ((-0.97856465 0 0)(0 0 -3.895654e-11)))
(0.629 ((-0.98035036 0 0)(0 0 -4.7580936e-11)))
(0.63 ((-0.98213607 0 0)(0 0 -5.8114836e-11)))
(0.631 ((-0.98392179 0 0)(0 0 -7.0981129e-11)))
(0.632 ((-0.9857075 0 0)(0 0 -8.6695966e-11)))
(0.633 ((-0.98749322 0 0)(0 0 -1.0589021e-10)))
(0.634 ((-0.98927893 0 0)(0 0 -1.293342e-10)))
(0.635 ((-0.99106465 0 0)(0 0 -1.5796896e-10)))
(0.636 ((-0.99285036 0 0)(0 0 -1.9294367e-10)))
(0.637 ((-0.99463607 0 0)(0 0 -2.3566171e-10)))
(0.638 ((-0.99642179 0 0)(0 0 -2.8783769e-10)))
(0.639 ((-0.9982075 0 0)(0 0 -3.5156568e-10)))
(0.64 ((-0.99999322 0 0)(0 0 -4.2940322e-10)))
(0.641 ((-1.0017789 0 0)(0 0 -5.2447433e-10)))
(0.642 ((-1.0035646 0 0)(0 0 -6.4059438e-10)))
(0.643 ((-1.0053504 0 0)(0 0 -7.8242354e-10)))
(0.644 ((-1.0071361 0 0)(0 0 -9.5565418e-10)))
(0.645 ((-1.0089218 0 0)(0 0 -1.1672387e-09)))
(0.646 ((-1.0107075 0 0)(0 0 -1.4256687e-09)))
(0.647 ((-1.0124932 0 0)(0 0 -1.7413158e-09)))
(0.648 ((-1.0142789 0 0)(0 0 -2.126848e-09)))
(0.649 ((-1.0160646 0 0)(0 0 -2.5977381e-09)))
(0.65 ((-1.0178504 0 0)(0 0 -3.1728845e-09)))
(0.651 ((-1.0196361 0 0)(0 0 -3.8753701e-09)))
(0.652 ((-1.0214218 0 0)(0 0 -4.733388e-09)))
(0.653 ((-1.0232075 0 0)(0 0 -5.7813734e-09)))
(0.654 ((-1.0249932 0 0)(0 0 -7.0613858e-09)))
(0.655 ((-1.0267789 0 0)(0 0 -8.6247963e-09)))
(0.656 ((-1.0285646 0 0)(0 0 -1.053435e-08)))
(0.657 ((-1.0303504 0 0)(0 0 -1.2866685e-08)))
(0.658 ((-1.0321361 0 0)(0 0 -1.5715405e-08)))
(0.659 ((-1.0339218 0 0)(0 0 -1.919484e-08)))
(0.66 ((-1.0357075 0 0)(0 0 -2.344463e-08)))
(0.661 ((-1.0374932 0 0)(0 0 -2.8635336e-08)))
(0.662 ((-1.0392789 0 0)(0 0 -3.4975279e-08)))
(0.663 ((-1.0410646 0 0)(0 0 -4.2718902e-08)))
(0.664 ((-1.0428504 0 0)(0 0 -5.2176985e-08)))
(0.665 ((-1.0446361 0 0)(0 0 -6.3729112e-08)))
(0.666 ((-1.0464218 0 0)(0 0 -7.7838913e-08)))
(0.667 ((-1.0482075 0 0)(0 0 -9.5072661e-08)))
(0.668 ((-1.0499932 0 0)(0 0 -1.1612201e-07)))
(0.669 ((-1.0517789 0 0)(0 0 -1.4183174e-07)))
(0.67 ((-1.0535646 0 0)(0 0 -1.7323367e-07)))
(0.671 ((-1.0553504 0 0)(0 0 -2.1158807e-07)))
(0.672 ((-1.0571361 0 0)(0 0 -2.5843424e-07)))
(0.673 ((-1.0589218 0 0)(0 0 -3.1565227e-07)))
(0.674 ((-1.0607075 0 0)(0 0 -3.8553852e-07)))
(0.675 ((-1.0624932 0 0)(0 0 -4.7089777e-07)))
(0.676 ((-1.0642789 0 0)(0 0 -5.7515576e-07)))
(0.677 ((-1.0660646 0 0)(0 0 -7.0249672e-07)))
(0.678 ((-1.0678504 0 0)(0 0 -8.5803128e-07)))
(0.679 ((-1.0696361 0 0)(0 0 -1.0480015e-06)))
(0.68 ((-1.0714218 0 0)(0 0 -1.2800316e-06)))
(0.681 ((-1.0732075 0 0)(0 0 -1.5634336e-06)))
(0.682 ((-1.0749932 0 0)(0 0 -1.9095813e-06)))
(0.683 ((-1.0767789 0 0)(0 0 -2.3323667e-06)))
(0.684 ((-1.0785646 0 0)(0 0 -2.8487574e-06)))
(0.685 ((-1.0803504 0 0)(0 0 -3.4794775e-06)))
(0.686 ((-1.0821361 0 0)(0 0 -4.2498394e-06)))
(0.687 ((-1.0839218 0 0)(0 0 -5.1907598e-06)))
(0.688 ((-1.0857075 0 0)(0 0 -6.3399995e-06)))
(0.689 ((-1.0874932 0 0)(0 0 -7.7436799e-06)))
(0.69 ((-1.0892789 0 0)(0 0 -9.4581325e-06)))
(0.691 ((-1.0910646 0 0)(0 0 -1.155216e-05)))
(0.692 ((-1.0928504 0 0)(0 0 -1.4109797e-05)))
(0.693 ((-1.0946361 0 0)(0 0 -1.723368e-05)))
(0.694 ((-1.0964218 0 0)(0 0 -2.1049168e-05)))
(0.695 ((-1.0982075 0 0)(0 0 -2.5709368e-05)))
(0.696 ((-1.0999932 0 0)(0 0 -3.1401279e-05)))
(0.697 ((-1.1017789 0 0)(0 0 -3.8353289e-05)))
(0.698 ((-1.1035646 0 0)(0 0 -4.6844335e-05)))
(0.699 ((-1.1053504 0 0)(0 0 -5.7215089e-05)))
(0.7 ((-1.1071361 0 0)(0 0 -6.9881605e-05)))
(0.701 ((-1.1089218 0 0)(0 0 -8.5352e-05)))
(0.702 ((-1.1107075 0 0)(0 0 -0.00010424681)))
(0.703 ((-1.1124932 0 0)(0 0 -0.00012732381)))
(0.704 ((-1.1142789 0 0)(0 0 -0.00015550839)))
(0.705 ((-1.1160646 0 0)(0 0 -0.00018993054)))
(0.706 ((-1.1178504 0 0)(0 0 -0.00023196998)))
(0.707 ((-1.1196361 0 0)(0 0 -0.00028331132)))
(0.708 ((-1.1214218 0 0)(0 0 -0.0003460112)))
(0.709 ((-1.1232075 0 0)(0 0 -0.00042258022)))
(0.71 ((-1.1249932 0 0)(0 0 -0.00051608275)))
(0.711 ((-1.1267789 0 0)(0 0 -0.00063025857)))
(0.712 ((-1.1285646 0 0)(0 0 -0.00076967085)))
(0.713 ((-1.1303504 0 0)(0 0 -0.00093988621)))
(0.714 ((-1.1321361 0 0)(0 0 -0.0011476936)))
(0.715 ((-1.1339218 0 0)(0 0 -0.0014013698)))
(0.716 ((-1.1357075 0 0)(0 0 -0.0017110018)))
(0.717 ((-1.1374932 0 0)(0 0 -0.0020888761)))
(0.718 ((-1.1392789 0 0)(0 0 -0.0025499499)))
(0.719 ((-1.1410646 0 0)(0 0 -0.0031124184)))
(0.72 ((-1.1428504 0 0)(0 0 -0.0037983956)))
(0.721 ((-1.1446361 0 0)(0 0 -0.0046347302)))
(0.722 ((-1.1464218 0 0)(0 0 -0.0056539764)))
(0.723 ((-1.1482075 0 0)(0 0 -0.0068955439)))
(0.724 ((-1.1499932 0 0)(0 0 -0.008407051)))
(0.725 ((-1.1517789 0 0)(0 0 -0.010245901)))
(0.726 ((-1.1535646 0 0)(0 0 -0.0124811)))
(0.727 ((-1.1553504 0 0)(0 0 -0.015195327)))
(0.728 ((-1.1571361 0 0)(0 0 -0.018487244)))
(0.729 ((-1.1589218 0 0)(0 0 -0.022474028)))
(0.73 ((-1.1607075 0 0)(0 0 -0.027294057)))
(0.731 ((-1.1624932 0 0)(0 0 -0.033109658)))
(0.732 ((-1.1642789 0 0)(0 0 -0.040109764)))
(0.733 ((-1.1660646 0 0)(0 0 -0.048512283)))
(0.734 ((-1.1678504 0 0)(0 0 -0.058565919)))
(0.735 ((-1.1696361 0 0)(0 0 -0.070551152)))
(0.736 ((-1.1714218 0 0)(0 0 -0.084780066)))
(0.737 ((-1.1732075 0 0)(0 0 -0.10159476)))
(0.738 ((-1.1749932 0 0)(0 0 -0.12136414)))
(0.739 ((-1.1767789 0 0)(0 0 -0.14447906)))
(0.74 ((-1.1785646 0 0)(0 0 -0.17134602)))
(0.741 ((-1.1803504 0 0)(0 0 -0.20237959)))
(0.742 ((-1.1821361 0 0)(0 0 -0.23799436)))
(0.743 ((-1.1839218 0 0)(0 0 -0.2785968)))
(0.744 ((-1.1857075 0 0)(0 0 -0.32457777)))
(0.745 ((-1.1874932 0 0)(0 0 -0.37630616)))
(0.746 ((-1.1892789 0 0)(0 0 -0.43412404)))
(0.747 ((-1.1910646 0 0)(0 0 -0.49834347)))
(0.748 ((-1.1928504 0 0)(0 0 -0.5692449)))
(0.749 ((-1.1946361 0 0)(0 0 -0.64707698)))
(0.75 ((-1.1964218 0 0)(0 0 -0.73205758)))
(0.751 ((-1.1982075 0 0)(0 0 -0.82437554)))
(0.752 ((-1.1999932 0 0)(0 0 -0.92419313)))
(0.753 ((-1.2017789 0 0)(0 0 -1.0316486)))
(0.754 ((-1.2035646 0 0)(0 0 -1.146859)))
(0.755 ((-1.2053504 0 0)(0 0 -1.2699229)))
(0.756 ((-1.2071361 0 0)(0 0 -1.4009228)))
(0.757 ((-1.2089218 0 0)(0 0 -1.5399273)))
(0.758 ((-1.2107075 0 0)(0 0 -1.6869937)))
(0.759 ((-1.2124932 0 0)(0 0 -1.8421693)))
(0.76 ((-1.2142789 0 0)(0 0 -2.005493)))
(0.761 ((-1.2160646 0 0)(0 0 -2.1769968)))
(0.762 ((-1.2178504 0 0)(0 0 -2.3567071)))
(0.763 ((-1.2196361 0 0)(0 0 -2.5446451)))
(0.764 ((-1.2214218 0 0)(0 0 -2.7408281)))
(0.765 ((-1.2232075 0 0)(0 0 -2.94527)))
(0.766 ((-1.2249932 0 0)(0 0 -3.1579816)))
(0.767 ((-1.2267789 0 0)(0 0 -3.3789714)))
(0.768 ((-1.2285646 0 0)(0 0 -3.6082456)))
(0.769 ((-1.2303504 0 0)(0 0 -3.8458084)))
(0.77 ((-1.2321361 0 0)(0 0 -4.0916624)))
(0.771 ((-1.2339218 0 0)(0 0 -4.3458084)))
(0.772 ((-1.2357075 0 0)(0 0 -4.6082456)))
(0.773 ((-1.2374932 0 0)(0 0 -4.8789714)))
(0.774 ((-1.2392789 0 0)(0 0 -5.1579816)))
(0.775 ((-1.2410646 0 0)(0 0 -5.44527)))
(0.776 ((-1.2428504 0 0)(0 0 -5.7408281)))
(0.777 ((-1.2446361 0 0)(0 0 -6.0446451)))
(0.778 ((-1.2464218 0 0)(0 0 -6.3567071)))
(0.779 ((-1.2482075 0 0)(0 0 -6.6769968)))
(0.78 ((-1.2499932 0 0)(0 0 -7.005493)))
(0.781 ((-1.2517789 0 0)(0 0 -7.3421693)))
(0.782 ((-1.2535646 0 0)(0 0 -7.6869937)))
(0.783 ((-1.2553504 0 0)(0 0 -8.0399273)))
(0.784 ((-1.2571361 0 0)(0 0 -8.4009228)))
(0.785 ((-1.2589218 0 0)(0 0 -8.7699229)))
(0.786 ((-1.2607075 0 0)(0 0 -9.146859)))
(0.787 ((-1.2624932 0 0)(0 0 -9.5316486)))
(0.788 ((-1.2642789 0 0)(0 0 -9.9241931)))
(0.789 ((-1.2660646 0 0)(0 0 -10.324376)))
(0.79 ((-1.2678504 0 0)(0 0 -10.732058)))
(0.791 ((-1.2696361 0 0)(0 0 -11.147077)))
(0.792 ((-1.2714218 0 0)(0 0 -11.569245)))
(0.793 ((-1.2732075 0 0)(0 0 -11.998343)))
(0.794 ((-1.2749932 0 0)(0 0 -12.434124)))
(0.795 ((-1.2767789 0 0)(0 0 -12.876306)))
(0.796 ((-1.2785646 0 0)(0 0 -13.324578)))
(0.797 ((-1.2803504 0 0)(0 0 -13.778597)))
(0.798 ((-1.2821361 0 0)(0 0 -14.237994)))
(0.799 ((-1.2839218 0 0)(0 0 -14.70238)))
(0.8 ((-1.2857075 0 0)(0 0 -15.171346)))
(0.801 ((-1.2874932 0 0)(0 0 -15.644479)))
(0.802 ((-1.2892789 0 0)(0 0 -16.121364)))
(0.803 ((-1.2910646 0 0)(0 0 -16.601595)))
(0.804 ((-1.2928504 0 0)(0 0 -17.08478)))
(0.805 ((-1.2946361 0 0)(0 0 -17.570551)))
(0.806 ((-1.2964218 0 0)(0 0 -18.058566)))
(0.807 ((-1.2982075 0 0)(0 0 -18.548512)))
(0.808 ((-1.2999932 0 0)(0 0 -19.04011)))
(0.809 ((-1.3017789 0 0)(0 0 -19.53311)))
(0.81 ((-1.3035646 0 0)(0 0 -20.027294)))
(0.811 ((-1.3053503 0 0)(0 0 -20.522474)))
(0.812 ((-1.307136 0 0)(0 0 -21.018487)))
(0.813 ((-1.3089218 0 0)(0 0 -21.515195)))
(0.814 ((-1.3107075 0 0)(0 0 -22.012481)))
(0.815 ((-1.3124932 0 0)(0 0 -22.510246)))
(0.816 ((-1.3142789 0 0)(0 0 -23.008407)))
(0.817 ((-1.3160646 0 0)(0 0 -23.506896)))
(0.818 ((-1.3178503 0 0)(0 0 -24.005654)))
(0.819 ((-1.319636 0 0)(0 0 -24.504635)))
(0.82 ((-1.3214217 0 0)(0 0 -25.003798)))
(0.821 ((-1.3232074 0 0)(0 0 -25.503112)))
(0.822 ((-1.324993 0 0)(0 0 -26.00255)))
(0.823 ((-1.3267787 0 0)(0 0 -26.502089)))
(0.824 ((-1.3285644 0 0)(0 0 -27.001711)))
(0.825 ((-1.33035 0 0)(0 0 -27.501401)))
(0.826 ((-1.3321357 0 0)(0 0 -28.001148)))
(0.827 ((-1.3339213 0 0)(0 0 -28.50094)))
(0.828 ((-1.3357069 0 0)(0 0 -29.00077)))
(0.829 ((-1.3374925 0 0)(0 0 -29.50063)))
(0.83 ((-1.339278 0 0)(0 0 -30.000516)))
(0.831 ((-1.3410635 0 0)(0 0 -30.500423)))
(0.832 ((-1.342849 0 0)(0 0 -31.000346)))
(0.833 ((-1.3446344 0 0)(0 0 -31.500283)))
(0.834 ((-1.3464197 0 0)(0 0 -32.000232)))
(0.835 ((-1.348205 0 0)(0 0 -32.50019)))
(0.836 ((-1.3499902 0 0)(0 0 -33.000155)))
(0.837 ((-1.3517752 0 0)(0 0 -33.500127)))
(0.838 ((-1.3535601 0 0)(0 0 -34.000104)))
(0.839 ((-1.3553448 0 0)(0 0 -34.500085)))
(0.84 ((-1.3571293 0 0)(0 0 -35.00007)))
(0.841 ((-1.3589135 0 0)(0 0 -35.500057)))
(0.842 ((-1.3606974 0 0)(0 0 -36.000047)))
(0.843 ((-1.3624809 0 0)(0 0 -36.500038)))
(0.844 ((-1.3642639 0 0)(0 0 -37.000031)))
(0.845 ((-1.3660463 0 0)(0 0 -37.500026)))
(0.846 ((-1.3678281 0 0)(0 0 -38.000021)))
(0.847 ((-1.3696089 0 0)(0 0 -38.500017)))
(0.848 ((-1.3713888 0 0)(0 0 -39.000014)))
(0.849 ((-1.3731674 0 0)(0 0 -39.500011)))
(0.85 ((-1.3749445 0 0)(0 0 -40.000009)))
(0.851 ((-1.3767198 0 0)(0 0 -40.500008)))
(0.852 ((-1.378493 0 0)(0 0 -41.000006)))
(0.853 ((-1.3802637 0 0)(0 0 -41.500005)))
(0.854 ((-1.3820315 0 0)(0 0 -42.000004)))
(0.855 ((-1.3837958 0 0)(0 0 -42.500003)))
(0.856 ((-1.3855561 0 0)(0 0 -43.000002)))
(0.857 ((-1.3873118 0 0)(0 0 -43.500002)))
(0.858 ((-1.3890622 0 0)(0 0 -44.000001)))
(0.859 ((-1.3908066 0 0)(0 0 -44.500001)))
(0.86 ((-1.3925444 0 0)(0 0 -45)))
(0.861 ((-1.3942747 0 0)(0 0 -45.499999)))
(0.862 ((-1.3959968 0 0)(0 0 -45.999999)))
(0.863 ((-1.39771 0 0)(0 0 -46.499998)))
(0.864 ((-1.3994136 0 0)(0 0 -46.999998)))
(0.865 ((-1.4011069 0 0)(0 0 -47.499997)))
(0.866 ((-1.4027894 0 0)(0 0 -47.999996)))
(0.867 ((-1.4044605 0 0)(0 0 -48.499995)))
(0.868 ((-1.4061196 0 0)(0 0 -48.999994)))
(0.869 ((-1.4077663 0 0)(0 0 -49.499992)))
(0.87 ((-1.4094002 0 0)(0 0 -49.999991)))
(0.871 ((-1.4110211 0 0)(0 0 -50.499989)))
(0.872 ((-1.4126286 0 0)(0 0 -50.999986)))
(0.873 ((-1.4142224 0 0)(0 0 -51.499983)))
(0.874 ((-1.4158024 0 0)(0 0 -51.999979)))
(0.875 ((-1.4173683 0 0)(0 0 -52.499974)))
(0.876 ((-1.4189201 0 0)(0 0 -52.999969)))
(0.877 ((-1.4204576 0 0)(0 0 -53.499962)))
(0.878 ((-1.4219806 0 0)(0 0 -53.999953)))
(0.879 ((-1.4234892 0 0)(0 0 -54.499943)))
(0.88 ((-1.4249833 0 0)(0 0 -54.99993)))
(0.881 ((-1.4264627 0 0)(0 0 -55.499915)))
(0.882 ((-1.4279275 0 0)(0 0 -55.999896)))
(0.883 ((-1.4293776 0 0)(0 0 -56.499873)))
(0.884 ((-1.4308129 0 0)(0 0 -56.999845)))
(0.885 ((-1.4322335 0 0)(0 0 -57.49981)))
(0.886 ((-1.4336393 0 0)(0 0 -57.999768)))
(0.887 ((-1.4350303 0 0)(0 0 -58.499717)))
(0.888 ((-1.4364064 0 0)(0 0 -58.999654)))
(0.889 ((-1.4377678 0 0)(0 0 -59.499577)))
(0.89 ((-1.4391143 0 0)(0 0 -59.999484)))
(0.891 ((-1.440446 0 0)(0 0 -60.49937)))
(0.892 ((-1.4417628 0 0)(0 0 -60.99923)))
(0.893 ((-1.4430648 0 0)(0 0 -61.49906)))
(0.894 ((-1.4443519 0 0)(0 0 -61.998852)))
(0.895 ((-1.4456242 0 0)(0 0 -62.498599)))
(0.896 ((-1.4468815 0 0)(0 0 -62.998289)))
(0.897 ((-1.448124 0 0)(0 0 -63.497911)))
(0.898 ((-1.4493517 0 0)(0 0 -63.99745)))
(0.899 ((-1.4505645 0 0)(0 0 -64.496888)))
(0.9 ((-1.4517623 0 0)(0 0 -64.996202)))
(0.901 ((-1.4529454 0 0)(0 0 -65.495365)))
(0.902 ((-1.4541135 0 0)(0 0 -65.994346)))
(0.903 ((-1.4552667 0 0)(0 0 -66.493104)))
(0.904 ((-1.4564051 0 0)(0 0 -66.991593)))
(0.905 ((-1.4575286 0 0)(0 0 -67.489754)))
(0.906 ((-1.4586373 0 0)(0 0 -67.987519)))
(0.907 ((-1.459731 0 0)(0 0 -68.484805)))
(0.908 ((-1.4608099 0 0)(0 0 -68.981513)))
(0.909 ((-1.4618738 0 0)(0 0 -69.477526)))
(0.91 ((-1.4629229 0 0)(0 0 -69.972706)))
(0.911 ((-1.4639572 0 0)(0 0 -70.46689)))
(0.912 ((-1.4649765 0 0)(0 0 -70.95989)))
(0.913 ((-1.465981 0 0)(0 0 -71.451488)))
(0.914 ((-1.4669706 0 0)(0 0 -71.941434)))
(0.915 ((-1.4679453 0 0)(0 0 -72.429449)))
(0.916 ((-1.4689051 0 0)(0 0 -72.91522)))
(0.917 ((-1.46985 0 0)(0 0 -73.398405)))
(0.918 ((-1.4707801 0 0)(0 0 -73.878636)))
(0.919 ((-1.4716953 0 0)(0 0 -74.355521)))
(0.92 ((-1.4725956 0 0)(0 0 -74.828654)))
(0.921 ((-1.473481 0 0)(0 0 -75.29762)))
(0.922 ((-1.4743515 0 0)(0 0 -75.762006)))
(0.923 ((-1.4752072 0 0)(0 0 -76.221403)))
(0.924 ((-1.4760479 0 0)(0 0 -76.675422)))
(0.925 ((-1.4768738 0 0)(0 0 -77.123694)))
(0.926 ((-1.4776848 0 0)(0 0 -77.565876)))
(0.927 ((-1.478481 0 0)(0 0 -78.001657)))
(0.928 ((-1.4792622 0 0)(0 0 -78.430755)))
(0.929 ((-1.4800286 0 0)(0 0 -78.852923)))
(0.93 ((-1.4807801 0 0)(0 0 -79.267942)))
(0.931 ((-1.4815167 0 0)(0 0 -79.675624)))
(0.932 ((-1.4822384 0 0)(0 0 -80.075807)))
(0.933 ((-1.4829453 0 0)(0 0 -80.468351)))
(0.934 ((-1.4836373 0 0)(0 0 -80.853141)))
(0.935 ((-1.4843143 0 0)(0 0 -81.230077)))
(0.936 ((-1.4849766 0 0)(0 0 -81.599077)))
(0.937 ((-1.4856239 0 0)(0 0 -81.960073)))
(0.938 ((-1.4862563 0 0)(0 0 -82.313006)))
(0.939 ((-1.4868739 0 0)(0 0 -82.657831)))
(0.94 ((-1.4874766 0 0)(0 0 -82.994507)))
(0.941 ((-1.4880645 0 0)(0 0 -83.323003)))
(0.942 ((-1.4886374 0 0)(0 0 -83.643293)))
(0.943 ((-1.4891955 0 0)(0 0 -83.955355)))
(0.944 ((-1.4897387 0 0)(0 0 -84.259172)))
(0.945 ((-1.490267 0 0)(0 0 -84.55473)))
(0.946 ((-1.4907805 0 0)(0 0 -84.842018)))
(0.947 ((-1.4912791 0 0)(0 0 -85.121029)))
(0.948 ((-1.4917628 0 0)(0 0 -85.391754)))
(0.949 ((-1.4922317 0 0)(0 0 -85.654192)))
(0.95 ((-1.4926858 0 0)(0 0 -85.908338)))
(0.951 ((-1.4931249 0 0)(0 0 -86.154192)))
(0.952 ((-1.4935493 0 0)(0 0 -86.391754)))
(0.953 ((-1.4939588 0 0)(0 0 -86.621029)))
(0.954 ((-1.4943536 0 0)(0 0 -86.842018)))
(0.955 ((-1.4947335 0 0)(0 0 -87.05473)))
(0.956 ((-1.4950986 0 0)(0 0 -87.259172)))
(0.957 ((-1.495449 0 0)(0 0 -87.455355)))
(0.958 ((-1.4957846 0 0)(0 0 -87.643293)))
(0.959 ((-1.4961056 0 0)(0 0 -87.823003)))
(0.96 ((-1.4964119 0 0)(0 0 -87.994507)))
(0.961 ((-1.4967035 0 0)(0 0 -88.157831)))
(0.962 ((-1.4969806 0 0)(0 0 -88.313006)))
(0.963 ((-1.4972433 0 0)(0 0 -88.460073)))
(0.964 ((-1.4974915 0 0)(0 0 -88.599077)))
(0.965 ((-1.4977255 0 0)(0 0 -88.730077)))
(0.966 ((-1.4979452 0 0)(0 0 -88.853141)))
(0.967 ((-1.498151 0 0)(0 0 -88.968351)))
(0.968 ((-1.4983428 0 0)(0 0 -89.075807)))
(0.969 ((-1.4985211 0 0)(0 0 -89.175624)))
(0.97 ((-1.498686 0 0)(0 0 -89.267942)))
(0.971 ((-1.4988377 0 0)(0 0 -89.352923)))
(0.972 ((-1.4989767 0 0)(0 0 -89.430755)))
(0.973 ((-1.4991033 0 0)(0 0 -89.501657)))
(0.974 ((-1.499218 0 0)(0 0 -89.565876)))
(0.975 ((-1.4993212 0 0)(0 0 -89.623694)))
(0.976 ((-1.4994136 0 0)(0 0 -89.675422)))
(0.977 ((-1.4994957 0 0)(0 0 -89.721403)))
(0.978 ((-1.4995682 0 0)(0 0 -89.762006)))
(0.979 ((-1.4996318 0 0)(0 0 -89.79762)))
(0.98 ((-1.4996872 0 0)(0 0 -89.828654)))
(0.981 ((-1.4997352 0 0)(0 0 -89.855521)))
(0.982 ((-1.4997765 0 0)(0 0 -89.878636)))
(0.983 ((-1.4998118 0 0)(0 0 -89.898405)))
(0.984 ((-1.4998418 0 0)(0 0 -89.91522)))
(0.985 ((-1.4998672 0 0)(0 0 -89.929449)))
(0.986 ((-1.4998886 0 0)(0 0 -89.941434)))
(0.987 ((-1.4999066 0 0)(0 0 -89.951488)))
(0.988 ((-1.4999216 0 0)(0 0 -89.95989)))
(0.989 ((-1.4999341 0 0)(0 0 -89.96689)))
(0.99 ((-1.4999445 0 0)(0 0 -89.972706)))
(0.991 ((-1.4999531 0 0)(0 0 -89.977526)))
(0.992 ((-1.4999602 0 0)(0 0 -89.981513)))
(0.993 ((-1.4999661 0 0)(0 0 -89.984805)))
(0.994 ((-1.4999709 0 0)(0 0 -89.987519)))
(0.995 ((-1.4999749 0 0)(0 0 -89.989754)))
(0.996 ((-1.4999782 0 0)(0 0 -89.991593)))
(0.997 ((-1.4999809 0 0)(0 0 -89.993104)))
(0.998 ((-1.4999831 0 0)(0 0 -89.994346)))
(0.999 ((-1.4999849 0 0)(0 0 -89.995365)))
(1 ((-1.4999864 0 0)(0 0 -89.996202)))
(1.001 ((-1.4999877 0 0)(0 0 -89.996888)))
(1.002 ((-1.4999887 0 0)(0 0 -89.99745)))
(1.003 ((-1.4999895 0 0)(0 0 -89.997911)))
(1.004 ((-1.4999902 0 0)(0 0 -89.998289)))
(1.005 ((-1.4999907 0 0)(0 0 -89.998599)))
(1.006 ((-1.4999912 0 0)(0 0 -89.998852)))
(1.007 ((-1.4999915 0 0)(0 0 -89.99906)))
(1.008 ((-1.4999918 0 0)(0 0 -89.99923)))
(1.009 ((-1.4999921 0 0)(0 0 -89.99937)))
(1.01 ((-1.4999923 0 0)(0 0 -89.999484)))
(1.011 ((-1.4999925 0 0)(0 0 -89.999577)))
(1.012 ((-1.4999926 0 0)(0 0 -89.999654)))
(1.013 ((-1.4999927 0 0)(0 0 -89.999717)))
(1.014 ((-1.4999928 0 0)(0 0 -89.999768)))
(1.015 ((-1.4999929 0 0)(0 0 -89.99981)))
(1.016 ((-1.4999929 0 0)(0 0 -89.999844)))
(1.017 ((-1.499993 0 0)(0 0 -89.999873)))
(1.018 ((-1.499993 0 0)(0 0 -89.999896)))
(1.019 ((-1.4999931 0 0)(0 0 -89.999915)))
(1.02 ((-1.4999931 0 0)(0 0 -89.99993)))
(1.021 ((-1.4999931 0 0)(0 0 -89.999943)))
(1.022 ((-1.4999931 0 0)(0 0 -89.999953)))
(1.023 ((-1.4999931 0 0)(0 0 -89.999962)))
(1.024 ((-1.4999932 0 0)(0 0 -89.999969)))
(1.025 ((-1.4999932 0 0)(0 0 -89.999974)))
(1.026 ((-1.4999932 0 0)(0 0 -89.999979)))
(1.027 ((-1.4999932 0 0)(0 0 -89.999983)))
(1.028 ((-1.4999932 0 0)(0 0 -89.999986)))
(1.029 ((-1.4999932 0 0)(0 0 -89.999988)))
(1.03 ((-1.4999932 0 0)(0 0 -89.999991)))
(1.031 ((-1.4999932 0 0)(0 0 -89.999992)))
(1.032 ((-1.4999932 0 0)(0 0 -89.999994)))
(1.033 ((-1.4999932 0 0)(0 0 -89.999995)))
(1.034 ((-1.4999932 0 0)(0 0 -89.999996)))
(1.035 ((-1.4999932 0 0)(0 0 -89.999997)))
(1.036 ((-1.4999932 0 0)(0 0 -89.999997)))
(1.037 ((-1.4999932 0 0)(0 0 -89.999998)))
(1.038 ((-1.4999932 0 0)(0 0 -89.999998)))
(1.039 ((-1.4999932 0 0)(0 0 -89.999998)))
(1.04 ((-1.4999932 0 0)(0 0 -89.999999)))
(1.041 ((-1.4999932 0 0)(0 0 -89.999999)))
(1.042 ((-1.4999932 0 0)(0 0 -89.999999)))
(1.043 ((-1.4999932 0 0)(0 0 -89.999999)))
(1.044 ((-1.4999932 0 0)(0 0 -89.999999)))
(1.045 ((-1.4999932 0 0)(0 0 -90)))
(1.046 ((-1.4999932 0 0)(0 0 -90)))
(1.047 ((-1.4999932 0 0)(0 0 -90)))
(1.048 ((-1.4999932 0 0)(0 0 -90)))
(1.049 ((-1.4999932 0 0)(0 0 -90)))
(1.05 ((-1.4999932 0 0)(0 0 -90)))
(1.051 ((-1.4999932 0 0)(0 0 -90)))
(1.052 ((-1.4999932 0 0)(0 0 -90)))
(1.053 ((-1.4999932 0 0)(0 0 -90)))
(1.054 ((-1.4999932 0 0)(0 0 -90)))
(1.055 ((-1.4999932 0 0)(0 0 -90)))
(1.056 ((-1.4999932 0 0)(0 0 -90)))
(1.057 ((-1.4999932 0 0)(0 0 -90)))
(1.058 ((-1.4999932 0 0)(0 0 -90)))
(1.059 ((-1.4999932 0 0)(0 0 -90)))
(1.06 ((-1.4999932 0 0)(0 0 -90)))
(1.061 ((-1.4999932 0 0)(0 0 -90)))
(1.062 ((-1.4999932 0 0)(0 0 -90)))
(1.063 ((-1.4999932 0 0)(0 0 -90)))
(1.064 ((-1.4999932 0 0)(0 0 -90)))
(1.065 ((-1.4999932 0 0)(0 0 -90)))
(1.066 ((-1.4999932 0 0)(0 0 -90)))
(1.067 ((-1.4999932 0 0)(0 0 -90)))
(1.068 ((-1.4999932 0 0)(0 0 -90)))
(1.069 ((-1.4999932 0 0)(0 0 -90)))
(1.07 ((-1.4999932 0 0)(0 0 -90)))
(1.071 ((-1.4999932 0 0)(0 0 -90)))
(1.072 ((-1.4999932 0 0)(0 0 -90)))
(1.073 ((-1.4999932 0 0)(0 0 -90)))
(1.074 ((-1.4999932 0 0)(0 0 -90)))
(1.075 ((-1.4999932 0 0)(0 0 -90)))
(1.076 ((-1.4999932 0 0)(0 0 -90)))
(1.077 ((-1.4999932 0 0)(0 0 -90)))
(1.078 ((-1.4999932 0 0)(0 0 -90)))
(1.079 ((-1.4999932 0 0)(0 0 -90)))
(1.08 ((-1.4999932 0 0)(0 0 -90)))
(1.081 ((-1.4999932 0 0)(0 0 -90)))
(1.082 ((-1.4999932 0 0)(0 0 -90)))
(1.083 ((-1.4999932 0 0)(0 0 -90)))
(1.084 ((-1.4999932 0 0)(0 0 -90)))
(1.085 ((-1.4999932 0 0)(0 0 -90)))
(1.086 ((-1.4999932 0 0)(0 0 -90)))
(1.087 ((-1.4999932 0 0)(0 0 -90)))
(1.088 ((-1.4999932 0 0)(0 0 -90)))
(1.089 ((-1.4999932 0 0)(0 0 -90)))
(1.09 ((-1.4999932 0 0)(0 0 -90)))
(1.091 ((-1.4999932 0 0)(0 0 -90)))
(1.092 ((-1.4999932 0 0)(0 0 -90)))
(1.093 ((-1.4999932 0 0)(0 0 -90)))
(1.094 ((-1.4999932 0 0)(0 0 -90)))
(1.095 ((-1.4999932 0 0)(0 0 -90)))
(1.096 ((-1.4999932 0 0)(0 0 -90)))
(1.097 ((-1.4999932 0 0)(0 0 -90)))
(1.098 ((-1.4999932 0 0)(0 0 -90)))
(1.099 ((-1.4999932 0 0)(0 0 -90)))
(1.1 ((-1.4999932 0 0)(0 0 -90)))
(1.101 ((-1.4999932 0 0)(0 0 -90)))
(1.102 ((-1.4999932 0 0)(0 0 -90)))
(1.103 ((-1.4999932 0 0)(0 0 -90)))
(1.104 ((-1.4999932 0 0)(0 0 -90)))
(1.105 ((-1.4999932 0 0)(0 0 -90)))
(1.106 ((-1.4999932 0 0)(0 0 -90)))
(1.107 ((-1.4999932 0 0)(0 0 -90)))
(1.108 ((-1.4999932 0 0)(0 0 -90)))
(1.109 ((-1.4999932 0 0)(0 0 -90)))
(1.11 ((-1.4999932 0 0)(0 0 -90)))
(1.111 ((-1.4999932 0 0)(0 0 -90)))
(1.112 ((-1.4999932 0 0)(0 0 -90)))
(1.113 ((-1.4999932 0 0)(0 0 -90)))
(1.114 ((-1.4999932 0 0)(0 0 -90)))
(1.115 ((-1.4999932 0 0)(0 0 -90)))
(1.116 ((-1.4999932 0 0)(0 0 -90)))
(1.117 ((-1.4999932 0 0)(0 0 -90)))
(1.118 ((-1.4999932 0 0)(0 0 -90)))
(1.119 ((-1.4999932 0 0)(0 0 -90)))
(1.12 ((-1.4999932 0 0)(0 0 -90)))
(1.121 ((-1.4999932 0 0)(0 0 -90)))
(1.122 ((-1.4999932 0 0)(0 0 -90)))
(1.123 ((-1.4999932 0 0)(0 0 -90)))
(1.124 ((-1.4999932 0 0)(0 0 -90)))
(1.125 ((-1.4999932 0 0)(0 0 -90)))
(1.126 ((-1.4999932 0 0)(0 0 -90)))
(1.127 ((-1.4999932 0 0)(0 0 -90)))
(1.128 ((-1.4999932 0 0)(0 0 -90)))
(1.129 ((-1.4999932 0 0)(0 0 -90)))
(1.13 ((-1.4999932 0 0)(0 0 -90)))
(1.131 ((-1.4999932 0 0)(0 0 -90)))
(1.132 ((-1.4999932 0 0)(0 0 -90)))
(1.133 ((-1.4999932 0 0)(0 0 -90)))
(1.134 ((-1.4999932 0 0)(0 0 -90)))
(1.135 ((-1.4999932 0 0)(0 0 -90)))
(1.136 ((-1.4999932 0 0)(0 0 -90)))
(1.137 ((-1.4999932 0 0)(0 0 -90)))
(1.138 ((-1.4999932 0 0)(0 0 -90)))
(1.139 ((-1.4999932 0 0)(0 0 -90)))
(1.14 ((-1.4999932 0 0)(0 0 -90)))
(1.141 ((-1.4999932 0 0)(0 0 -90)))
(1.142 ((-1.4999932 0 0)(0 0 -90)))
(1.143 ((-1.4999932 0 0)(0 0 -90)))
(1.144 ((-1.4999932 0 0)(0 0 -90)))
(1.145 ((-1.4999932 0 0)(0 0 -90)))
(1.146 ((-1.4999932 0 0)(0 0 -90)))
(1.147 ((-1.4999932 0 0)(0 0 -90)))
(1.148 ((-1.4999932 0 0)(0 0 -90)))
(1.149 ((-1.4999932 0 0)(0 0 -90)))
(1.15 ((-1.4999932 0 0)(0 0 -90)))
(1.151 ((-1.4999932 0 0)(0 0 -90)))
(1.152 ((-1.4999932 0 0)(0 0 -90)))
(1.153 ((-1.4999932 0 0)(0 0 -90)))
(1.154 ((-1.4999932 0 0)(0 0 -90)))
(1.155 ((-1.4999932 0 0)(0 0 -90)))
(1.156 ((-1.4999932 0 0)(0 0 -90)))
(1.157 ((-1.4999932 0 0)(0 0 -90)))
(1.158 ((-1.4999932 0 0)(0 0 -90)))
(1.159 ((-1.4999932 0 0)(0 0 -90)))
(1.16 ((-1.4999932 0 0)(0 0 -90)))
(1.161 ((-1.4999932 0 0)(0 0 -90)))
(1.162 ((-1.4999932 0 0)(0 0 -90)))
(1.163 ((-1.4999932 0 0)(0 0 -90)))
(1.164 ((-1.4999932 0 0)(0 0 -90)))
(1.165 ((-1.4999932 0 0)(0 0 -90)))
(1.166 ((-1.4999932 0 0)(0 0 -90)))
(1.167 ((-1.4999932 0 0)(0 0 -90)))
(1.168 ((-1.4999932 0 0)(0 0 -90)))
(1.169 ((-1.4999932 0 0)(0 0 -90)))
(1.17 ((-1.4999932 0 0)(0 0 -90)))
(1.171 ((-1.4999932 0 0)(0 0 -90)))
(1.172 ((-1.4999932 0 0)(0 0 -90)))
(1.173 ((-1.4999932 0 0)(0 0 -90)))
(1.174 ((-1.4999932 0 0)(0 0 -90)))
(1.175 ((-1.4999932 0 0)(0 0 -90)))
(1.176 ((-1.4999932 0 0)(0 0 -90)))
(1.177 ((-1.4999932 0 0)(0 0 -90)))
(1.178 ((-1.4999932 0 0)(0 0 -90)))
(1.179 ((-1.4999932 0 0)(0 0 -90)))
(1.18 ((-1.4999932 0 0)(0 0 -90)))
(1.181 ((-1.4999932 0 0)(0 0 -90)))
(1.182 ((-1.4999932 0 0)(0 0 -90)))
(1.183 ((-1.4999932 0 0)(0 0 -90)))
(1.184 ((-1.4999932 0 0)(0 0 -90)))
(1.185 ((-1.4999932 0 0)(0 0 -90)))
(1.186 ((-1.4999932 0 0)(0 0 -90)))
(1.187 ((-1.4999932 0 0)(0 0 -90)))
(1.188 ((-1.4999932 0 0)(0 0 -90)))
(1.189 ((-1.4999932 0 0)(0 0 -90)))
(1.19 ((-1.4999932 0 0)(0 0 -90)))
(1.191 ((-1.4999932 0 0)(0 0 -90)))
(1.192 ((-1.4999932 0 0)(0 0 -90)))
(1.193 ((-1.4999932 0 0)(0 0 -90)))
(1.194 ((-1.4999932 0 0)(0 0 -90)))
(1.195 ((-1.4999932 0 0)(0 0 -90)))
(1.196 ((-1.4999932 0 0)(0 0 -90)))
(1.197 ((-1.4999932 0 0)(0 0 -90)))
(1.198 ((-1.4999932 0 0)(0 0 -90)))
(1.199 ((-1.4999932 0 0)(0 0 -90)))
(1.2 ((-1.4999932 0 0)(0 0 -90)))
(1.201 ((-1.4999932 0 0)(0 0 -90)))
(1.202 ((-1.4999932 0 0)(0 0 -90)))
(1.203 ((-1.4999932 0 0)(0 0 -90)))
(1.204 ((-1.4999932 0 0)(0 0 -90)))
(1.205 ((-1.4999932 0 0)(0 0 -90)))
(1.206 ((-1.4999932 0 0)(0 0 -90)))
(1.207 ((-1.4999932 0 0)(0 0 -90)))
(1.208 ((-1.4999932 0 0)(0 0 -90)))
(1.209 ((-1.4999932 0 0)(0 0 -90)))
(1.21 ((-1.4999932 0 0)(0 0 -90)))
(1.211 ((-1.4999932 0 0)(0 0 -90)))
(1.212 ((-1.4999932 0 0)(0 0 -90)))
(1.213 ((-1.4999932 0 0)(0 0 -90)))
(1.214 ((-1.4999932 0 0)(0 0 -90)))
(1.215 ((-1.4999932 0 0)(0 0 -90)))
(1.216 ((-1.4999932 0 0)(0 0 -90)))
(1.217 ((-1.4999932 0 0)(0 0 -90)))
(1.218 ((-1.4999932 0 0)(0 0 -90)))
(1.219 ((-1.4999932 0 0)(0 0 -90)))
(1.22 ((-1.4999932 0 0)(0 0 -90)))
(1.221 ((-1.4999932 0 0)(0 0 -90)))
(1.222 ((-1.4999932 0 0)(0 0 -90)))
(1.223 ((-1.4999932 0 0)(0 0 -90)))
(1.224 ((-1.4999932 0 0)(0 0 -90)))
(1.225 ((-1.4999932 0 0)(0 0 -90)))
(1.226 ((-1.4999932 0 0)(0 0 -90)))
(1.227 ((-1.4999932 0 0)(0 0 -90)))
(1.228 ((-1.4999932 0 0)(0 0 -90)))
(1.229 ((-1.4999932 0 0)(0 0 -90)))
(1.23 ((-1.4999932 0 0)(0 0 -90)))
(1.231 ((-1.4999932 0 0)(0 0 -90)))
(1.232 ((-1.4999932 0 0)(0 0 -90)))
(1.233 ((-1.4999932 0 0)(0 0 -90)))
(1.234 ((-1.4999932 0 0)(0 0 -90)))
(1.235 ((-1.4999932 0 0)(0 0 -90)))
(1.236 ((-1.4999932 0 0)(0 0 -90)))
(1.237 ((-1.4999932 0 0)(0 0 -90)))
(1.238 ((-1.4999932 0 0)(0 0 -90)))
(1.239 ((-1.4999932 0 0)(0 0 -90)))
(1.24 ((-1.4999932 0 0)(0 0 -90)))
(1.241 ((-1.4999932 0 0)(0 0 -90)))
(1.242 ((-1.4999932 0 0)(0 0 -90)))
(1.243 ((-1.4999932 0 0)(0 0 -90)))
(1.244 ((-1.4999932 0 0)(0 0 -90)))
(1.245 ((-1.4999932 0 0)(0 0 -90)))
(1.246 ((-1.4999932 0 0)(0 0 -90)))
(1.247 ((-1.4999932 0 0)(0 0 -90)))
(1.248 ((-1.4999932 0 0)(0 0 -90)))
(1.249 ((-1.4999932 0 0)(0 0 -90)))
(1.25 ((-1.4999932 0 0)(0 0 -90)))
(1.251 ((-1.4999932 0 0)(0 0 -90)))
(1.252 ((-1.4999932 0 0)(0 0 -90)))
(1.253 ((-1.4999932 0 0)(0 0 -90)))
(1.254 ((-1.4999932 0 0)(0 0 -90)))
(1.255 ((-1.4999932 0 0)(0 0 -90)))
(1.256 ((-1.4999932 0 0)(0 0 -90)))
(1.257 ((-1.4999932 0 0)(0 0 -90)))
(1.258 ((-1.4999932 0 0)(0 0 -90)))
(1.259 ((-1.4999932 0 0)(0 0 -90)))
(1.26 ((-1.4999932 0 0)(0 0 -90)))
(1.261 ((-1.4999932 0 0)(0 0 -90)))
(1.262 ((-1.4999932 0 0)(0 0 -90)))
(1.263 ((-1.4999932 0 0)(0 0 -90)))
(1.264 ((-1.4999932 0 0)(0 0 -90)))
(1.265 ((-1.4999932 0 0)(0 0 -90)))
(1.266 ((-1.4999932 0 0)(0 0 -90)))
(1.267 ((-1.4999932 0 0)(0 0 -90)))
(1.268 ((-1.4999932 0 0)(0 0 -90)))
(1.269 ((-1.4999932 0 0)(0 0 -90)))
(1.27 ((-1.4999932 0 0)(0 0 -90)))
(1.271 ((-1.4999932 0 0)(0 0 -90)))
(1.272 ((-1.4999932 0 0)(0 0 -90)))
(1.273 ((-1.4999932 0 0)(0 0 -90)))
(1.274 ((-1.4999932 0 0)(0 0 -90)))
(1.275 ((-1.4999932 0 0)(0 0 -90)))
(1.276 ((-1.4999932 0 0)(0 0 -90)))
(1.277 ((-1.4999932 0 0)(0 0 -90)))
(1.278 ((-1.4999932 0 0)(0 0 -90)))
(1.279 ((-1.4999932 0 0)(0 0 -90)))
(1.28 ((-1.4999932 0 0)(0 0 -90)))
(1.281 ((-1.4999932 0 0)(0 0 -90)))
(1.282 ((-1.4999932 0 0)(0 0 -90)))
(1.283 ((-1.4999932 0 0)(0 0 -90)))
(1.284 ((-1.4999932 0 0)(0 0 -90)))
(1.285 ((-1.4999932 0 0)(0 0 -90)))
(1.286 ((-1.4999932 0 0)(0 0 -90)))
(1.287 ((-1.4999932 0 0)(0 0 -90)))
(1.288 ((-1.4999932 0 0)(0 0 -90)))
(1.289 ((-1.4999932 0 0)(0 0 -90)))
(1.29 ((-1.4999932 0 0)(0 0 -90)))
(1.291 ((-1.4999932 0 0)(0 0 -90)))
(1.292 ((-1.4999932 0 0)(0 0 -90)))
(1.293 ((-1.4999932 0 0)(0 0 -90)))
(1.294 ((-1.4999932 0 0)(0 0 -90)))
(1.295 ((-1.4999932 0 0)(0 0 -90)))
(1.296 ((-1.4999932 0 0)(0 0 -90)))
(1.297 ((-1.4999932 0 0)(0 0 -90)))
(1.298 ((-1.4999932 0 0)(0 0 -90)))
(1.299 ((-1.4999932 0 0)(0 0 -90)))
(1.3 ((-1.4999932 0 0)(0 0 -90)))
(1.301 ((-1.4999932 0 0)(0 0 -90)))
(1.302 ((-1.4999932 0 0)(0 0 -90)))
(1.303 ((-1.4999932 0 0)(0 0 -90)))
(1.304 ((-1.4999932 0 0)(0 0 -90)))
(1.305 ((-1.4999932 0 0)(0 0 -90)))
(1.306 ((-1.4999932 0 0)(0 0 -90)))
(1.307 ((-1.4999932 0 0)(0 0 -90)))
(1.308 ((-1.4999932 0 0)(0 0 -90)))
(1.309 ((-1.4999932 0 0)(0 0 -90)))
(1.31 ((-1.4999932 0 0)(0 0 -90)))
(1.311 ((-1.4999932 0 0)(0 0 -90)))
(1.312 ((-1.4999932 0 0)(0 0 -90)))
(1.313 ((-1.4999932 0 0)(0 0 -90)))
(1.314 ((-1.4999932 0 0)(0 0 -90)))
(1.315 ((-1.4999932 0 0)(0 0 -90)))
(1.316 ((-1.4999932 0 0)(0 0 -90)))
(1.317 ((-1.4999932 0 0)(0 0 -90)))
(1.318 ((-1.4999932 0 0)(0 0 -90)))
(1.319 ((-1.4999932 0 0)(0 0 -90)))
(1.32 ((-1.4999932 0 0)(0 0 -90)))
(1.321 ((-1.4999932 0 0)(0 0 -90)))
(1.322 ((-1.4999932 0 0)(0 0 -90)))
(1.323 ((-1.4999932 0 0)(0 0 -90)))
(1.324 ((-1.4999932 0 0)(0 0 -90)))
(1.325 ((-1.4999932 0 0)(0 0 -90)))
(1.326 ((-1.4999932 0 0)(0 0 -90)))
(1.327 ((-1.4999932 0 0)(0 0 -90)))
(1.328 ((-1.4999932 0 0)(0 0 -90)))
(1.329 ((-1.4999932 0 0)(0 0 -90)))
(1.33 ((-1.4999932 0 0)(0 0 -90)))
(1.331 ((-1.4999932 0 0)(0 0 -90)))
(1.332 ((-1.4999932 0 0)(0 0 -90)))
(1.333 ((-1.4999932 0 0)(0 0 -90)))
(1.334 ((-1.4999932 0 0)(0 0 -90)))
(1.335 ((-1.4999932 0 0)(0 0 -90)))
(1.336 ((-1.4999932 0 0)(0 0 -90)))
(1.337 ((-1.4999932 0 0)(0 0 -90)))
(1.338 ((-1.4999932 0 0)(0 0 -90)))
(1.339 ((-1.4999932 0 0)(0 0 -90)))
(1.34 ((-1.4999932 0 0)(0 0 -90)))
(1.341 ((-1.4999932 0 0)(0 0 -90)))
(1.342 ((-1.4999932 0 0)(0 0 -90)))
(1.343 ((-1.4999932 0 0)(0 0 -90)))
(1.344 ((-1.4999932 0 0)(0 0 -90)))
(1.345 ((-1.4999932 0 0)(0 0 -90)))
(1.346 ((-1.4999932 0 0)(0 0 -90)))
(1.347 ((-1.4999932 0 0)(0 0 -90)))
(1.348 ((-1.4999932 0 0)(0 0 -90)))
(1.349 ((-1.4999932 0 0)(0 0 -90)))
(1.35 ((-1.4999932 0 0)(0 0 -90)))
(1.351 ((-1.4999932 0 0)(0 0 -90)))
(1.352 ((-1.4999932 0 0)(0 0 -90)))
(1.353 ((-1.4999932 0 0)(0 0 -90)))
(1.354 ((-1.4999932 0 0)(0 0 -90)))
(1.355 ((-1.4999932 0 0)(0 0 -90)))
(1.356 ((-1.4999932 0 0)(0 0 -90)))
(1.357 ((-1.4999932 0 0)(0 0 -90)))
(1.358 ((-1.4999932 0 0)(0 0 -90)))
(1.359 ((-1.4999932 0 0)(0 0 -90)))
(1.36 ((-1.4999932 0 0)(0 0 -90)))
(1.361 ((-1.4999932 0 0)(0 0 -90)))
(1.362 ((-1.4999932 0 0)(0 0 -90)))
(1.363 ((-1.4999932 0 0)(0 0 -90)))
(1.364 ((-1.4999932 0 0)(0 0 -90)))
(1.365 ((-1.4999932 0 0)(0 0 -90)))
(1.366 ((-1.4999932 0 0)(0 0 -90)))
(1.367 ((-1.4999932 0 0)(0 0 -90)))
(1.368 ((-1.4999932 0 0)(0 0 -90)))
(1.369 ((-1.4999932 0 0)(0 0 -90)))
(1.37 ((-1.4999932 0 0)(0 0 -90)))
(1.371 ((-1.4999932 0 0)(0 0 -90)))
(1.372 ((-1.4999932 0 0)(0 0 -90)))
(1.373 ((-1.4999932 0 0)(0 0 -90)))
(1.374 ((-1.4999932 0 0)(0 0 -90)))
(1.375 ((-1.4999932 0 0)(0 0 -90)))
(1.376 ((-1.4999932 0 0)(0 0 -90)))
(1.377 ((-1.4999932 0 0)(0 0 -90)))
(1.378 ((-1.4999932 0 0)(0 0 -90)))
(1.379 ((-1.4999932 0 0)(0 0 -90)))
(1.38 ((-1.4999932 0 0)(0 0 -90)))
(1.381 ((-1.4999932 0 0)(0 0 -90)))
(1.382 ((-1.4999932 0 0)(0 0 -90)))
(1.383 ((-1.4999932 0 0)(0 0 -90)))
(1.384 ((-1.4999932 0 0)(0 0 -90)))
(1.385 ((-1.4999932 0 0)(0 0 -90)))
(1.386 ((-1.4999932 0 0)(0 0 -90)))
(1.387 ((-1.4999932 0 0)(0 0 -90)))
(1.388 ((-1.4999932 0 0)(0 0 -90)))
(1.389 ((-1.4999932 0 0)(0 0 -90)))
(1.39 ((-1.4999932 0 0)(0 0 -90)))
(1.391 ((-1.4999932 0 0)(0 0 -90)))
(1.392 ((-1.4999932 0 0)(0 0 -90)))
(1.393 ((-1.4999932 0 0)(0 0 -90)))
(1.394 ((-1.4999932 0 0)(0 0 -90)))
(1.395 ((-1.4999932 0 0)(0 0 -90)))
(1.396 ((-1.4999932 0 0)(0 0 -90)))
(1.397 ((-1.4999932 0 0)(0 0 -90)))
(1.398 ((-1.4999932 0 0)(0 0 -90)))
(1.399 ((-1.4999932 0 0)(0 0 -90)))
(1.4 ((-1.4999932 0 0)(0 0 -90)))
(1.401 ((-1.4999932 0 0)(0 0 -90)))
(1.402 ((-1.4999932 0 0)(0 0 -90)))
(1.403 ((-1.4999932 0 0)(0 0 -90)))
(1.404 ((-1.4999932 0 0)(0 0 -90)))
(1.405 ((-1.4999932 0 0)(0 0 -90)))
(1.406 ((-1.4999932 0 0)(0 0 -90)))
(1.407 ((-1.4999932 0 0)(0 0 -90)))
(1.408 ((-1.4999932 0 0)(0 0 -90)))
(1.409 ((-1.4999932 0 0)(0 0 -90)))
(1.41 ((-1.4999932 0 0)(0 0 -90)))
(1.411 ((-1.4999932 0 0)(0 0 -90)))
(1.412 ((-1.4999932 0 0)(0 0 -90)))
(1.413 ((-1.4999932 0 0)(0 0 -90)))
(1.414 ((-1.4999932 0 0)(0 0 -90)))
(1.415 ((-1.4999932 0 0)(0 0 -90)))
(1.416 ((-1.4999932 0 0)(0 0 -90)))
(1.417 ((-1.4999932 0 0)(0 0 -90)))
(1.418 ((-1.4999932 0 0)(0 0 -90)))
(1.419 ((-1.4999932 0 0)(0 0 -90)))
(1.42 ((-1.4999932 0 0)(0 0 -90)))
(1.421 ((-1.4999932 0 0)(0 0 -90)))
(1.422 ((-1.4999932 0 0)(0 0 -90)))
(1.423 ((-1.4999932 0 0)(0 0 -90)))
(1.424 ((-1.4999932 0 0)(0 0 -90)))
(1.425 ((-1.4999932 0 0)(0 0 -90)))
(1.426 ((-1.4999932 0 0)(0 0 -90)))
(1.427 ((-1.4999932 0 0)(0 0 -90)))
(1.428 ((-1.4999932 0 0)(0 0 -90)))
(1.429 ((-1.4999932 0 0)(0 0 -90)))
(1.43 ((-1.4999932 0 0)(0 0 -90)))
(1.431 ((-1.4999932 0 0)(0 0 -90)))
(1.432 ((-1.4999932 0 0)(0 0 -90)))
(1.433 ((-1.4999932 0 0)(0 0 -90)))
(1.434 ((-1.4999932 0 0)(0 0 -90)))
(1.435 ((-1.4999932 0 0)(0 0 -90)))
(1.436 ((-1.4999932 0 0)(0 0 -90)))
(1.437 ((-1.4999932 0 0)(0 0 -90)))
(1.438 ((-1.4999932 0 0)(0 0 -90)))
(1.439 ((-1.4999932 0 0)(0 0 -90)))
(1.44 ((-1.4999932 0 0)(0 0 -90)))
(1.441 ((-1.4999932 0 0)(0 0 -90)))
(1.442 ((-1.4999932 0 0)(0 0 -90)))
(1.443 ((-1.4999932 0 0)(0 0 -90)))
(1.444 ((-1.4999932 0 0)(0 0 -90)))
(1.445 ((-1.4999932 0 0)(0 0 -90)))
(1.446 ((-1.4999932 0 0)(0 0 -90)))
(1.447 ((-1.4999932 0 0)(0 0 -90)))
(1.448 ((-1.4999932 0 0)(0 0 -90)))
(1.449 ((-1.4999932 0 0)(0 0 -90)))
(1.45 ((-1.4999932 0 0)(0 0 -90)))
(1.451 ((-1.4999932 0 0)(0 0 -90)))
(1.452 ((-1.4999932 0 0)(0 0 -90)))
(1.453 ((-1.4999932 0 0)(0 0 -90)))
(1.454 ((-1.4999932 0 0)(0 0 -90)))
(1.455 ((-1.4999932 0 0)(0 0 -90)))
(1.456 ((-1.4999932 0 0)(0 0 -90)))
(1.457 ((-1.4999932 0 0)(0 0 -90)))
(1.458 ((-1.4999932 0 0)(0 0 -90)))
(1.459 ((-1.4999932 0 0)(0 0 -90)))
(1.46 ((-1.4999932 0 0)(0 0 -90)))
(1.461 ((-1.4999932 0 0)(0 0 -90)))
(1.462 ((-1.4999932 0 0)(0 0 -90)))
(1.463 ((-1.4999932 0 0)(0 0 -90)))
(1.464 ((-1.4999932 0 0)(0 0 -90)))
(1.465 ((-1.4999932 0 0)(0 0 -90)))
(1.466 ((-1.4999932 0 0)(0 0 -90)))
(1.467 ((-1.4999932 0 0)(0 0 -90)))
(1.468 ((-1.4999932 0 0)(0 0 -90)))
(1.469 ((-1.4999932 0 0)(0 0 -90)))
(1.47 ((-1.4999932 0 0)(0 0 -90)))
(1.471 ((-1.4999932 0 0)(0 0 -90)))
(1.472 ((-1.4999932 0 0)(0 0 -90)))
(1.473 ((-1.4999932 0 0)(0 0 -90)))
(1.474 ((-1.4999932 0 0)(0 0 -90)))
(1.475 ((-1.4999932 0 0)(0 0 -90)))
(1.476 ((-1.4999932 0 0)(0 0 -90)))
(1.477 ((-1.4999932 0 0)(0 0 -90)))
(1.478 ((-1.4999932 0 0)(0 0 -90)))
(1.479 ((-1.4999932 0 0)(0 0 -90)))
(1.48 ((-1.4999932 0 0)(0 0 -90)))
(1.481 ((-1.4999932 0 0)(0 0 -90)))
(1.482 ((-1.4999932 0 0)(0 0 -90)))
(1.483 ((-1.4999932 0 0)(0 0 -90)))
(1.484 ((-1.4999932 0 0)(0 0 -90)))
(1.485 ((-1.4999932 0 0)(0 0 -90)))
(1.486 ((-1.4999932 0 0)(0 0 -90)))
(1.487 ((-1.4999932 0 0)(0 0 -90)))
(1.488 ((-1.4999932 0 0)(0 0 -90)))
(1.489 ((-1.4999932 0 0)(0 0 -90)))
(1.49 ((-1.4999932 0 0)(0 0 -90)))
(1.491 ((-1.4999932 0 0)(0 0 -90)))
(1.492 ((-1.4999932 0 0)(0 0 -90)))
(1.493 ((-1.4999932 0 0)(0 0 -90)))
(1.494 ((-1.4999932 0 0)(0 0 -90)))
(1.495 ((-1.4999932 0 0)(0 0 -90)))
(1.496 ((-1.4999932 0 0)(0 0 -90)))
(1.497 ((-1.4999932 0 0)(0 0 -90)))
(1.498 ((-1.4999932 0 0)(0 0 -90)))
(1.499 ((-1.4999932 0 0)(0 0 -90)))
(1.5 ((-1.4999932 0 0)(0 0 -90)))
(1.501 ((-1.4999932 0 0)(0 0 -90)))
(1.502 ((-1.4999932 0 0)(0 0 -90)))
(1.503 ((-1.4999932 0 0)(0 0 -90)))
(1.504 ((-1.4999932 0 0)(0 0 -90)))
(1.505 ((-1.4999932 0 0)(0 0 -90)))
(1.506 ((-1.4999932 0 0)(0 0 -90)))
(1.507 ((-1.4999932 0 0)(0 0 -90)))
(1.508 ((-1.4999932 0 0)(0 0 -90)))
(1.509 ((-1.4999932 0 0)(0 0 -90)))
(1.51 ((-1.4999932 0 0)(0 0 -90)))
(1.511 ((-1.4999932 0 0)(0 0 -90)))
(1.512 ((-1.4999932 0 0)(0 0 -90)))
(1.513 ((-1.4999932 0 0)(0 0 -90)))
(1.514 ((-1.4999932 0 0)(0 0 -90)))
(1.515 ((-1.4999932 0 0)(0 0 -90)))
(1.516 ((-1.4999932 0 0)(0 0 -90)))
(1.517 ((-1.4999932 0 0)(0 0 -90)))
(1.518 ((-1.4999932 0 0)(0 0 -90)))
(1.519 ((-1.4999932 0 0)(0 0 -90)))
(1.52 ((-1.4999932 0 0)(0 0 -90)))
(1.521 ((-1.4999932 0 0)(0 0 -90)))
(1.522 ((-1.4999932 0 0)(0 0 -90)))
(1.523 ((-1.4999932 0 0)(0 0 -90)))
(1.524 ((-1.4999932 0 0)(0 0 -90)))
(1.525 ((-1.4999932 0 0)(0 0 -90)))
(1.526 ((-1.4999932 0 0)(0 0 -90)))
(1.527 ((-1.4999932 0 0)(0 0 -90)))
(1.528 ((-1.4999932 0 0)(0 0 -90)))
(1.529 ((-1.4999932 0 0)(0 0 -90)))
(1.53 ((-1.4999932 0 0)(0 0 -90)))
(1.531 ((-1.4999932 0 0)(0 0 -90)))
(1.532 ((-1.4999932 0 0)(0 0 -90)))
(1.533 ((-1.4999932 0 0)(0 0 -90)))
(1.534 ((-1.4999932 0 0)(0 0 -90)))
(1.535 ((-1.4999932 0 0)(0 0 -90)))
(1.536 ((-1.4999932 0 0)(0 0 -90)))
(1.537 ((-1.4999932 0 0)(0 0 -90)))
(1.538 ((-1.4999932 0 0)(0 0 -90)))
(1.539 ((-1.4999932 0 0)(0 0 -90)))
(1.54 ((-1.4999932 0 0)(0 0 -90)))
(1.541 ((-1.4999932 0 0)(0 0 -90)))
(1.542 ((-1.4999932 0 0)(0 0 -90)))
(1.543 ((-1.4999932 0 0)(0 0 -90)))
(1.544 ((-1.4999932 0 0)(0 0 -90)))
(1.545 ((-1.4999932 0 0)(0 0 -90)))
(1.546 ((-1.4999932 0 0)(0 0 -90)))
(1.547 ((-1.4999932 0 0)(0 0 -90)))
(1.548 ((-1.4999932 0 0)(0 0 -90)))
(1.549 ((-1.4999932 0 0)(0 0 -90)))
(1.55 ((-1.4999932 0 0)(0 0 -90)))
(1.551 ((-1.4999932 0 0)(0 0 -90)))
(1.552 ((-1.4999932 0 0)(0 0 -90)))
(1.553 ((-1.4999932 0 0)(0 0 -90)))
(1.554 ((-1.4999932 0 0)(0 0 -90)))
(1.555 ((-1.4999932 0 0)(0 0 -90)))
(1.556 ((-1.4999932 0 0)(0 0 -90)))
(1.557 ((-1.4999932 0 0)(0 0 -90)))
(1.558 ((-1.4999932 0 0)(0 0 -90)))
(1.559 ((-1.4999932 0 0)(0 0 -90)))
(1.56 ((-1.4999932 0 0)(0 0 -90)))
(1.561 ((-1.4999932 0 0)(0 0 -90)))
(1.562 ((-1.4999932 0 0)(0 0 -90)))
(1.563 ((-1.4999932 0 0)(0 0 -90)))
(1.564 ((-1.4999932 0 0)(0 0 -90)))
(1.565 ((-1.4999932 0 0)(0 0 -90)))
(1.566 ((-1.4999932 0 0)(0 0 -90)))
(1.567 ((-1.4999932 0 0)(0 0 -90)))
(1.568 ((-1.4999932 0 0)(0 0 -90)))
(1.569 ((-1.4999932 0 0)(0 0 -90)))
(1.57 ((-1.4999932 0 0)(0 0 -90)))
(1.571 ((-1.4999932 0 0)(0 0 -90)))
(1.572 ((-1.4999932 0 0)(0 0 -90)))
(1.573 ((-1.4999932 0 0)(0 0 -90)))
(1.574 ((-1.4999932 0 0)(0 0 -90)))
(1.575 ((-1.4999932 0 0)(0 0 -90)))
(1.576 ((-1.4999932 0 0)(0 0 -90)))
(1.577 ((-1.4999932 0 0)(0 0 -90)))
(1.578 ((-1.4999932 0 0)(0 0 -90)))
(1.579 ((-1.4999932 0 0)(0 0 -90)))
(1.58 ((-1.4999932 0 0)(0 0 -90)))
(1.581 ((-1.4999932 0 0)(0 0 -90)))
(1.582 ((-1.4999932 0 0)(0 0 -90)))
(1.583 ((-1.4999932 0 0)(0 0 -90)))
(1.584 ((-1.4999932 0 0)(0 0 -90)))
(1.585 ((-1.4999932 0 0)(0 0 -90)))
(1.586 ((-1.4999932 0 0)(0 0 -90)))
(1.587 ((-1.4999932 0 0)(0 0 -90)))
(1.588 ((-1.4999932 0 0)(0 0 -90)))
(1.589 ((-1.4999932 0 0)(0 0 -90)))
(1.59 ((-1.4999932 0 0)(0 0 -90)))
(1.591 ((-1.4999932 0 0)(0 0 -90)))
(1.592 ((-1.4999932 0 0)(0 0 -90)))
(1.593 ((-1.4999932 0 0)(0 0 -90)))
(1.594 ((-1.4999932 0 0)(0 0 -90)))
(1.595 ((-1.4999932 0 0)(0 0 -90)))
(1.596 ((-1.4999932 0 0)(0 0 -90)))
(1.597 ((-1.4999932 0 0)(0 0 -90)))
(1.598 ((-1.4999932 0 0)(0 0 -90)))
(1.599 ((-1.4999932 0 0)(0 0 -90)))
(1.6 ((-1.4999932 0 0)(0 0 -90)))
(1.601 ((-1.4999932 0 0)(0 0 -90)))
(1.602 ((-1.4999932 0 0)(0 0 -90)))
(1.603 ((-1.4999932 0 0)(0 0 -90)))
(1.604 ((-1.4999932 0 0)(0 0 -90)))
(1.605 ((-1.4999932 0 0)(0 0 -90)))
(1.606 ((-1.4999932 0 0)(0 0 -90)))
(1.607 ((-1.4999932 0 0)(0 0 -90)))
(1.608 ((-1.4999932 0 0)(0 0 -90)))
(1.609 ((-1.4999932 0 0)(0 0 -90)))
(1.61 ((-1.4999932 0 0)(0 0 -90)))
(1.611 ((-1.4999932 0 0)(0 0 -90)))
(1.612 ((-1.4999932 0 0)(0 0 -90)))
(1.613 ((-1.4999932 0 0)(0 0 -90)))
(1.614 ((-1.4999932 0 0)(0 0 -90)))
(1.615 ((-1.4999932 0 0)(0 0 -90)))
(1.616 ((-1.4999932 0 0)(0 0 -90)))
(1.617 ((-1.4999932 0 0)(0 0 -90)))
(1.618 ((-1.4999932 0 0)(0 0 -90)))
(1.619 ((-1.4999932 0 0)(0 0 -90)))
(1.62 ((-1.4999932 0 0)(0 0 -90)))
(1.621 ((-1.4999932 0 0)(0 0 -90)))
(1.622 ((-1.4999932 0 0)(0 0 -90)))
(1.623 ((-1.4999932 0 0)(0 0 -90)))
(1.624 ((-1.4999932 0 0)(0 0 -90)))
(1.625 ((-1.4999932 0 0)(0 0 -90)))
(1.626 ((-1.4999932 0 0)(0 0 -90)))
(1.627 ((-1.4999932 0 0)(0 0 -90)))
(1.628 ((-1.4999932 0 0)(0 0 -90)))
(1.629 ((-1.4999932 0 0)(0 0 -90)))
(1.63 ((-1.4999932 0 0)(0 0 -90)))
(1.631 ((-1.4999932 0 0)(0 0 -90)))
(1.632 ((-1.4999932 0 0)(0 0 -90)))
(1.633 ((-1.4999932 0 0)(0 0 -90)))
(1.634 ((-1.4999932 0 0)(0 0 -90)))
(1.635 ((-1.4999932 0 0)(0 0 -90)))
(1.636 ((-1.4999932 0 0)(0 0 -90)))
(1.637 ((-1.4999932 0 0)(0 0 -90)))
(1.638 ((-1.4999932 0 0)(0 0 -90)))
(1.639 ((-1.4999932 0 0)(0 0 -90)))
(1.64 ((-1.4999932 0 0)(0 0 -90)))
(1.641 ((-1.4999932 0 0)(0 0 -90)))
(1.642 ((-1.4999932 0 0)(0 0 -90)))
(1.643 ((-1.4999932 0 0)(0 0 -90)))
(1.644 ((-1.4999932 0 0)(0 0 -90)))
(1.645 ((-1.4999932 0 0)(0 0 -90)))
(1.646 ((-1.4999932 0 0)(0 0 -90)))
(1.647 ((-1.4999932 0 0)(0 0 -90)))
(1.648 ((-1.4999932 0 0)(0 0 -90)))
(1.649 ((-1.4999932 0 0)(0 0 -90)))
(1.65 ((-1.4999932 0 0)(0 0 -90)))
(1.651 ((-1.4999932 0 0)(0 0 -90)))
(1.652 ((-1.4999932 0 0)(0 0 -90)))
(1.653 ((-1.4999932 0 0)(0 0 -90)))
(1.654 ((-1.4999932 0 0)(0 0 -90)))
(1.655 ((-1.4999932 0 0)(0 0 -90)))
(1.656 ((-1.4999932 0 0)(0 0 -90)))
(1.657 ((-1.4999932 0 0)(0 0 -90)))
(1.658 ((-1.4999932 0 0)(0 0 -90)))
(1.659 ((-1.4999932 0 0)(0 0 -90)))
(1.66 ((-1.4999932 0 0)(0 0 -90)))
(1.661 ((-1.4999932 0 0)(0 0 -90)))
(1.662 ((-1.4999932 0 0)(0 0 -90)))
(1.663 ((-1.4999932 0 0)(0 0 -90)))
(1.664 ((-1.4999932 0 0)(0 0 -90)))
(1.665 ((-1.4999932 0 0)(0 0 -90)))
(1.666 ((-1.4999932 0 0)(0 0 -90)))
(1.667 ((-1.4999932 0 0)(0 0 -90)))
(1.668 ((-1.4999932 0 0)(0 0 -90)))
(1.669 ((-1.4999932 0 0)(0 0 -90)))
(1.67 ((-1.4999932 0 0)(0 0 -90)))
(1.671 ((-1.4999932 0 0)(0 0 -90)))
(1.672 ((-1.4999932 0 0)(0 0 -90)))
(1.673 ((-1.4999932 0 0)(0 0 -90)))
(1.674 ((-1.4999932 0 0)(0 0 -90)))
(1.675 ((-1.4999932 0 0)(0 0 -90)))
(1.676 ((-1.4999932 0 0)(0 0 -90)))
(1.677 ((-1.4999932 0 0)(0 0 -90)))
(1.678 ((-1.4999932 0 0)(0 0 -90)))
(1.679 ((-1.4999932 0 0)(0 0 -90)))
(1.68 ((-1.4999932 0 0)(0 0 -90)))
(1.681 ((-1.4999932 0 0)(0 0 -90)))
(1.682 ((-1.4999932 0 0)(0 0 -90)))
(1.683 ((-1.4999932 0 0)(0 0 -90)))
(1.684 ((-1.4999932 0 0)(0 0 -90)))
(1.685 ((-1.4999932 0 0)(0 0 -90)))
(1.686 ((-1.4999932 0 0)(0 0 -90)))
(1.687 ((-1.4999932 0 0)(0 0 -90)))
(1.688 ((-1.4999932 0 0)(0 0 -90)))
(1.689 ((-1.4999932 0 0)(0 0 -90)))
(1.69 ((-1.4999932 0 0)(0 0 -90)))
(1.691 ((-1.4999932 0 0)(0 0 -90)))
(1.692 ((-1.4999932 0 0)(0 0 -90)))
(1.693 ((-1.4999932 0 0)(0 0 -90)))
(1.694 ((-1.4999932 0 0)(0 0 -90)))
(1.695 ((-1.4999932 0 0)(0 0 -90)))
(1.696 ((-1.4999932 0 0)(0 0 -90)))
(1.697 ((-1.4999932 0 0)(0 0 -90)))
(1.698 ((-1.4999932 0 0)(0 0 -90)))
(1.699 ((-1.4999932 0 0)(0 0 -90)))
(1.7 ((-1.4999932 0 0)(0 0 -90)))
(1.701 ((-1.4999932 0 0)(0 0 -90)))
(1.702 ((-1.4999932 0 0)(0 0 -90)))
(1.703 ((-1.4999932 0 0)(0 0 -90)))
(1.704 ((-1.4999932 0 0)(0 0 -90)))
(1.705 ((-1.4999932 0 0)(0 0 -90)))
(1.706 ((-1.4999932 0 0)(0 0 -90)))
(1.707 ((-1.4999932 0 0)(0 0 -90)))
(1.708 ((-1.4999932 0 0)(0 0 -90)))
(1.709 ((-1.4999932 0 0)(0 0 -90)))
(1.71 ((-1.4999932 0 0)(0 0 -90)))
(1.711 ((-1.4999932 0 0)(0 0 -90)))
(1.712 ((-1.4999932 0 0)(0 0 -90)))
(1.713 ((-1.4999932 0 0)(0 0 -90)))
(1.714 ((-1.4999932 0 0)(0 0 -90)))
(1.715 ((-1.4999932 0 0)(0 0 -90)))
(1.716 ((-1.4999932 0 0)(0 0 -90)))
(1.717 ((-1.4999932 0 0)(0 0 -90)))
(1.718 ((-1.4999932 0 0)(0 0 -90)))
(1.719 ((-1.4999932 0 0)(0 0 -90)))
(1.72 ((-1.4999932 0 0)(0 0 -90)))
(1.721 ((-1.4999932 0 0)(0 0 -90)))
(1.722 ((-1.4999932 0 0)(0 0 -90)))
(1.723 ((-1.4999932 0 0)(0 0 -90)))
(1.724 ((-1.4999932 0 0)(0 0 -90)))
(1.725 ((-1.4999932 0 0)(0 0 -90)))
(1.726 ((-1.4999932 0 0)(0 0 -90)))
(1.727 ((-1.4999932 0 0)(0 0 -90)))
(1.728 ((-1.4999932 0 0)(0 0 -90)))
(1.729 ((-1.4999932 0 0)(0 0 -90)))
(1.73 ((-1.4999932 0 0)(0 0 -90)))
(1.731 ((-1.4999932 0 0)(0 0 -90)))
(1.732 ((-1.4999932 0 0)(0 0 -90)))
(1.733 ((-1.4999932 0 0)(0 0 -90)))
(1.734 ((-1.4999932 0 0)(0 0 -90)))
(1.735 ((-1.4999932 0 0)(0 0 -90)))
(1.736 ((-1.4999932 0 0)(0 0 -90)))
(1.737 ((-1.4999932 0 0)(0 0 -90)))
(1.738 ((-1.4999932 0 0)(0 0 -90)))
(1.739 ((-1.4999932 0 0)(0 0 -90)))
(1.74 ((-1.4999932 0 0)(0 0 -90)))
(1.741 ((-1.4999932 0 0)(0 0 -90)))
(1.742 ((-1.4999932 0 0)(0 0 -90)))
(1.743 ((-1.4999932 0 0)(0 0 -90)))
(1.744 ((-1.4999932 0 0)(0 0 -90)))
(1.745 ((-1.4999932 0 0)(0 0 -90)))
(1.746 ((-1.4999932 0 0)(0 0 -90)))
(1.747 ((-1.4999932 0 0)(0 0 -90)))
(1.748 ((-1.4999932 0 0)(0 0 -90)))
(1.749 ((-1.4999932 0 0)(0 0 -90)))
(1.75 ((-1.4999932 0 0)(0 0 -90)))
(1.751 ((-1.4999932 0 0)(0 0 -90)))
(1.752 ((-1.4999932 0 0)(0 0 -90)))
(1.753 ((-1.4999932 0 0)(0 0 -90)))
(1.754 ((-1.4999932 0 0)(0 0 -90)))
(1.755 ((-1.4999932 0 0)(0 0 -90)))
(1.756 ((-1.4999932 0 0)(0 0 -90)))
(1.757 ((-1.4999932 0 0)(0 0 -90)))
(1.758 ((-1.4999932 0 0)(0 0 -90)))
(1.759 ((-1.4999932 0 0)(0 0 -90)))
(1.76 ((-1.4999932 0 0)(0 0 -90)))
(1.761 ((-1.4999932 0 0)(0 0 -90)))
(1.762 ((-1.4999932 0 0)(0 0 -90)))
(1.763 ((-1.4999932 0 0)(0 0 -90)))
(1.764 ((-1.4999932 0 0)(0 0 -90)))
(1.765 ((-1.4999932 0 0)(0 0 -90)))
(1.766 ((-1.4999932 0 0)(0 0 -90)))
(1.767 ((-1.4999932 0 0)(0 0 -90)))
(1.768 ((-1.4999932 0 0)(0 0 -90)))
(1.769 ((-1.4999932 0 0)(0 0 -90)))
(1.77 ((-1.4999932 0 0)(0 0 -90)))
(1.771 ((-1.4999932 0 0)(0 0 -90)))
(1.772 ((-1.4999932 0 0)(0 0 -90)))
(1.773 ((-1.4999932 0 0)(0 0 -90)))
(1.774 ((-1.4999932 0 0)(0 0 -90)))
(1.775 ((-1.4999932 0 0)(0 0 -90)))
(1.776 ((-1.4999932 0 0)(0 0 -90)))
(1.777 ((-1.4999932 0 0)(0 0 -90)))
(1.778 ((-1.4999932 0 0)(0 0 -90)))
(1.779 ((-1.4999932 0 0)(0 0 -90)))
(1.78 ((-1.4999932 0 0)(0 0 -90)))
(1.781 ((-1.4999932 0 0)(0 0 -90)))
(1.782 ((-1.4999932 0 0)(0 0 -90)))
(1.783 ((-1.4999932 0 0)(0 0 -90)))
(1.784 ((-1.4999932 0 0)(0 0 -90)))
(1.785 ((-1.4999932 0 0)(0 0 -90)))
(1.786 ((-1.4999932 0 0)(0 0 -90)))
(1.787 ((-1.4999932 0 0)(0 0 -90)))
(1.788 ((-1.4999932 0 0)(0 0 -90)))
(1.789 ((-1.4999932 0 0)(0 0 -90)))
(1.79 ((-1.4999932 0 0)(0 0 -90)))
(1.791 ((-1.4999932 0 0)(0 0 -90)))
(1.792 ((-1.4999932 0 0)(0 0 -90)))
(1.793 ((-1.4999932 0 0)(0 0 -90)))
(1.794 ((-1.4999932 0 0)(0 0 -90)))
(1.795 ((-1.4999932 0 0)(0 0 -90)))
(1.796 ((-1.4999932 0 0)(0 0 -90)))
(1.797 ((-1.4999932 0 0)(0 0 -90)))
(1.798 ((-1.4999932 0 0)(0 0 -90)))
(1.799 ((-1.4999932 0 0)(0 0 -90)))
(1.8 ((-1.4999932 0 0)(0 0 -90)))
(1.801 ((-1.4999932 0 0)(0 0 -90)))
(1.802 ((-1.4999932 0 0)(0 0 -90)))
(1.803 ((-1.4999932 0 0)(0 0 -90)))
(1.804 ((-1.4999932 0 0)(0 0 -90)))
(1.805 ((-1.4999932 0 0)(0 0 -90)))
(1.806 ((-1.4999932 0 0)(0 0 -90)))
(1.807 ((-1.4999932 0 0)(0 0 -90)))
(1.808 ((-1.4999932 0 0)(0 0 -90)))
(1.809 ((-1.4999932 0 0)(0 0 -90)))
(1.81 ((-1.4999932 0 0)(0 0 -90)))
(1.811 ((-1.4999932 0 0)(0 0 -90)))
(1.812 ((-1.4999932 0 0)(0 0 -90)))
(1.813 ((-1.4999932 0 0)(0 0 -90)))
(1.814 ((-1.4999932 0 0)(0 0 -90)))
(1.815 ((-1.4999932 0 0)(0 0 -90)))
(1.816 ((-1.4999932 0 0)(0 0 -90)))
(1.817 ((-1.4999932 0 0)(0 0 -90)))
(1.818 ((-1.4999932 0 0)(0 0 -90)))
(1.819 ((-1.4999932 0 0)(0 0 -90)))
(1.82 ((-1.4999932 0 0)(0 0 -90)))
(1.821 ((-1.4999932 0 0)(0 0 -90)))
(1.822 ((-1.4999932 0 0)(0 0 -90)))
(1.823 ((-1.4999932 0 0)(0 0 -90)))
(1.824 ((-1.4999932 0 0)(0 0 -90)))
(1.825 ((-1.4999932 0 0)(0 0 -90)))
(1.826 ((-1.4999932 0 0)(0 0 -90)))
(1.827 ((-1.4999932 0 0)(0 0 -90)))
(1.828 ((-1.4999932 0 0)(0 0 -90)))
(1.829 ((-1.4999932 0 0)(0 0 -90)))
(1.83 ((-1.4999932 0 0)(0 0 -90)))
(1.831 ((-1.4999932 0 0)(0 0 -90)))
(1.832 ((-1.4999932 0 0)(0 0 -90)))
(1.833 ((-1.4999932 0 0)(0 0 -90)))
(1.834 ((-1.4999932 0 0)(0 0 -90)))
(1.835 ((-1.4999932 0 0)(0 0 -90)))
(1.836 ((-1.4999932 0 0)(0 0 -90)))
(1.837 ((-1.4999932 0 0)(0 0 -90)))
(1.838 ((-1.4999932 0 0)(0 0 -90)))
(1.839 ((-1.4999932 0 0)(0 0 -90)))
(1.84 ((-1.4999932 0 0)(0 0 -90)))
(1.841 ((-1.4999932 0 0)(0 0 -90)))
(1.842 ((-1.4999932 0 0)(0 0 -90)))
(1.843 ((-1.4999932 0 0)(0 0 -90)))
(1.844 ((-1.4999932 0 0)(0 0 -90)))
(1.845 ((-1.4999932 0 0)(0 0 -90)))
(1.846 ((-1.4999932 0 0)(0 0 -90)))
(1.847 ((-1.4999932 0 0)(0 0 -90)))
(1.848 ((-1.4999932 0 0)(0 0 -90)))
(1.849 ((-1.4999932 0 0)(0 0 -90)))
(1.85 ((-1.4999932 0 0)(0 0 -90)))
(1.851 ((-1.4999932 0 0)(0 0 -90)))
(1.852 ((-1.4999932 0 0)(0 0 -90)))
(1.853 ((-1.4999932 0 0)(0 0 -90)))
(1.854 ((-1.4999932 0 0)(0 0 -90)))
(1.855 ((-1.4999932 0 0)(0 0 -90)))
(1.856 ((-1.4999932 0 0)(0 0 -90)))
(1.857 ((-1.4999932 0 0)(0 0 -90)))
(1.858 ((-1.4999932 0 0)(0 0 -90)))
(1.859 ((-1.4999932 0 0)(0 0 -90)))
(1.86 ((-1.4999932 0 0)(0 0 -90)))
(1.861 ((-1.4999932 0 0)(0 0 -90)))
(1.862 ((-1.4999932 0 0)(0 0 -90)))
(1.863 ((-1.4999932 0 0)(0 0 -90)))
(1.864 ((-1.4999932 0 0)(0 0 -90)))
(1.865 ((-1.4999932 0 0)(0 0 -90)))
(1.866 ((-1.4999932 0 0)(0 0 -90)))
(1.867 ((-1.4999932 0 0)(0 0 -90)))
(1.868 ((-1.4999932 0 0)(0 0 -90)))
(1.869 ((-1.4999932 0 0)(0 0 -90)))
(1.87 ((-1.4999932 0 0)(0 0 -90)))
(1.871 ((-1.4999932 0 0)(0 0 -90)))
(1.872 ((-1.4999932 0 0)(0 0 -90)))
(1.873 ((-1.4999932 0 0)(0 0 -90)))
(1.874 ((-1.4999932 0 0)(0 0 -90)))
(1.875 ((-1.4999932 0 0)(0 0 -90)))
(1.876 ((-1.4999932 0 0)(0 0 -90)))
(1.877 ((-1.4999932 0 0)(0 0 -90)))
(1.878 ((-1.4999932 0 0)(0 0 -90)))
(1.879 ((-1.4999932 0 0)(0 0 -90)))
(1.88 ((-1.4999932 0 0)(0 0 -90)))
(1.881 ((-1.4999932 0 0)(0 0 -90)))
(1.882 ((-1.4999932 0 0)(0 0 -90)))
(1.883 ((-1.4999932 0 0)(0 0 -90)))
(1.884 ((-1.4999932 0 0)(0 0 -90)))
(1.885 ((-1.4999932 0 0)(0 0 -90)))
(1.886 ((-1.4999932 0 0)(0 0 -90)))
(1.887 ((-1.4999932 0 0)(0 0 -90)))
(1.888 ((-1.4999932 0 0)(0 0 -90)))
(1.889 ((-1.4999932 0 0)(0 0 -90)))
(1.89 ((-1.4999932 0 0)(0 0 -90)))
(1.891 ((-1.4999932 0 0)(0 0 -90)))
(1.892 ((-1.4999932 0 0)(0 0 -90)))
(1.893 ((-1.4999932 0 0)(0 0 -90)))
(1.894 ((-1.4999932 0 0)(0 0 -90)))
(1.895 ((-1.4999932 0 0)(0 0 -90)))
(1.896 ((-1.4999932 0 0)(0 0 -90)))
(1.897 ((-1.4999932 0 0)(0 0 -90)))
(1.898 ((-1.4999932 0 0)(0 0 -90)))
(1.899 ((-1.4999932 0 0)(0 0 -90)))
(1.9 ((-1.4999932 0 0)(0 0 -90)))
(1.901 ((-1.4999932 0 0)(0 0 -90)))
(1.902 ((-1.4999932 0 0)(0 0 -90)))
(1.903 ((-1.4999932 0 0)(0 0 -90)))
(1.904 ((-1.4999932 0 0)(0 0 -90)))
(1.905 ((-1.4999932 0 0)(0 0 -90)))
(1.906 ((-1.4999932 0 0)(0 0 -90)))
(1.907 ((-1.4999932 0 0)(0 0 -90)))
(1.908 ((-1.4999932 0 0)(0 0 -90)))
(1.909 ((-1.4999932 0 0)(0 0 -90)))
(1.91 ((-1.4999932 0 0)(0 0 -90)))
(1.911 ((-1.4999932 0 0)(0 0 -90)))
(1.912 ((-1.4999932 0 0)(0 0 -90)))
(1.913 ((-1.4999932 0 0)(0 0 -90)))
(1.914 ((-1.4999932 0 0)(0 0 -90)))
(1.915 ((-1.4999932 0 0)(0 0 -90)))
(1.916 ((-1.4999932 0 0)(0 0 -90)))
(1.917 ((-1.4999932 0 0)(0 0 -90)))
(1.918 ((-1.4999932 0 0)(0 0 -90)))
(1.919 ((-1.4999932 0 0)(0 0 -90)))
(1.92 ((-1.4999932 0 0)(0 0 -90)))
(1.921 ((-1.4999932 0 0)(0 0 -90)))
(1.922 ((-1.4999932 0 0)(0 0 -90)))
(1.923 ((-1.4999932 0 0)(0 0 -90)))
(1.924 ((-1.4999932 0 0)(0 0 -90)))
(1.925 ((-1.4999932 0 0)(0 0 -90)))
(1.926 ((-1.4999932 0 0)(0 0 -90)))
(1.927 ((-1.4999932 0 0)(0 0 -90)))
(1.928 ((-1.4999932 0 0)(0 0 -90)))
(1.929 ((-1.4999932 0 0)(0 0 -90)))
(1.93 ((-1.4999932 0 0)(0 0 -90)))
(1.931 ((-1.4999932 0 0)(0 0 -90)))
(1.932 ((-1.4999932 0 0)(0 0 -90)))
(1.933 ((-1.4999932 0 0)(0 0 -90)))
(1.934 ((-1.4999932 0 0)(0 0 -90)))
(1.935 ((-1.4999932 0 0)(0 0 -90)))
(1.936 ((-1.4999932 0 0)(0 0 -90)))
(1.937 ((-1.4999932 0 0)(0 0 -90)))
(1.938 ((-1.4999932 0 0)(0 0 -90)))
(1.939 ((-1.4999932 0 0)(0 0 -90)))
(1.94 ((-1.4999932 0 0)(0 0 -90)))
(1.941 ((-1.4999932 0 0)(0 0 -90)))
(1.942 ((-1.4999932 0 0)(0 0 -90)))
(1.943 ((-1.4999932 0 0)(0 0 -90)))
(1.944 ((-1.4999932 0 0)(0 0 -90)))
(1.945 ((-1.4999932 0 0)(0 0 -90)))
(1.946 ((-1.4999932 0 0)(0 0 -90)))
(1.947 ((-1.4999932 0 0)(0 0 -90)))
(1.948 ((-1.4999932 0 0)(0 0 -90)))
(1.949 ((-1.4999932 0 0)(0 0 -90)))
(1.95 ((-1.4999932 0 0)(0 0 -90)))
(1.951 ((-1.4999932 0 0)(0 0 -90)))
(1.952 ((-1.4999932 0 0)(0 0 -90)))
(1.953 ((-1.4999932 0 0)(0 0 -90)))
(1.954 ((-1.4999932 0 0)(0 0 -90)))
(1.955 ((-1.4999932 0 0)(0 0 -90)))
(1.956 ((-1.4999932 0 0)(0 0 -90)))
(1.957 ((-1.4999932 0 0)(0 0 -90)))
(1.958 ((-1.4999932 0 0)(0 0 -90)))
(1.959 ((-1.4999932 0 0)(0 0 -90)))
(1.96 ((-1.4999932 0 0)(0 0 -90)))
(1.961 ((-1.4999932 0 0)(0 0 -90)))
(1.962 ((-1.4999932 0 0)(0 0 -90)))
(1.963 ((-1.4999932 0 0)(0 0 -90)))
(1.964 ((-1.4999932 0 0)(0 0 -90)))
(1.965 ((-1.4999932 0 0)(0 0 -90)))
(1.966 ((-1.4999932 0 0)(0 0 -90)))
(1.967 ((-1.4999932 0 0)(0 0 -90)))
(1.968 ((-1.4999932 0 0)(0 0 -90)))
(1.969 ((-1.4999932 0 0)(0 0 -90)))
(1.97 ((-1.4999932 0 0)(0 0 -90)))
(1.971 ((-1.4999932 0 0)(0 0 -90)))
(1.972 ((-1.4999932 0 0)(0 0 -90)))
(1.973 ((-1.4999932 0 0)(0 0 -90)))
(1.974 ((-1.4999932 0 0)(0 0 -90)))
(1.975 ((-1.4999932 0 0)(0 0 -90)))
(1.976 ((-1.4999932 0 0)(0 0 -90)))
(1.977 ((-1.4999932 0 0)(0 0 -90)))
(1.978 ((-1.4999932 0 0)(0 0 -90)))
(1.979 ((-1.4999932 0 0)(0 0 -90)))
(1.98 ((-1.4999932 0 0)(0 0 -90)))
(1.981 ((-1.4999932 0 0)(0 0 -90)))
(1.982 ((-1.4999932 0 0)(0 0 -90)))
(1.983 ((-1.4999932 0 0)(0 0 -90)))
(1.984 ((-1.4999932 0 0)(0 0 -90)))
(1.985 ((-1.4999932 0 0)(0 0 -90)))
(1.986 ((-1.4999932 0 0)(0 0 -90)))
(1.987 ((-1.4999932 0 0)(0 0 -90)))
(1.988 ((-1.4999932 0 0)(0 0 -90)))
(1.989 ((-1.4999932 0 0)(0 0 -90)))
(1.99 ((-1.4999932 0 0)(0 0 -90)))
(1.991 ((-1.4999932 0 0)(0 0 -90)))
(1.992 ((-1.4999932 0 0)(0 0 -90)))
(1.993 ((-1.4999932 0 0)(0 0 -90)))
(1.994 ((-1.4999932 0 0)(0 0 -90)))
(1.995 ((-1.4999932 0 0)(0 0 -90)))
(1.996 ((-1.4999932 0 0)(0 0 -90)))
(1.997 ((-1.4999932 0 0)(0 0 -90)))
(1.998 ((-1.4999932 0 0)(0 0 -90)))
(1.999 ((-1.4999932 0 0)(0 0 -90)))
(2 ((-1.4999932 0 0)(0 0 -90)))
(2.001 ((-1.4999932 0 0)(0 0 -90)))
(2.002 ((-1.4999932 0 0)(0 0 -90)))
(2.003 ((-1.4999932 0 0)(0 0 -90)))
(2.004 ((-1.4999932 0 0)(0 0 -90)))
(2.005 ((-1.4999932 0 0)(0 0 -90)))
(2.006 ((-1.4999932 0 0)(0 0 -90)))
(2.007 ((-1.4999932 0 0)(0 0 -90)))
(2.008 ((-1.4999932 0 0)(0 0 -90)))
(2.009 ((-1.4999932 0 0)(0 0 -90)))
(2.01 ((-1.4999932 0 0)(0 0 -90)))
(2.011 ((-1.4999932 0 0)(0 0 -90)))
(2.012 ((-1.4999932 0 0)(0 0 -90)))
(2.013 ((-1.4999932 0 0)(0 0 -90)))
(2.014 ((-1.4999932 0 0)(0 0 -90)))
(2.015 ((-1.4999932 0 0)(0 0 -90)))
(2.016 ((-1.4999932 0 0)(0 0 -90)))
(2.017 ((-1.4999932 0 0)(0 0 -90)))
(2.018 ((-1.4999932 0 0)(0 0 -90)))
(2.019 ((-1.4999932 0 0)(0 0 -90)))
(2.02 ((-1.4999932 0 0)(0 0 -90)))
(2.021 ((-1.4999932 0 0)(0 0 -90)))
(2.022 ((-1.4999932 0 0)(0 0 -90)))
(2.023 ((-1.4999932 0 0)(0 0 -90)))
(2.024 ((-1.4999932 0 0)(0 0 -90)))
(2.025 ((-1.4999932 0 0)(0 0 -90)))
(2.026 ((-1.4999932 0 0)(0 0 -90)))
(2.027 ((-1.4999932 0 0)(0 0 -90)))
(2.028 ((-1.4999932 0 0)(0 0 -90)))
(2.029 ((-1.4999932 0 0)(0 0 -90)))
(2.03 ((-1.4999932 0 0)(0 0 -90)))
(2.031 ((-1.4999932 0 0)(0 0 -90)))
(2.032 ((-1.4999932 0 0)(0 0 -90)))
(2.033 ((-1.4999932 0 0)(0 0 -90)))
(2.034 ((-1.4999932 0 0)(0 0 -90)))
(2.035 ((-1.4999932 0 0)(0 0 -90)))
(2.036 ((-1.4999932 0 0)(0 0 -90)))
(2.037 ((-1.4999932 0 0)(0 0 -90)))
(2.038 ((-1.4999932 0 0)(0 0 -90)))
(2.039 ((-1.4999932 0 0)(0 0 -90)))
(2.04 ((-1.4999932 0 0)(0 0 -90)))
(2.041 ((-1.4999932 0 0)(0 0 -90)))
(2.042 ((-1.4999932 0 0)(0 0 -90)))
(2.043 ((-1.4999932 0 0)(0 0 -90)))
(2.044 ((-1.4999932 0 0)(0 0 -90)))
(2.045 ((-1.4999932 0 0)(0 0 -90)))
(2.046 ((-1.4999932 0 0)(0 0 -90)))
(2.047 ((-1.4999932 0 0)(0 0 -90)))
(2.048 ((-1.4999932 0 0)(0 0 -90)))
(2.049 ((-1.4999932 0 0)(0 0 -90)))
(2.05 ((-1.4999932 0 0)(0 0 -90)))
(2.051 ((-1.4999932 0 0)(0 0 -90)))
(2.052 ((-1.4999932 0 0)(0 0 -90)))
(2.053 ((-1.4999932 0 0)(0 0 -90)))
(2.054 ((-1.4999932 0 0)(0 0 -90)))
(2.055 ((-1.4999932 0 0)(0 0 -90)))
(2.056 ((-1.4999932 0 0)(0 0 -90)))
(2.057 ((-1.4999932 0 0)(0 0 -90)))
(2.058 ((-1.4999932 0 0)(0 0 -90)))
(2.059 ((-1.4999932 0 0)(0 0 -90)))
(2.06 ((-1.4999932 0 0)(0 0 -90)))
(2.061 ((-1.4999932 0 0)(0 0 -90)))
(2.062 ((-1.4999932 0 0)(0 0 -90)))
(2.063 ((-1.4999932 0 0)(0 0 -90)))
(2.064 ((-1.4999932 0 0)(0 0 -90)))
(2.065 ((-1.4999932 0 0)(0 0 -90)))
(2.066 ((-1.4999932 0 0)(0 0 -90)))
(2.067 ((-1.4999932 0 0)(0 0 -90)))
(2.068 ((-1.4999932 0 0)(0 0 -90)))
(2.069 ((-1.4999932 0 0)(0 0 -90)))
(2.07 ((-1.4999932 0 0)(0 0 -90)))
(2.071 ((-1.4999932 0 0)(0 0 -90)))
(2.072 ((-1.4999932 0 0)(0 0 -90)))
(2.073 ((-1.4999932 0 0)(0 0 -90)))
(2.074 ((-1.4999932 0 0)(0 0 -90)))
(2.075 ((-1.4999932 0 0)(0 0 -90)))
(2.076 ((-1.4999932 0 0)(0 0 -90)))
(2.077 ((-1.4999932 0 0)(0 0 -90)))
(2.078 ((-1.4999932 0 0)(0 0 -90)))
(2.079 ((-1.4999932 0 0)(0 0 -90)))
(2.08 ((-1.4999932 0 0)(0 0 -90)))
(2.081 ((-1.4999932 0 0)(0 0 -90)))
(2.082 ((-1.4999932 0 0)(0 0 -90)))
(2.083 ((-1.4999932 0 0)(0 0 -90)))
(2.084 ((-1.4999932 0 0)(0 0 -90)))
(2.085 ((-1.4999932 0 0)(0 0 -90)))
(2.086 ((-1.4999932 0 0)(0 0 -90)))
(2.087 ((-1.4999932 0 0)(0 0 -90)))
(2.088 ((-1.4999932 0 0)(0 0 -90)))
(2.089 ((-1.4999932 0 0)(0 0 -90)))
(2.09 ((-1.4999932 0 0)(0 0 -90)))
(2.091 ((-1.4999932 0 0)(0 0 -90)))
(2.092 ((-1.4999932 0 0)(0 0 -90)))
(2.093 ((-1.4999932 0 0)(0 0 -90)))
(2.094 ((-1.4999932 0 0)(0 0 -90)))
(2.095 ((-1.4999932 0 0)(0 0 -90)))
(2.096 ((-1.4999932 0 0)(0 0 -90)))
(2.097 ((-1.4999932 0 0)(0 0 -90)))
(2.098 ((-1.4999932 0 0)(0 0 -90)))
(2.099 ((-1.4999932 0 0)(0 0 -90)))
)
