2100
(
(0 ((-0 0 0)(0 0 -0)))
(0.001 ((-1.493506e-06 0 0)(0 0 -1.2981092e-16)))
(0.002 ((-3.3135885e-06 0 0)(0 0 4.9303807e-32)))
(0.003 ((-5.5306903e-06 0 0)(0 0 -6.8549224e-16)))
(0.004 ((-8.2298262e-06 0 0)(0 0 -1.3299884e-15)))
(0.005 ((-1.1513507e-05 0 0)(0 0 -1.3231657e-15)))
(0.006 ((-1.550496e-05 0 0)(0 0 -7.0596039e-16)))
(0.007 ((-2.0351824e-05 0 0)(0 0 7.5049888e-17)))
(0.008 ((-2.6230285e-05 0 0)(0 0 -7.056018e-16)))
(0.009 ((-3.3349588e-05 0 0)(0 0 -1.3246001e-15)))
(0.01 ((-4.1956839e-05 0 0)(0 0 -1.3246095e-15)))
(0.011 ((-5.2341909e-05 0 0)(0 0 -7.0557353e-16)))
(0.012 ((-6.4842182e-05 0 0)(0 0 7.4946228e-17)))
(0.013 ((-7.9846782e-05 0 0)(0 0 -7.0557402e-16)))
(0.014 ((-9.7799829e-05 0 0)(0 0 -1.3246075e-15)))
(0.015 ((-0.00011920218 0 0)(0 0 -1.3246075e-15)))
(0.016 ((-0.00014461114 0 0)(0 0 -7.0557402e-16)))
(0.017 ((-0.00017463761 0 0)(0 0 7.494622e-17)))
(0.018 ((-0.00020994035 0 0)(0 0 -7.055735e-16)))
(0.019 ((-0.00025121734 0 0)(0 0 -1.3246096e-15)))
(0.02 ((-0.00029919446 0 0)(0 0 -1.3245997e-15)))
(0.021 ((-0.00035461206 0 0)(0 0 -7.0560334e-16)))
(0.022 ((-0.00041821048 0 0)(0 0 7.5055647e-17)))
(0.023 ((-0.0004907156 0 0)(0 0 -7.0598188e-16)))
(0.024 ((-0.0005728254 0 0)(0 0 -1.3230855e-15)))
(0.025 ((-0.00066519864 0 0)(0 0 -1.3302878e-15)))
(0.026 ((-0.00076844624 0 0)(0 0 -6.8437504e-16)))
(0.027 ((-0.00088312547 0 0)(0 0 -4.1694382e-18)))
(0.028 ((-0.0010097372 0 0)(0 0 -1.1425037e-16)))
(0.029 ((-0.0011487256 0 0)(0 0 -5.8072783e-17)))
(0.03 ((-0.0013004797 0 0)(0 0 -1.7270219e-16)))
(0.031 ((-0.001465337 0 0)(0 0 5.2569733e-16)))
(0.032 ((-0.0016435872 0 0)(0 0 1.1033829e-15)))
(0.033 ((-0.0018354776 0 0)(0 0 1.6469548e-15)))
(0.034 ((-0.0020412173 0 0)(0 0 2.4476951e-15)))
(0.035 ((-0.0022609826 0 0)(0 0 1.6617568e-15)))
(0.036 ((-0.002494921 0 0)(0 0 1.0441751e-15)))
(0.037 ((-0.0027431559 0 0)(0 0 1.0437861e-15)))
(0.038 ((-0.0030057896 0 0)(0 0 1.6629238e-15)))
(0.039 ((-0.0032829073 0 0)(0 0 2.4434163e-15)))
(0.04 ((-0.0035745794 0 0)(0 0 1.6629033e-15)))
(0.041 ((-0.0038808639 0 0)(0 0 1.0438679e-15)))
(0.042 ((-0.0042018087 0 0)(0 0 1.0438684e-15)))
(0.043 ((-0.0045374535 0 0)(0 0 1.6629017e-15)))
(0.044 ((-0.0048878307 0 0)(0 0 2.4434222e-15)))
(0.045 ((-0.0052529669 0 0)(0 0 1.6629017e-15)))
(0.046 ((-0.0056328842 0 0)(0 0 1.0438683e-15)))
(0.047 ((-0.0060276005 0 0)(0 0 1.0438683e-15)))
(0.048 ((-0.0064371307 0 0)(0 0 1.6629017e-15)))
(0.049 ((-0.0068614868 0 0)(0 0 2.4434222e-15)))
(0.05 ((-0.0073006788 0 0)(0 0 1.6629017e-15)))
(0.051 ((-0.0077547148 0 0)(0 0 1.0438684e-15)))
(0.052 ((-0.0082236015 0 0)(0 0 1.0438679e-15)))
(0.053 ((-0.0087073444 0 0)(0 0 1.6629033e-15)))
(0.054 ((-0.009205948 0 0)(0 0 2.4434162e-15)))
(0.055 ((-0.0097194159 0 0)(0 0 1.6629238e-15)))
(0.056 ((-0.010247751 0 0)(0 0 1.0437859e-15)))
(0.057 ((-0.010790956 0 0)(0 0 1.0441756e-15)))
(0.058 ((-0.011349033 0 0)(0 0 1.6617548e-15)))
(0.059 ((-0.011921984 0 0)(0 0 2.4477026e-15)))
(0.06 ((-0.012509809 0 0)(0 0 1.6469271e-15)))
(0.061 ((-0.01311251 0 0)(0 0 1.1034865e-15)))
(0.062 ((-0.013730088 0 0)(0 0 5.2531043e-16)))
(0.063 ((-0.014362544 0 0)(0 0 -1.7125827e-16)))
(0.064 ((-0.015009878 0 0)(0 0 -6.3461557e-17)))
(0.065 ((-0.01567209 0 0)(0 0 -9.4139188e-17)))
(0.066 ((-0.016349182 0 0)(0 0 -7.9225379e-17)))
(0.067 ((-0.017041153 0 0)(0 0 -1.0820298e-16)))
(0.068 ((-0.017748004 0 0)(0 0 -7.2063798e-18)))
(0.069 ((-0.018469734 0 0)(0 0 -6.7827466e-16)))
(0.07 ((-0.019206345 0 0)(0 0 -1.3516523e-15)))
(0.071 ((-0.019957836 0 0)(0 0 -1.2437275e-15)))
(0.072 ((-0.020724208 0 0)(0 0 -1.2981086e-15)))
(0.073 ((-0.02150546 0 0)(0 0 -1.1885091e-15)))
(0.074 ((-0.022301592 0 0)(0 0 -1.8685857e-15)))
(0.075 ((-0.023112605 0 0)(0 0 -2.514533e-15)))
(0.076 ((-0.023938499 0 0)(0 0 -2.5073214e-15)))
(0.077 ((-0.024779274 0 0)(0 0 -1.8902203e-15)))
(0.078 ((-0.025634929 0 0)(0 0 -1.1091823e-15)))
(0.079 ((-0.026505465 0 0)(0 0 -1.8898407e-15)))
(0.08 ((-0.027390881 0 0)(0 0 -2.5088396e-15)))
(0.081 ((-0.028291179 0 0)(0 0 -2.5088397e-15)))
(0.082 ((-0.029206357 0 0)(0 0 -1.8898407e-15)))
(0.083 ((-0.030136416 0 0)(0 0 -1.1091824e-15)))
(0.084 ((-0.031081356 0 0)(0 0 -1.8902197e-15)))
(0.085 ((-0.032041177 0 0)(0 0 -2.5073234e-15)))
(0.086 ((-0.033015878 0 0)(0 0 -2.5145257e-15)))
(0.087 ((-0.03400546 0 0)(0 0 -1.8686129e-15)))
(0.088 ((-0.035009922 0 0)(0 0 -1.1884073e-15)))
(0.089 ((-0.036029265 0 0)(0 0 -1.2984883e-15)))
(0.09 ((-0.037063488 0 0)(0 0 -1.2423107e-15)))
(0.091 ((-0.038112591 0 0)(0 0 -1.3569401e-15)))
(0.092 ((-0.039176575 0 0)(0 0 -6.5854057e-16)))
(0.093 ((-0.040255438 0 0)(0 0 -8.0855017e-17)))
(0.094 ((-0.041349182 0 0)(0 0 4.6271695e-16)))
(0.095 ((-0.042457804 0 0)(0 0 1.2634572e-15)))
(0.096 ((-0.043581306 0 0)(0 0 4.775189e-16)))
(0.097 ((-0.044719687 0 0)(0 0 -1.4006283e-16)))
(0.098 ((-0.045872945 0 0)(0 0 -1.4045181e-16)))
(0.099 ((-0.047041081 0 0)(0 0 4.7868586e-16)))
(0.1 ((-0.048224095 0 0)(0 0 1.2591784e-15)))
(0.101 ((-0.049421984 0 0)(0 0 4.7866542e-16)))
(0.102 ((-0.050634748 0 0)(0 0 -1.4037003e-16)))
(0.103 ((-0.051862385 0 0)(0 0 -1.403695e-16)))
(0.104 ((-0.053104894 0 0)(0 0 4.786638e-16)))
(0.105 ((-0.054362273 0 0)(0 0 1.2591843e-15)))
(0.106 ((-0.055634519 0 0)(0 0 4.7866383e-16)))
(0.107 ((-0.05692163 0 0)(0 0 -1.4036961e-16)))
(0.108 ((-0.058223602 0 0)(0 0 -1.4036961e-16)))
(0.109 ((-0.059540429 0 0)(0 0 4.7866383e-16)))
(0.11 ((-0.060872107 0 0)(0 0 1.2591843e-15)))
(0.111 ((-0.06221863 0 0)(0 0 4.786638e-16)))
(0.112 ((-0.063579988 0 0)(0 0 -1.403695e-16)))
(0.113 ((-0.064956172 0 0)(0 0 -1.4037003e-16)))
(0.114 ((-0.06634717 0 0)(0 0 4.7866542e-16)))
(0.115 ((-0.067752967 0 0)(0 0 1.2591784e-15)))
(0.116 ((-0.069173545 0 0)(0 0 4.7868586e-16)))
(0.117 ((-0.070608882 0 0)(0 0 -1.4045181e-16)))
(0.118 ((-0.072058952 0 0)(0 0 -1.4006283e-16)))
(0.119 ((-0.073523721 0 0)(0 0 4.775189e-16)))
(0.12 ((-0.075003151 0 0)(0 0 1.2634572e-15)))
(0.121 ((-0.076497193 0 0)(0 0 4.6271695e-16)))
(0.122 ((-0.07800579 0 0)(0 0 -8.0855017e-17)))
(0.123 ((-0.07952887 0 0)(0 0 -6.5854057e-16)))
(0.124 ((-0.08106635 0 0)(0 0 -1.3569401e-15)))
(0.125 ((-0.082618125 0 0)(0 0 -1.2423107e-15)))
(0.126 ((-0.084184074 0 0)(0 0 -1.2984883e-15)))
(0.127 ((-0.085764049 0 0)(0 0 -1.1884073e-15)))
(0.128 ((-0.087357873 0 0)(0 0 -1.8686129e-15)))
(0.129 ((-0.088965337 0 0)(0 0 -2.5145257e-15)))
(0.13 ((-0.090586194 0 0)(0 0 -2.5073234e-15)))
(0.131 ((-0.092220154 0 0)(0 0 -1.8902198e-15)))
(0.132 ((-0.09386688 0 0)(0 0 -1.1091822e-15)))
(0.133 ((-0.095525983 0 0)(0 0 -1.8898412e-15)))
(0.134 ((-0.097197018 0 0)(0 0 -2.5088375e-15)))
(0.135 ((-0.098879484 0 0)(0 0 -2.5088475e-15)))
(0.136 ((-0.10057283 0 0)(0 0 -1.8898114e-15)))
(0.137 ((-0.10227643 0 0)(0 0 -1.1092917e-15)))
(0.138 ((-0.10398964 0 0)(0 0 -1.8898119e-15)))
(0.139 ((-0.10571175 0 0)(0 0 -2.5088454e-15)))
(0.14 ((-0.10744205 0 0)(0 0 -2.5088454e-15)))
(0.141 ((-0.10917979 0 0)(0 0 -1.8898119e-15)))
(0.142 ((-0.11092423 0 0)(0 0 -1.1092917e-15)))
(0.143 ((-0.11267464 0 0)(0 0 -1.8898114e-15)))
(0.144 ((-0.11443033 0 0)(0 0 -2.5088475e-15)))
(0.145 ((-0.11619063 0 0)(0 0 -2.5088375e-15)))
(0.146 ((-0.11795494 0 0)(0 0 -1.8898412e-15)))
(0.147 ((-0.1197227 0 0)(0 0 -1.1091822e-15)))
(0.148 ((-0.12149341 0 0)(0 0 -1.8902198e-15)))
(0.149 ((-0.12326663 0 0)(0 0 -2.5073234e-15)))
(0.15 ((-0.12504196 0 0)(0 0 -2.5145257e-15)))
(0.151 ((-0.12681906 0 0)(0 0 -1.8686129e-15)))
(0.152 ((-0.12859766 0 0)(0 0 -1.1884073e-15)))
(0.153 ((-0.13037749 0 0)(0 0 -1.2984883e-15)))
(0.154 ((-0.13215836 0 0)(0 0 -1.2423107e-15)))
(0.155 ((-0.13394008 0 0)(0 0 -1.3569401e-15)))
(0.156 ((-0.13572252 0 0)(0 0 -6.5854057e-16)))
(0.157 ((-0.13750553 0 0)(0 0 -8.0855017e-17)))
(0.158 ((-0.13928903 0 0)(0 0 4.6271695e-16)))
(0.159 ((-0.14107292 0 0)(0 0 1.2634572e-15)))
(0.16 ((-0.14285714 0 0)(0 0 4.775189e-16)))
(0.161 ((-0.14464163 0 0)(0 0 -1.4006283e-16)))
(0.162 ((-0.14642634 0 0)(0 0 -1.4045181e-16)))
(0.163 ((-0.14821123 0 0)(0 0 4.7868586e-16)))
(0.164 ((-0.14999627 0 0)(0 0 1.2591784e-15)))
(0.165 ((-0.15178143 0 0)(0 0 4.7866541e-16)))
(0.166 ((-0.1535667 0 0)(0 0 -1.4037003e-16)))
(0.167 ((-0.15535204 0 0)(0 0 -1.4036951e-16)))
(0.168 ((-0.15713745 0 0)(0 0 4.7866384e-16)))
(0.169 ((-0.15892291 0 0)(0 0 1.2591841e-15)))
(0.17 ((-0.16070842 0 0)(0 0 4.7866436e-16)))
(0.171 ((-0.16249397 0 0)(0 0 -1.403716e-16)))
(0.172 ((-0.16427955 0 0)(0 0 -1.403622e-16)))
(0.173 ((-0.16606515 0 0)(0 0 4.7863617e-16)))
(0.174 ((-0.16785077 0 0)(0 0 1.2592875e-15)))
(0.175 ((-0.16963641 0 0)(0 0 4.7827848e-16)))
(0.176 ((-0.17142207 0 0)(0 0 -1.3893145e-16)))
(0.177 ((-0.17320773 0 0)(0 0 -1.4573688e-16)))
(0.178 ((-0.1749934 0 0)(0 0 4.9869476e-16)))
(0.179 ((-0.17677908 0 0)(0 0 1.1844278e-15)))
(0.18 ((-0.17856477 0 0)(0 0 1.0537182e-15)))
(0.181 ((-0.18035046 0 0)(0 0 1.1868832e-15)))
(0.182 ((-0.18213616 0 0)(0 0 4.8887332e-16)))
(0.183 ((-0.18392186 0 0)(0 0 -1.0890648e-16)))
(0.184 ((-0.18570756 0 0)(0 0 -5.7249108e-16)))
(0.185 ((-0.18749326 0 0)(0 0 -1.969146e-15)))
(0.186 ((-0.18927897 0 0)(0 0 -2.43225e-15)))
(0.187 ((-0.19106468 0 0)(0 0 -3.0319522e-15)))
(0.188 ((-0.19285039 0 0)(0 0 -3.7227532e-15)))
(0.189 ((-0.19463609 0 0)(0 0 -3.6165014e-15)))
(0.19 ((-0.19642181 0 0)(0 0 -3.6467669e-15)))
(0.191 ((-0.19820752 0 0)(0 0 -3.6319566e-15)))
(0.192 ((-0.19999323 0 0)(0 0 -3.6609324e-15)))
(0.193 ((-0.20177894 0 0)(0 0 -3.5598394e-15)))
(0.194 ((-0.20356465 0 0)(0 0 -4.2312951e-15)))
(0.195 ((-0.20535037 0 0)(0 0 -4.9032196e-15)))
(0.196 ((-0.20713608 0 0)(0 0 -4.80072e-15)))
(0.197 ((-0.20892179 0 0)(0 0 -4.8348534e-15)))
(0.198 ((-0.21070751 0 0)(0 0 -4.8008195e-15)))
(0.199 ((-0.21249322 0 0)(0 0 -4.9028216e-15)))
(0.2 ((-0.21427893 0 0)(0 0 -4.2327877e-15)))
(0.201 ((-0.21606465 0 0)(0 0 -3.5542672e-15)))
(0.202 ((-0.21785036 0 0)(0 0 -3.6817287e-15)))
(0.203 ((-0.21963608 0 0)(0 0 -3.5543436e-15)))
(0.204 ((-0.22142179 0 0)(0 0 -4.232482e-15)))
(0.205 ((-0.2232075 0 0)(0 0 -4.9039677e-15)))
(0.206 ((-0.22499322 0 0)(0 0 -4.7965406e-15)))
(0.207 ((-0.22677893 0 0)(0 0 -4.8508228e-15)))
(0.208 ((-0.22856465 0 0)(0 0 -4.7411212e-15)))
(0.209 ((-0.23035036 0 0)(0 0 -5.4217051e-15)))
(0.21 ((-0.23213607 0 0)(0 0 -6.0657252e-15)))
(0.211 ((-0.23392179 0 0)(0 0 -6.065715e-15)))
(0.212 ((-0.2357075 0 0)(0 0 -5.4217356e-15)))
(0.213 ((-0.23749322 0 0)(0 0 -4.7410093e-15)))
(0.214 ((-0.23927893 0 0)(0 0 -4.8512397e-15)))
(0.215 ((-0.24106465 0 0)(0 0 -4.794985e-15)))
(0.216 ((-0.24285036 0 0)(0 0 -4.9097733e-15)))
(0.217 ((-0.24463607 0 0)(0 0 -4.2108154e-15)))
(0.218 ((-0.24642179 0 0)(0 0 -3.6352044e-15)))
(0.219 ((-0.2482075 0 0)(0 0 -3.0838928e-15)))
(0.22 ((-0.24999322 0 0)(0 0 -2.3120366e-15)))
(0.221 ((-0.25177893 0 0)(0 0 -2.9901782e-15)))
(0.222 ((-0.25356465 0 0)(0 0 -4.3061222e-15)))
(0.223 ((-0.25535036 0 0)(0 0 -4.8775128e-15)))
(0.224 ((-0.25713607 0 0)(0 0 -4.8287202e-15)))
(0.225 ((-0.25892179 0 0)(0 0 -4.7485596e-15)))
(0.226 ((-0.2607075 0 0)(0 0 -5.4140541e-15)))
(0.227 ((-0.26249322 0 0)(0 0 -6.0888908e-15)))
(0.228 ((-0.26427893 0 0)(0 0 -5.9807038e-15)))
(0.229 ((-0.26606465 0 0)(0 0 -6.0346745e-15)))
(0.23 ((-0.26785036 0 0)(0 0 -5.9269786e-15)))
(0.231 ((-0.26963607 0 0)(0 0 -6.5998512e-15)))
(0.232 ((-0.27142179 0 0)(0 0 -7.2727109e-15)))
(0.233 ((-0.2732075 0 0)(0 0 -7.1650536e-15)))
(0.234 ((-0.27499322 0 0)(0 0 -7.2188824e-15)))
(0.235 ((-0.27677893 0 0)(0 0 -7.1112245e-15)))
(0.236 ((-0.27856465 0 0)(0 0 -7.7840869e-15)))
(0.237 ((-0.28035036 0 0)(0 0 -8.4569494e-15)))
(0.238 ((-0.28213607 0 0)(0 0 -8.3492914e-15)))
(0.239 ((-0.28392179 0 0)(0 0 -8.4031203e-15)))
(0.24 ((-0.2857075 0 0)(0 0 -8.2954625e-15)))
(0.241 ((-0.28749322 0 0)(0 0 -8.9683244e-15)))
(0.242 ((-0.28927893 0 0)(0 0 -9.6411888e-15)))
(0.243 ((-0.29106465 0 0)(0 0 -9.5335235e-15)))
(0.244 ((-0.29285036 0 0)(0 0 -9.5873797e-15)))
(0.245 ((-0.29463607 0 0)(0 0 -9.4796202e-15)))
(0.246 ((-0.29642179 0 0)(0 0 -1.0152861e-14)))
(0.247 ((-0.2982075 0 0)(0 0 -1.082431e-14)))
(0.248 ((-0.29999322 0 0)(0 0 -1.0721929e-14)))
(0.249 ((-0.30177893 0 0)(0 0 -1.0756065e-14)))
(0.25 ((-0.30356465 0 0)(0 0 -1.0721902e-14)))
(0.251 ((-0.30535036 0 0)(0 0 -1.0824419e-14)))
(0.252 ((-0.30713607 0 0)(0 0 -1.0152453e-14)))
(0.253 ((-0.30892179 0 0)(0 0 -9.4811442e-15)))
(0.254 ((-0.3107075 0 0)(0 0 -9.581692e-15)))
(0.255 ((-0.31249322 0 0)(0 0 -9.5547503e-15)))
(0.256 ((-0.31427893 0 0)(0 0 -9.5619693e-15)))
(0.257 ((-0.31606465 0 0)(0 0 -9.560035e-15)))
(0.258 ((-0.31785036 0 0)(0 0 -9.5605533e-15)))
(0.259 ((-0.31963607 0 0)(0 0 -9.5604144e-15)))
(0.26 ((-0.32142179 0 0)(0 0 -9.5604516e-15)))
(0.261 ((-0.3232075 0 0)(0 0 -9.5604417e-15)))
(0.262 ((-0.32499322 0 0)(0 0 -9.5604443e-15)))
(0.263 ((-0.32677893 0 0)(0 0 -9.5604436e-15)))
(0.264 ((-0.32856465 0 0)(0 0 -9.5604438e-15)))
(0.265 ((-0.33035036 0 0)(0 0 -9.5604437e-15)))
(0.266 ((-0.33213607 0 0)(0 0 -9.5604438e-15)))
(0.267 ((-0.33392179 0 0)(0 0 -9.5604438e-15)))
(0.268 ((-0.3357075 0 0)(0 0 -9.5604438e-15)))
(0.269 ((-0.33749322 0 0)(0 0 -9.5604438e-15)))
(0.27 ((-0.33927893 0 0)(0 0 -9.5604438e-15)))
(0.271 ((-0.34106465 0 0)(0 0 -9.5604438e-15)))
(0.272 ((-0.34285036 0 0)(0 0 -9.5604437e-15)))
(0.273 ((-0.34463607 0 0)(0 0 -9.5604438e-15)))
(0.274 ((-0.34642179 0 0)(0 0 -9.5604436e-15)))
(0.275 ((-0.3482075 0 0)(0 0 -9.5604443e-15)))
(0.276 ((-0.34999322 0 0)(0 0 -9.5604417e-15)))
(0.277 ((-0.35177893 0 0)(0 0 -9.5604516e-15)))
(0.278 ((-0.35356465 0 0)(0 0 -9.5604144e-15)))
(0.279 ((-0.35535036 0 0)(0 0 -9.5605532e-15)))
(0.28 ((-0.35713607 0 0)(0 0 -9.5600354e-15)))
(0.281 ((-0.35892179 0 0)(0 0 -9.5619679e-15)))
(0.282 ((-0.3607075 0 0)(0 0 -9.5547555e-15)))
(0.283 ((-0.36249322 0 0)(0 0 -9.5816726e-15)))
(0.284 ((-0.36427893 0 0)(0 0 -9.4812166e-15)))
(0.285 ((-0.36606465 0 0)(0 0 -1.0152183e-14)))
(0.286 ((-0.36785036 0 0)(0 0 -1.0825427e-14)))
(0.287 ((-0.36963607 0 0)(0 0 -1.0718139e-14)))
(0.288 ((-0.37142179 0 0)(0 0 -1.0770105e-14)))
(0.289 ((-0.3732075 0 0)(0 0 -1.066953e-14)))
(0.29 ((-0.37499322 0 0)(0 0 -1.1315925e-14)))
(0.291 ((-0.37677893 0 0)(0 0 -1.2087575e-14)))
(0.292 ((-0.37856465 0 0)(0 0 -1.1315172e-14)))
(0.293 ((-0.38035036 0 0)(0 0 -1.0672539e-14)))
(0.294 ((-0.38213607 0 0)(0 0 -1.075882e-14)))
(0.295 ((-0.38392179 0 0)(0 0 -1.0760271e-14)))
(0.296 ((-0.3857075 0 0)(0 0 -1.0668187e-14)))
(0.297 ((-0.38749322 0 0)(0 0 -1.1331131e-14)))
(0.298 ((-0.38927893 0 0)(0 0 -1.2028092e-14)))
(0.299 ((-0.39106465 0 0)(0 0 -1.1833957e-14)))
(0.3 ((-0.39285036 0 0)(0 0 -1.2505655e-14)))
(0.301 ((-0.39463607 0 0)(0 0 -1.3269655e-14)))
(0.302 ((-0.39642179 0 0)(0 0 -1.2502551e-14)))
(0.303 ((-0.3982075 0 0)(0 0 -1.1846373e-14)))
(0.304 ((-0.39999322 0 0)(0 0 -1.1981535e-14)))
(0.305 ((-0.40177893 0 0)(0 0 -1.1652976e-14)))
(0.306 ((-0.40356465 0 0)(0 0 -1.120372e-14)))
(0.307 ((-0.40535036 0 0)(0 0 -1.1997036e-14)))
(0.308 ((-0.40713607 0 0)(0 0 -1.2233625e-14)))
(0.309 ((-0.40892179 0 0)(0 0 -1.2418338e-14)))
(0.31 ((-0.4107075 0 0)(0 0 -1.3515314e-14)))
(0.311 ((-0.41249322 0 0)(0 0 -1.367965e-14)))
(0.312 ((-0.41427893 0 0)(0 0 -1.3997746e-14)))
(0.313 ((-0.41606465 0 0)(0 0 -1.433738e-14)))
(0.314 ((-0.41785036 0 0)(0 0 -1.4289075e-14)))
(0.315 ((-0.41963607 0 0)(0 0 -1.4290691e-14)))
(0.316 ((-0.42142179 0 0)(0 0 -1.4332531e-14)))
(0.317 ((-0.4232075 0 0)(0 0 -1.4015525e-14)))
(0.318 ((-0.42499322 0 0)(0 0 -1.3613384e-14)))
(0.319 ((-0.42677893 0 0)(0 0 -1.4058657e-14)))
(0.32 ((-0.42856465 0 0)(0 0 -1.4011973e-14)))
(0.321 ((-0.43035036 0 0)(0 0 -1.3901465e-14)))
(0.322 ((-0.43213607 0 0)(0 0 -1.468624e-14)))
(0.323 ((-0.43392179 0 0)(0 0 -1.4618244e-14)))
(0.324 ((-0.4357075 0 0)(0 0 -1.4253482e-14)))
(0.325 ((-0.43749322 0 0)(0 0 -1.4300228e-14)))
(0.326 ((-0.43927893 0 0)(0 0 -1.4329976e-14)))
(0.327 ((-0.44106465 0 0)(0 0 -1.401621e-14)))
(0.328 ((-0.44285036 0 0)(0 0 -1.3613201e-14)))
(0.329 ((-0.44463607 0 0)(0 0 -1.4058706e-14)))
(0.33 ((-0.44642179 0 0)(0 0 -1.4011962e-14)))
(0.331 ((-0.4482075 0 0)(0 0 -1.390146e-14)))
(0.332 ((-0.44999322 0 0)(0 0 -1.4686273e-14)))
(0.333 ((-0.45177893 0 0)(0 0 -1.4618118e-14)))
(0.334 ((-0.45356465 0 0)(0 0 -1.4253956e-14)))
(0.335 ((-0.45535036 0 0)(0 0 -1.4298462e-14)))
(0.336 ((-0.45713607 0 0)(0 0 -1.433657e-14)))
(0.337 ((-0.45892179 0 0)(0 0 -1.3991602e-14)))
(0.338 ((-0.4607075 0 0)(0 0 -1.3705037e-14)))
(0.339 ((-0.46249322 0 0)(0 0 -1.3419909e-14)))
(0.34 ((-0.46427893 0 0)(0 0 -1.3070628e-14)))
(0.341 ((-0.46606465 0 0)(0 0 -1.3124553e-14)))
(0.342 ((-0.46785036 0 0)(0 0 -1.3110104e-14)))
(0.343 ((-0.46963607 0 0)(0 0 -1.3113977e-14)))
(0.344 ((-0.47142179 0 0)(0 0 -1.3112933e-14)))
(0.345 ((-0.4732075 0 0)(0 0 -1.3113234e-14)))
(0.346 ((-0.47499322 0 0)(0 0 -1.3113076e-14)))
(0.347 ((-0.47677893 0 0)(0 0 -1.3113407e-14)))
(0.348 ((-0.47856465 0 0)(0 0 -1.3112241e-14)))
(0.349 ((-0.48035036 0 0)(0 0 -1.3116574e-14)))
(0.35 ((-0.48213607 0 0)(0 0 -1.3100407e-14)))
(0.351 ((-0.48392179 0 0)(0 0 -1.3160741e-14)))
(0.352 ((-0.4857075 0 0)(0 0 -1.2787544e-14)))
(0.353 ((-0.48749322 0 0)(0 0 -1.2739701e-14)))
(0.354 ((-0.48927893 0 0)(0 0 -1.3452298e-14)))
(0.355 ((-0.49106465 0 0)(0 0 -1.3758379e-14)))
(0.356 ((-0.49285036 0 0)(0 0 -1.3449783e-14)))
(0.357 ((-0.49463607 0 0)(0 0 -1.274976e-14)))
(0.358 ((-0.49642179 0 0)(0 0 -1.2749825e-14)))
(0.359 ((-0.4982075 0 0)(0 0 -1.3449586e-14)))
(0.36 ((-0.49999322 0 0)(0 0 -1.3759103e-14)))
(0.361 ((-0.50177893 0 0)(0 0 -1.3449602e-14)))
(0.362 ((-0.50356465 0 0)(0 0 -1.274976e-14)))
(0.363 ((-0.50535036 0 0)(0 0 -1.2750005e-14)))
(0.364 ((-0.50713607 0 0)(0 0 -1.3448868e-14)))
(0.365 ((-0.50892179 0 0)(0 0 -1.3761796e-14)))
(0.366 ((-0.5107075 0 0)(0 0 -1.3439548e-14)))
(0.367 ((-0.51249322 0 0)(0 0 -1.2787285e-14)))
(0.368 ((-0.51427893 0 0)(0 0 -1.246193e-14)))
(0.369 ((-0.51606465 0 0)(0 0 -1.2787285e-14)))
(0.37 ((-0.51785036 0 0)(0 0 -1.3439549e-14)))
(0.371 ((-0.51963607 0 0)(0 0 -1.3761792e-14)))
(0.372 ((-0.52142179 0 0)(0 0 -1.3448882e-14)))
(0.373 ((-0.5232075 0 0)(0 0 -1.2749953e-14)))
(0.374 ((-0.52499322 0 0)(0 0 -1.2749953e-14)))
(0.375 ((-0.52677893 0 0)(0 0 -1.3448882e-14)))
(0.376 ((-0.52856465 0 0)(0 0 -1.3761792e-14)))
(0.377 ((-0.53035036 0 0)(0 0 -1.3439549e-14)))
(0.378 ((-0.53213607 0 0)(0 0 -1.2787285e-14)))
(0.379 ((-0.53392179 0 0)(0 0 -1.246193e-14)))
(0.38 ((-0.5357075 0 0)(0 0 -1.2787285e-14)))
(0.381 ((-0.53749322 0 0)(0 0 -1.3439548e-14)))
(0.382 ((-0.53927893 0 0)(0 0 -1.3761796e-14)))
(0.383 ((-0.54106465 0 0)(0 0 -1.3448868e-14)))
(0.384 ((-0.54285036 0 0)(0 0 -1.2750005e-14)))
(0.385 ((-0.54463607 0 0)(0 0 -1.274976e-14)))
(0.386 ((-0.54642179 0 0)(0 0 -1.3449603e-14)))
(0.387 ((-0.5482075 0 0)(0 0 -1.3759102e-14)))
(0.388 ((-0.54999322 0 0)(0 0 -1.344959e-14)))
(0.389 ((-0.55177893 0 0)(0 0 -1.2749812e-14)))
(0.39 ((-0.55356465 0 0)(0 0 -1.2749812e-14)))
(0.391 ((-0.55535036 0 0)(0 0 -1.344959e-14)))
(0.392 ((-0.55713607 0 0)(0 0 -1.3759102e-14)))
(0.393 ((-0.55892179 0 0)(0 0 -1.3449603e-14)))
(0.394 ((-0.5607075 0 0)(0 0 -1.274976e-14)))
(0.395 ((-0.56249322 0 0)(0 0 -1.2750005e-14)))
(0.396 ((-0.56427893 0 0)(0 0 -1.3448868e-14)))
(0.397 ((-0.56606465 0 0)(0 0 -1.3761796e-14)))
(0.398 ((-0.56785036 0 0)(0 0 -1.3439548e-14)))
(0.399 ((-0.56963607 0 0)(0 0 -1.2787285e-14)))
(0.4 ((-0.57142179 0 0)(0 0 -1.246193e-14)))
(0.401 ((-0.5732075 0 0)(0 0 -1.2787285e-14)))
(0.402 ((-0.57499322 0 0)(0 0 -1.3439549e-14)))
(0.403 ((-0.57677893 0 0)(0 0 -1.3761792e-14)))
(0.404 ((-0.57856465 0 0)(0 0 -1.3448882e-14)))
(0.405 ((-0.58035036 0 0)(0 0 -1.2749953e-14)))
(0.406 ((-0.58213607 0 0)(0 0 -1.2749953e-14)))
(0.407 ((-0.58392179 0 0)(0 0 -1.3448881e-14)))
(0.408 ((-0.5857075 0 0)(0 0 -1.3761793e-14)))
(0.409 ((-0.58749322 0 0)(0 0 -1.3439546e-14)))
(0.41 ((-0.58927893 0 0)(0 0 -1.2787296e-14)))
(0.411 ((-0.59106465 0 0)(0 0 -1.2461888e-14)))
(0.412 ((-0.59285036 0 0)(0 0 -1.2787442e-14)))
(0.413 ((-0.59463607 0 0)(0 0 -1.3438962e-14)))
(0.414 ((-0.59642179 0 0)(0 0 -1.3763982e-14)))
(0.415 ((-0.5982075 0 0)(0 0 -1.3440707e-14)))
(0.416 ((-0.59999322 0 0)(0 0 -1.2780461e-14)))
(0.417 ((-0.60177893 0 0)(0 0 -1.2488067e-14)))
(0.418 ((-0.60356465 0 0)(0 0 -1.2541531e-14)))
(0.419 ((-0.60535036 0 0)(0 0 -1.2472041e-14)))
(0.42 ((-0.60713607 0 0)(0 0 -1.2844565e-14)))
(0.421 ((-0.60892179 0 0)(0 0 -1.2904258e-14)))
(0.422 ((-0.6107075 0 0)(0 0 -1.2144932e-14)))
(0.423 ((-0.61249322 0 0)(0 0 -1.2161949e-14)))
(0.424 ((-0.61427893 0 0)(0 0 -1.2853205e-14)))
(0.425 ((-0.61606465 0 0)(0 0 -1.3179787e-14)))
(0.426 ((-0.61785036 0 0)(0 0 -1.281053e-14)))
(0.427 ((-0.61963607 0 0)(0 0 -1.2480679e-14)))
(0.428 ((-0.62142179 0 0)(0 0 -1.2541014e-14)))
(0.429 ((-0.6232075 0 0)(0 0 -1.2481497e-14)))
(0.43 ((-0.62499322 0 0)(0 0 -1.280726e-14)))
(0.431 ((-0.62677893 0 0)(0 0 -1.3192051e-14)))
(0.432 ((-0.62856465 0 0)(0 0 -1.280742e-14)))
(0.433 ((-0.63035036 0 0)(0 0 -1.2480856e-14)))
(0.434 ((-0.63213607 0 0)(0 0 -1.2543417e-14)))
(0.435 ((-0.63392179 0 0)(0 0 -1.2471709e-14)))
(0.436 ((-0.6357075 0 0)(0 0 -1.2844009e-14)))
(0.437 ((-0.63749322 0 0)(0 0 -1.2906813e-14)))
(0.438 ((-0.63927893 0 0)(0 0 -1.2135266e-14)))
(0.439 ((-0.64106465 0 0)(0 0 -1.2198055e-14)))
(0.44 ((-0.64285036 0 0)(0 0 -1.2570418e-14)))
(0.441 ((-0.64463607 0 0)(0 0 -1.2498473e-14)))
(0.442 ((-0.64642179 0 0)(0 0 -1.256192e-14)))
(0.443 ((-0.6482075 0 0)(0 0 -1.2232049e-14)))
(0.444 ((-0.64999322 0 0)(0 0 -1.1859757e-14)))
(0.445 ((-0.65177893 0 0)(0 0 -1.2198499e-14)))
(0.446 ((-0.65356465 0 0)(0 0 -1.2844152e-14)))
(0.447 ((-0.65535036 0 0)(0 0 -1.3179452e-14)))
(0.448 ((-0.65713607 0 0)(0 0 -1.2820924e-14)))
(0.449 ((-0.65892179 0 0)(0 0 -1.2439441e-14)))
(0.45 ((-0.6607075 0 0)(0 0 -1.2843602e-14)))
(0.451 ((-0.66249322 0 0)(0 0 -1.3088738e-14)))
(0.452 ((-0.66427893 0 0)(0 0 -1.3480389e-14)))
(0.453 ((-0.66606465 0 0)(0 0 -1.3148946e-14)))
(0.454 ((-0.66785036 0 0)(0 0 -1.2454742e-14)))
(0.455 ((-0.66963607 0 0)(0 0 -1.2454375e-14)))
(0.456 ((-0.67142179 0 0)(0 0 -1.3150049e-14)))
(0.457 ((-0.6732075 0 0)(0 0 -1.3476345e-14)))
(0.458 ((-0.67499322 0 0)(0 0 -1.3103812e-14)))
(0.459 ((-0.67677893 0 0)(0 0 -1.2787353e-14)))
(0.46 ((-0.67856465 0 0)(0 0 -1.2797395e-14)))
(0.461 ((-0.68035036 0 0)(0 0 -1.3073684e-14)))
(0.462 ((-0.68213607 0 0)(0 0 -1.3734844e-14)))
(0.463 ((-0.68392179 0 0)(0 0 -1.4070569e-14)))
(0.464 ((-0.6857075 0 0)(0 0 -1.3694835e-14)))
(0.465 ((-0.68749322 0 0)(0 0 -1.3381748e-14)))
(0.466 ((-0.68927893 0 0)(0 0 -1.3381503e-14)))
(0.467 ((-0.69106465 0 0)(0 0 -1.3695571e-14)))
(0.468 ((-0.69285036 0 0)(0 0 -1.4067871e-14)))
(0.469 ((-0.69463607 0 0)(0 0 -1.37449e-14)))
(0.47 ((-0.69642179 0 0)(0 0 -1.3036159e-14)))
(0.471 ((-0.6982075 0 0)(0 0 -1.308547e-14)))
(0.472 ((-0.69999322 0 0)(0 0 -1.3448935e-14)))
(0.473 ((-0.70177893 0 0)(0 0 -1.3426061e-14)))
(0.474 ((-0.70356465 0 0)(0 0 -1.3154094e-14)))
(0.475 ((-0.70535036 0 0)(0 0 -1.248848e-14)))
(0.476 ((-0.70713607 0 0)(0 0 -1.2166248e-14)))
(0.477 ((-0.70892179 0 0)(0 0 -1.2492461e-14)))
(0.478 ((-0.7107075 0 0)(0 0 -1.3138169e-14)))
(0.479 ((-0.71249322 0 0)(0 0 -1.3485778e-14)))
(0.48 ((-0.71427893 0 0)(0 0 -1.3077961e-14)))
(0.481 ((-0.71606465 0 0)(0 0 -1.2881324e-14)))
(0.482 ((-0.71785036 0 0)(0 0 -1.2151301e-14)))
(0.483 ((-0.71963607 0 0)(0 0 -1.2159405e-14)))
(0.484 ((-0.72142179 0 0)(0 0 -1.2857012e-14)))
(0.485 ((-0.7232075 0 0)(0 0 -1.3167106e-14)))
(0.486 ((-0.72499322 0 0)(0 0 -1.2857451e-14)))
(0.487 ((-0.72677893 0 0)(0 0 -1.215765e-14)))
(0.488 ((-0.72856465 0 0)(0 0 -1.2157884e-14)))
(0.489 ((-0.73035036 0 0)(0 0 -1.2856749e-14)))
(0.49 ((-0.73213607 0 0)(0 0 -1.3169677e-14)))
(0.491 ((-0.73392179 0 0)(0 0 -1.2847429e-14)))
(0.492 ((-0.7357075 0 0)(0 0 -1.2195166e-14)))
(0.493 ((-0.73749322 0 0)(0 0 -1.1869811e-14)))
(0.494 ((-0.73927893 0 0)(0 0 -1.2195166e-14)))
(0.495 ((-0.74106465 0 0)(0 0 -1.284743e-14)))
(0.496 ((-0.74285036 0 0)(0 0 -1.3169673e-14)))
(0.497 ((-0.74463607 0 0)(0 0 -1.2856763e-14)))
(0.498 ((-0.74642179 0 0)(0 0 -1.2157834e-14)))
(0.499 ((-0.7482075 0 0)(0 0 -1.2157834e-14)))
(0.5 ((-0.74999322 0 0)(0 0 -1.2856763e-14)))
(0.501 ((-0.75177893 0 0)(0 0 -1.3169673e-14)))
(0.502 ((-0.75356465 0 0)(0 0 -1.284743e-14)))
(0.503 ((-0.75535036 0 0)(0 0 -1.2195166e-14)))
(0.504 ((-0.75713607 0 0)(0 0 -1.1869811e-14)))
(0.505 ((-0.75892179 0 0)(0 0 -1.2195166e-14)))
(0.506 ((-0.7607075 0 0)(0 0 -1.2847429e-14)))
(0.507 ((-0.76249322 0 0)(0 0 -1.3169677e-14)))
(0.508 ((-0.76427893 0 0)(0 0 -1.2856749e-14)))
(0.509 ((-0.76606465 0 0)(0 0 -1.2157886e-14)))
(0.51 ((-0.76785036 0 0)(0 0 -1.2157641e-14)))
(0.511 ((-0.76963607 0 0)(0 0 -1.2857484e-14)))
(0.512 ((-0.77142179 0 0)(0 0 -1.3166983e-14)))
(0.513 ((-0.7732075 0 0)(0 0 -1.2857471e-14)))
(0.514 ((-0.77499322 0 0)(0 0 -1.2157693e-14)))
(0.515 ((-0.77677893 0 0)(0 0 -1.2157693e-14)))
(0.516 ((-0.77856465 0 0)(0 0 -1.2857471e-14)))
(0.517 ((-0.78035036 0 0)(0 0 -1.3166983e-14)))
(0.518 ((-0.78213607 0 0)(0 0 -1.2857484e-14)))
(0.519 ((-0.78392179 0 0)(0 0 -1.2157641e-14)))
(0.52 ((-0.7857075 0 0)(0 0 -1.2157886e-14)))
(0.521 ((-0.78749322 0 0)(0 0 -1.2856749e-14)))
(0.522 ((-0.78927893 0 0)(0 0 -1.3169677e-14)))
(0.523 ((-0.79106465 0 0)(0 0 -1.2847429e-14)))
(0.524 ((-0.79285036 0 0)(0 0 -1.2195166e-14)))
(0.525 ((-0.79463607 0 0)(0 0 -1.186981e-14)))
(0.526 ((-0.79642179 0 0)(0 0 -1.219517e-14)))
(0.527 ((-0.7982075 0 0)(0 0 -1.2847415e-14)))
(0.528 ((-0.79999322 0 0)(0 0 -1.3169728e-14)))
(0.529 ((-0.80177893 0 0)(0 0 -1.2856557e-14)))
(0.53 ((-0.80356465 0 0)(0 0 -1.2158601e-14)))
(0.531 ((-0.80535036 0 0)(0 0 -1.2154971e-14)))
(0.532 ((-0.80713607 0 0)(0 0 -1.2867448e-14)))
(0.533 ((-0.80892179 0 0)(0 0 -1.3129794e-14)))
(0.534 ((-0.8107075 0 0)(0 0 -1.3144291e-14)))
(0.535 ((-0.81249322 0 0)(0 0 -1.2823955e-14)))
(0.536 ((-0.81427893 0 0)(0 0 -1.2462474e-14)))
(0.537 ((-0.81606465 0 0)(0 0 -1.2748437e-14)))
(0.538 ((-0.81785036 0 0)(0 0 -1.3742424e-14)))
(0.539 ((-0.81963607 0 0)(0 0 -1.4365495e-14)))
(0.54 ((-0.82142179 0 0)(0 0 -1.428391e-14)))
(0.541 ((-0.8232075 0 0)(0 0 -1.4283238e-14)))
(0.542 ((-0.82499322 0 0)(0 0 -1.4515538e-14)))
(0.543 ((-0.82677893 0 0)(0 0 -1.5511396e-14)))
(0.544 ((-0.82856465 0 0)(0 0 -1.6180647e-14)))
(0.545 ((-0.83035036 0 0)(0 0 -1.576444e-14)))
(0.546 ((-0.83213607 0 0)(0 0 -1.5427749e-14)))
(0.547 ((-0.83392179 0 0)(0 0 -1.5710421e-14)))
(0.548 ((-0.8357075 0 0)(0 0 -1.6692782e-14)))
(0.549 ((-0.83749322 0 0)(0 0 -1.7365646e-14)))
(0.55 ((-0.83927893 0 0)(0 0 -1.6948483e-14)))
(0.551 ((-0.84106465 0 0)(0 0 -1.6612004e-14)))
(0.552 ((-0.84285036 0 0)(0 0 -1.6894787e-14)))
(0.553 ((-0.84463607 0 0)(0 0 -1.7876491e-14)))
(0.554 ((-0.84642179 0 0)(0 0 -1.8551873e-14)))
(0.555 ((-0.8482075 0 0)(0 0 -1.8125295e-14)))
(0.556 ((-0.84999322 0 0)(0 0 -1.7823957e-14)))
(0.557 ((-0.85177893 0 0)(0 0 -1.7827559e-14)))
(0.558 ((-0.85356465 0 0)(0 0 -1.8114489e-14)))
(0.559 ((-0.85535036 0 0)(0 0 -1.8739524e-14)))
(0.56 ((-0.85713607 0 0)(0 0 -1.9357138e-14)))
(0.561 ((-0.85892179 0 0)(0 0 -1.9666332e-14)))
(0.562 ((-0.8607075 0 0)(0 0 -1.95883e-14)))
(0.563 ((-0.86249322 0 0)(0 0 -1.9887293e-14)))
(0.564 ((-0.86427893 0 0)(0 0 -2.054571e-14)))
(0.565 ((-0.86606465 0 0)(0 0 -2.0869703e-14)))
(0.566 ((-0.86785036 0 0)(0 0 -2.0543639e-14)))
(0.567 ((-0.86963607 0 0)(0 0 -1.9895575e-14)))
(0.568 ((-0.87142179 0 0)(0 0 -1.9557242e-14)))
(0.569 ((-0.8732075 0 0)(0 0 -1.993031e-14)))
(0.57 ((-0.87499322 0 0)(0 0 -2.0256669e-14)))
(0.571 ((-0.87677893 0 0)(0 0 -2.0206492e-14)))
(0.572 ((-0.87856465 0 0)(0 0 -2.022887e-14)))
(0.573 ((-0.88035036 0 0)(0 0 -2.0189537e-14)))
(0.574 ((-0.88213607 0 0)(0 0 -2.0472519e-14)))
(0.575 ((-0.88392179 0 0)(0 0 -2.1156282e-14)))
(0.576 ((-0.8857075 0 0)(0 0 -2.1394902e-14)))
(0.577 ((-0.88749322 0 0)(0 0 -2.1681044e-14)))
(0.578 ((-0.88927893 0 0)(0 0 -2.2074213e-14)))
(0.579 ((-0.89106465 0 0)(0 0 -2.1695693e-14)))
(0.58 ((-0.89285036 0 0)(0 0 -2.1336307e-14)))
(0.581 ((-0.89463607 0 0)(0 0 -2.1672076e-14)))
(0.582 ((-0.89642179 0 0)(0 0 -2.2316712e-14)))
(0.583 ((-0.8982075 0 0)(0 0 -2.2659052e-14)))
(0.584 ((-0.89999322 0 0)(0 0 -2.2273385e-14)))
(0.585 ((-0.90177893 0 0)(0 0 -2.1993416e-14)))
(0.586 ((-0.90356465 0 0)(0 0 -2.1722599e-14)))
(0.587 ((-0.90535036 0 0)(0 0 -2.1309479e-14)))
(0.588 ((-0.90713607 0 0)(0 0 -2.1752482e-14)))
(0.589 ((-0.90892179 0 0)(0 0 -2.1725858e-14)))
(0.59 ((-0.9107075 0 0)(0 0 -2.1389348e-14)))
(0.591 ((-0.91249322 0 0)(0 0 -2.1133686e-14)))
(0.592 ((-0.91427893 0 0)(0 0 -2.0716486e-14)))
(0.593 ((-0.91606465 0 0)(0 0 -2.1160651e-14)))
(0.594 ((-0.91785036 0 0)(0 0 -2.1133459e-14)))
(0.595 ((-0.91963607 0 0)(0 0 -2.0798062e-14)))
(0.596 ((-0.92142179 0 0)(0 0 -2.0538514e-14)))
(0.597 ((-0.9232075 0 0)(0 0 -2.0135746e-14)))
(0.598 ((-0.92499322 0 0)(0 0 -2.052607e-14)))
(0.599 ((-0.92677893 0 0)(0 0 -2.0847838e-14)))
(0.6 ((-0.92856465 0 0)(0 0 -2.0798771e-14)))
(0.601 ((-0.93035036 0 0)(0 0 -2.0821302e-14)))
(0.602 ((-0.93213607 0 0)(0 0 -2.0780242e-14)))
(0.603 ((-0.93392179 0 0)(0 0 -2.1069982e-14)))
(0.604 ((-0.9357075 0 0)(0 0 -2.1728441e-14)))
(0.605 ((-0.93749322 0 0)(0 0 -2.2061519e-14)))
(0.606 ((-0.93927893 0 0)(0 0 -2.1699072e-14)))
(0.607 ((-0.94106465 0 0)(0 0 -2.1335486e-14)))
(0.608 ((-0.94285036 0 0)(0 0 -2.1671981e-14)))
(0.609 ((-0.94463607 0 0)(0 0 -2.2317914e-14)))
(0.61 ((-0.94642179 0 0)(0 0 -2.2654341e-14)))
(0.611 ((-0.9482075 0 0)(0 0 -2.2291025e-14)))
(0.612 ((-0.94999322 0 0)(0 0 -2.1927565e-14)))
(0.613 ((-0.95177893 0 0)(0 0 -2.2264426e-14)))
(0.614 ((-0.95356465 0 0)(0 0 -2.2908769e-14)))
(0.615 ((-0.95535036 0 0)(0 0 -2.3251187e-14)))
(0.616 ((-0.95713607 0 0)(0 0 -2.28655e-14)))
(0.617 ((-0.95892179 0 0)(0 0 -2.2585534e-14)))
(0.618 ((-0.9607075 0 0)(0 0 -2.2314727e-14)))
(0.619 ((-0.96249322 0 0)(0 0 -2.1901566e-14)))
(0.62 ((-0.96427893 0 0)(0 0 -2.2344718e-14)))
(0.621 ((-0.96606465 0 0)(0 0 -2.2317538e-14)))
(0.622 ((-0.96785036 0 0)(0 0 -2.1983106e-14)))
(0.623 ((-0.96963607 0 0)(0 0 -2.1719687e-14)))
(0.624 ((-0.97142179 0 0)(0 0 -2.133144e-14)))
(0.625 ((-0.9732075 0 0)(0 0 -2.1593532e-14)))
(0.626 ((-0.97499322 0 0)(0 0 -2.1451515e-14)))
(0.627 ((-0.97677893 0 0)(0 0 -2.0795301e-14)))
(0.628 ((-0.97856465 0 0)(0 0 -2.0231504e-14)))
(0.629 ((-0.98035036 0 0)(0 0 -1.9590191e-14)))
(0.63 ((-0.98213607 0 0)(0 0 -1.9314555e-14)))
(0.631 ((-0.98392179 0 0)(0 0 -1.9208042e-14)))
(0.632 ((-0.9857075 0 0)(0 0 -1.8873523e-14)))
(0.633 ((-0.98749322 0 0)(0 0 -1.8615769e-14)))
(0.634 ((-0.98927893 0 0)(0 0 -1.8130931e-14)))
(0.635 ((-0.99106465 0 0)(0 0 -1.7811534e-14)))
(0.636 ((-0.99285036 0 0)(0 0 -1.7871616e-14)))
(0.637 ((-0.99463607 0 0)(0 0 -1.772864e-14)))
(0.638 ((-0.99642179 0 0)(0 0 -1.7278271e-14)))
(0.639 ((-0.9982075 0 0)(0 0 -1.6632202e-14)))
(0.64 ((-0.99999322 0 0)(0 0 -1.6336176e-14)))
(0.641 ((-1.0017789 0 0)(0 0 -1.6389991e-14)))
(0.642 ((-1.0035646 0 0)(0 0 -1.6248713e-14)))
(0.643 ((-1.0053504 0 0)(0 0 -1.5797818e-14)))
(0.644 ((-1.0071361 0 0)(0 0 -1.5152157e-14)))
(0.645 ((-1.0089218 0 0)(0 0 -1.4855027e-14)))
(0.646 ((-1.0107075 0 0)(0 0 -1.491285e-14)))
(0.647 ((-1.0124932 0 0)(0 0 -1.4756644e-14)))
(0.648 ((-1.0142789 0 0)(0 0 -1.4435466e-14)))
(0.649 ((-1.0160646 0 0)(0 0 -1.4174043e-14)))
(0.65 ((-1.0178504 0 0)(0 0 -1.3690541e-14)))
(0.651 ((-1.0196361 0 0)(0 0 -1.3369464e-14)))
(0.652 ((-1.0214218 0 0)(0 0 -1.3434932e-14)))
(0.653 ((-1.0232075 0 0)(0 0 -1.3272094e-14)))
(0.654 ((-1.0249932 0 0)(0 0 -1.2969801e-14)))
(0.655 ((-1.0267789 0 0)(0 0 -1.2639468e-14)))
(0.656 ((-1.0285646 0 0)(0 0 -1.2634767e-14)))
(0.657 ((-1.0303504 0 0)(0 0 -1.2983904e-14)))
(0.658 ((-1.0321361 0 0)(0 0 -1.3146367e-14)))
(0.659 ((-1.0339218 0 0)(0 0 -1.2961543e-14)))
(0.66 ((-1.0357075 0 0)(0 0 -1.2798228e-14)))
(0.661 ((-1.0374932 0 0)(0 0 -1.2822148e-14)))
(0.662 ((-1.0392789 0 0)(0 0 -1.2815768e-14)))
(0.663 ((-1.0410646 0 0)(0 0 -1.2817366e-14)))
(0.664 ((-1.0428504 0 0)(0 0 -1.2817354e-14)))
(0.665 ((-1.0446361 0 0)(0 0 -1.2815804e-14)))
(0.666 ((-1.0464218 0 0)(0 0 -1.2822017e-14)))
(0.667 ((-1.0482075 0 0)(0 0 -1.2798717e-14)))
(0.668 ((-1.0499932 0 0)(0 0 -1.2959718e-14)))
(0.669 ((-1.0517789 0 0)(0 0 -1.3153176e-14)))
(0.67 ((-1.0535646 0 0)(0 0 -1.2958492e-14)))
(0.671 ((-1.0553504 0 0)(0 0 -1.2803622e-14)))
(0.672 ((-1.0571361 0 0)(0 0 -1.2803622e-14)))
(0.673 ((-1.0589218 0 0)(0 0 -1.2958492e-14)))
(0.674 ((-1.0607075 0 0)(0 0 -1.3153176e-14)))
(0.675 ((-1.0624932 0 0)(0 0 -1.2959718e-14)))
(0.676 ((-1.0642789 0 0)(0 0 -1.2798717e-14)))
(0.677 ((-1.0660646 0 0)(0 0 -1.2822017e-14)))
(0.678 ((-1.0678504 0 0)(0 0 -1.2815804e-14)))
(0.679 ((-1.0696361 0 0)(0 0 -1.2817357e-14)))
(0.68 ((-1.0714218 0 0)(0 0 -1.2817357e-14)))
(0.681 ((-1.0732075 0 0)(0 0 -1.2815804e-14)))
(0.682 ((-1.0749932 0 0)(0 0 -1.2822016e-14)))
(0.683 ((-1.0767789 0 0)(0 0 -1.2798718e-14)))
(0.684 ((-1.0785646 0 0)(0 0 -1.2959712e-14)))
(0.685 ((-1.0803504 0 0)(0 0 -1.3153198e-14)))
(0.686 ((-1.0821361 0 0)(0 0 -1.295841e-14)))
(0.687 ((-1.0839218 0 0)(0 0 -1.2803928e-14)))
(0.688 ((-1.0857075 0 0)(0 0 -1.2802481e-14)))
(0.689 ((-1.0874932 0 0)(0 0 -1.2962751e-14)))
(0.69 ((-1.0892789 0 0)(0 0 -1.3137282e-14)))
(0.691 ((-1.0910646 0 0)(0 0 -1.309305e-14)))
(0.692 ((-1.0928504 0 0)(0 0 -1.3243477e-14)))
(0.693 ((-1.0946361 0 0)(0 0 -1.3574181e-14)))
(0.694 ((-1.0964218 0 0)(0 0 -1.3729265e-14)))
(0.695 ((-1.0982075 0 0)(0 0 -1.3666402e-14)))
(0.696 ((-1.0999932 0 0)(0 0 -1.3984816e-14)))
(0.697 ((-1.1017789 0 0)(0 0 -1.4476364e-14)))
(0.698 ((-1.1035646 0 0)(0 0 -1.4708264e-14)))
(0.699 ((-1.1053504 0 0)(0 0 -1.5287517e-14)))
(0.7 ((-1.1071361 0 0)(0 0 -1.6365333e-14)))
(0.701 ((-1.1089218 0 0)(0 0 -1.7544037e-14)))
(0.702 ((-1.1107075 0 0)(0 0 -1.8856832e-14)))
(0.703 ((-1.1124932 0 0)(0 0 -2.0494568e-14)))
(0.704 ((-1.1142789 0 0)(0 0 -2.240079e-14)))
(0.705 ((-1.1160646 0 0)(0 0 -2.4758501e-14)))
(0.706 ((-1.1178504 0 0)(0 0 -2.7706305e-14)))
(0.707 ((-1.1196361 0 0)(0 0 -3.1394961e-14)))
(0.708 ((-1.1214218 0 0)(0 0 -3.5971009e-14)))
(0.709 ((-1.1232075 0 0)(0 0 -4.1585706e-14)))
(0.71 ((-1.1249932 0 0)(0 0 -4.8375667e-14)))
(0.711 ((-1.1267789 0 0)(0 0 -5.6605364e-14)))
(0.712 ((-1.1285646 0 0)(0 0 -6.6930665e-14)))
(0.713 ((-1.1303504 0 0)(0 0 -7.9794296e-14)))
(0.714 ((-1.1321361 0 0)(0 0 -9.5434023e-14)))
(0.715 ((-1.1339218 0 0)(0 0 -1.1445446e-13)))
(0.716 ((-1.1357075 0 0)(0 0 -1.377521e-13)))
(0.717 ((-1.1374932 0 0)(0 0 -1.663914e-13)))
(0.718 ((-1.1392789 0 0)(0 0 -2.0136126e-13)))
(0.719 ((-1.1410646 0 0)(0 0 -2.4400696e-13)))
(0.72 ((-1.1428504 0 0)(0 0 -2.9595203e-13)))
(0.721 ((-1.1446361 0 0)(0 0 -3.5920104e-13)))
(0.722 ((-1.1464218 0 0)(0 0 -4.3669476e-13)))
(0.723 ((-1.1482075 0 0)(0 0 -5.3124485e-13)))
(0.724 ((-1.1499932 0 0)(0 0 -6.4687153e-13)))
(0.725 ((-1.1517789 0 0)(0 0 -7.8858907e-13)))
(0.726 ((-1.1535646 0 0)(0 0 -9.6133403e-13)))
(0.727 ((-1.1553504 0 0)(0 0 -1.1722463e-12)))
(0.728 ((-1.1571361 0 0)(0 0 -1.4304622e-12)))
(0.729 ((-1.1589218 0 0)(0 0 -1.7461055e-12)))
(0.73 ((-1.1607075 0 0)(0 0 -2.1311994e-12)))
(0.731 ((-1.1624932 0 0)(0 0 -2.6010239e-12)))
(0.732 ((-1.1642789 0 0)(0 0 -3.1752501e-12)))
(0.733 ((-1.1660646 0 0)(0 0 -3.8768576e-12)))
(0.734 ((-1.1678504 0 0)(0 0 -4.7334047e-12)))
(0.735 ((-1.1696361 0 0)(0 0 -5.7797661e-12)))
(0.736 ((-1.1714218 0 0)(0 0 -7.057755e-12)))
(0.737 ((-1.1732075 0 0)(0 0 -8.6185227e-12)))
(0.738 ((-1.1749932 0 0)(0 0 -1.0525033e-11)))
(0.739 ((-1.1767789 0 0)(0 0 -1.2853606e-11)))
(0.74 ((-1.1785646 0 0)(0 0 -1.5697848e-11)))
(0.741 ((-1.1803504 0 0)(0 0 -1.9171825e-11)))
(0.742 ((-1.1821361 0 0)(0 0 -2.3414518e-11)))
(0.743 ((-1.1839218 0 0)(0 0 -2.8596751e-11)))
(0.744 ((-1.1857075 0 0)(0 0 -3.4926905e-11)))
(0.745 ((-1.1874932 0 0)(0 0 -4.2658657e-11)))
(0.746 ((-1.1892789 0 0)(0 0 -5.2101991e-11)))
(0.747 ((-1.1910646 0 0)(0 0 -6.3635721e-11)))
(0.748 ((-1.1928504 0 0)(0 0 -7.7723221e-11)))
(0.749 ((-1.1946361 0 0)(0 0 -9.4930018e-11)))
(0.75 ((-1.1964218 0 0)(0 0 -1.1594634e-10)))
(0.751 ((-1.1982075 0 0)(0 0 -1.4161575e-10)))
(0.752 ((-1.1999932 0 0)(0 0 -1.7296827e-10)))
(0.753 ((-1.2017789 0 0)(0 0 -2.1126247e-10)))
(0.754 ((-1.2035646 0 0)(0 0 -2.5803532e-10)))
(0.755 ((-1.2053504 0 0)(0 0 -3.151633e-10)))
(0.756 ((-1.2071361 0 0)(0 0 -3.8493955e-10)))
(0.757 ((-1.2089218 0 0)(0 0 -4.7016492e-10)))
(0.758 ((-1.2107075 0 0)(0 0 -5.7425913e-10)))
(0.759 ((-1.2124932 0 0)(0 0 -7.0139991e-10)))
(0.76 ((-1.2142789 0 0)(0 0 -8.5669026e-10)))
(0.761 ((-1.2160646 0 0)(0 0 -1.0463624e-09)))
(0.762 ((-1.2178504 0 0)(0 0 -1.2780284e-09)))
(0.763 ((-1.2196361 0 0)(0 0 -1.5609856e-09)))
(0.764 ((-1.2214218 0 0)(0 0 -1.9065906e-09)))
(0.765 ((-1.2232075 0 0)(0 0 -2.3287137e-09)))
(0.766 ((-1.2249932 0 0)(0 0 -2.8442958e-09)))
(0.767 ((-1.2267789 0 0)(0 0 -3.4740292e-09)))
(0.768 ((-1.2285646 0 0)(0 0 -4.2431872e-09)))
(0.769 ((-1.2303504 0 0)(0 0 -5.1826389e-09)))
(0.77 ((-1.2321361 0 0)(0 0 -6.330088e-09)))
(0.771 ((-1.2339218 0 0)(0 0 -7.7315854e-09)))
(0.772 ((-1.2357075 0 0)(0 0 -9.4433786e-09)))
(0.773 ((-1.2374932 0 0)(0 0 -1.1534167e-08)))
(0.774 ((-1.2392789 0 0)(0 0 -1.4087862e-08)))
(0.775 ((-1.2410646 0 0)(0 0 -1.7206952e-08)))
(0.776 ((-1.2428504 0 0)(0 0 -2.1016617e-08)))
(0.777 ((-1.2446361 0 0)(0 0 -2.5669752e-08)))
(0.778 ((-1.2464218 0 0)(0 0 -3.1353105e-08)))
(0.779 ((-1.2482075 0 0)(0 0 -3.8294767e-08)))
(0.78 ((-1.2499932 0 0)(0 0 -4.6773332e-08)))
(0.781 ((-1.2517789 0 0)(0 0 -5.7129075e-08)))
(0.782 ((-1.2535646 0 0)(0 0 -6.9777607e-08)))
(0.783 ((-1.2553504 0 0)(0 0 -8.5226559e-08)))
(0.784 ((-1.2571361 0 0)(0 0 -1.0409595e-07)))
(0.785 ((-1.2589218 0 0)(0 0 -1.2714308e-07)))
(0.786 ((-1.2607075 0 0)(0 0 -1.552929e-07)))
(0.787 ((-1.2624932 0 0)(0 0 -1.8967517e-07)))
(0.788 ((-1.2642789 0 0)(0 0 -2.3166977e-07)))
(0.789 ((-1.2660646 0 0)(0 0 -2.8296209e-07)))
(0.79 ((-1.2678504 0 0)(0 0 -3.4561066e-07)))
(0.791 ((-1.2696361 0 0)(0 0 -4.2212979e-07)))
(0.792 ((-1.2714218 0 0)(0 0 -5.1559046e-07)))
(0.793 ((-1.2732075 0 0)(0 0 -6.2974357e-07)))
(0.794 ((-1.2749932 0 0)(0 0 -7.6917046e-07)))
(0.795 ((-1.2767789 0 0)(0 0 -9.3946683e-07)))
(0.796 ((-1.2785646 0 0)(0 0 -1.1474672e-06)))
(0.797 ((-1.2803504 0 0)(0 0 -1.4015194e-06)))
(0.798 ((-1.2821361 0 0)(0 0 -1.7118194e-06)))
(0.799 ((-1.2839218 0 0)(0 0 -2.0908204e-06)))
(0.8 ((-1.2857075 0 0)(0 0 -2.5537331e-06)))
(0.801 ((-1.2874932 0 0)(0 0 -3.1191356e-06)))
(0.802 ((-1.2892789 0 0)(0 0 -3.8097192e-06)))
(0.803 ((-1.2910646 0 0)(0 0 -4.6531992e-06)))
(0.804 ((-1.2928504 0 0)(0 0 -5.6834268e-06)))
(0.805 ((-1.2946361 0 0)(0 0 -6.9417479e-06)))
(0.806 ((-1.2964218 0 0)(0 0 -8.4786622e-06)))
(0.807 ((-1.2982075 0 0)(0 0 -1.035585e-05)))
(0.808 ((-1.2999932 0 0)(0 0 -1.2648646e-05)))
(0.809 ((-1.3017789 0 0)(0 0 -1.5449065e-05)))
(0.81 ((-1.3035646 0 0)(0 0 -1.8869491e-05)))
(0.811 ((-1.3053503 0 0)(0 0 -2.3047191e-05)))
(0.812 ((-1.307136 0 0)(0 0 -2.8149816e-05)))
(0.813 ((-1.3089218 0 0)(0 0 -3.4382134e-05)))
(0.814 ((-1.3107075 0 0)(0 0 -4.199424e-05)))
(0.815 ((-1.3124932 0 0)(0 0 -5.1291593e-05)))
(0.816 ((-1.3142789 0 0)(0 0 -6.2647264e-05)))
(0.817 ((-1.3160646 0 0)(0 0 -7.6516901e-05)))
(0.818 ((-1.3178503 0 0)(0 0 -9.3457e-05)))
(0.819 ((-1.319636 0 0)(0 0 -0.00011414721)))
(0.82 ((-1.3214217 0 0)(0 0 -0.0001394176)))
(0.821 ((-1.3232074 0 0)(0 0 -0.00017028187)))
(0.822 ((-1.324993 0 0)(0 0 -0.00020797802)))
(0.823 ((-1.3267787 0 0)(0 0 -0.00025401787)))
(0.824 ((-1.3285644 0 0)(0 0 -0.00031024761)))
(0.825 ((-1.33035 0 0)(0 0 -0.0003789216)))
(0.826 ((-1.3321357 0 0)(0 0 -0.00046279249)))
(0.827 ((-1.3339213 0 0)(0 0 -0.00056522112)))
(0.828 ((-1.3357069 0 0)(0 0 -0.00069031057)))
(0.829 ((-1.3374925 0 0)(0 0 -0.0008430696)))
(0.83 ((-1.339278 0 0)(0 0 -0.0010296118)))
(0.831 ((-1.3410635 0 0)(0 0 -0.001257398)))
(0.832 ((-1.342849 0 0)(0 0 -0.001535532)))
(0.833 ((-1.3446344 0 0)(0 0 -0.0018751192)))
(0.834 ((-1.3464197 0 0)(0 0 -0.0022897037)))
(0.835 ((-1.348205 0 0)(0 0 -0.0027957978)))
(0.836 ((-1.3499902 0 0)(0 0 -0.0034135248)))
(0.837 ((-1.3517752 0 0)(0 0 -0.0041673962)))
(0.838 ((-1.3535601 0 0)(0 0 -0.0050872512)))
(0.839 ((-1.3553448 0 0)(0 0 -0.0062093877)))
(0.84 ((-1.3571293 0 0)(0 0 -0.0075779217)))
(0.841 ((-1.3589135 0 0)(0 0 -0.0092464131)))
(0.842 ((-1.3606974 0 0)(0 0 -0.011279803)))
(0.843 ((-1.3624809 0 0)(0 0 -0.013756706)))
(0.844 ((-1.3642639 0 0)(0 0 -0.016772108)))
(0.845 ((-1.3660463 0 0)(0 0 -0.02044051)))
(0.846 ((-1.3678281 0 0)(0 0 -0.024899552)))
(0.847 ((-1.3696089 0 0)(0 0 -0.030314136)))
(0.848 ((-1.3713888 0 0)(0 0 -0.03688103)))
(0.849 ((-1.3731674 0 0)(0 0 -0.044833908)))
(0.85 ((-1.3749445 0 0)(0 0 -0.054448696)))
(0.851 ((-1.3767198 0 0)(0 0 -0.066049033)))
(0.852 ((-1.378493 0 0)(0 0 -0.080011548)))
(0.853 ((-1.3802637 0 0)(0 0 -0.096770546)))
(0.854 ((-1.3820315 0 0)(0 0 -0.11682159)))
(0.855 ((-1.3837958 0 0)(0 0 -0.14072338)))
(0.856 ((-1.3855561 0 0)(0 0 -0.16909734)))
(0.857 ((-1.3873118 0 0)(0 0 -0.20262429)))
(0.858 ((-1.3890622 0 0)(0 0 -0.24203796)))
(0.859 ((-1.3908066 0 0)(0 0 -0.28811505)))
(0.86 ((-1.3925444 0 0)(0 0 -0.34166242)))
(0.861 ((-1.3942747 0 0)(0 0 -0.40350177)))
(0.862 ((-1.3959968 0 0)(0 0 -0.47445318)))
(0.863 ((-1.39771 0 0)(0 0 -0.55531848)))
(0.864 ((-1.3994136 0 0)(0 0 -0.64686583)))
(0.865 ((-1.4011069 0 0)(0 0 -0.74981651)))
(0.866 ((-1.4027894 0 0)(0 0 -0.86483454)))
(0.867 ((-1.4044605 0 0)(0 0 -0.99251953)))
(0.868 ((-1.4061196 0 0)(0 0 -1.1334025)))
(0.869 ((-1.4077663 0 0)(0 0 -1.2879445)))
(0.87 ((-1.4094002 0 0)(0 0 -1.4565372)))
(0.871 ((-1.4110211 0 0)(0 0 -1.6395046)))
(0.872 ((-1.4126286 0 0)(0 0 -1.8371064)))
(0.873 ((-1.4142224 0 0)(0 0 -2.0495404)))
(0.874 ((-1.4158024 0 0)(0 0 -2.2769459)))
(0.875 ((-1.4173683 0 0)(0 0 -2.5194052)))
(0.876 ((-1.4189201 0 0)(0 0 -2.7769458)))
(0.877 ((-1.4204576 0 0)(0 0 -3.0495403)))
(0.878 ((-1.4219806 0 0)(0 0 -3.3371062)))
(0.879 ((-1.4234892 0 0)(0 0 -3.6395044)))
(0.88 ((-1.4249833 0 0)(0 0 -3.9565369)))
(0.881 ((-1.4264627 0 0)(0 0 -4.2879442)))
(0.882 ((-1.4279275 0 0)(0 0 -4.633402)))
(0.883 ((-1.4293776 0 0)(0 0 -4.9925189)))
(0.884 ((-1.4308129 0 0)(0 0 -5.3648338)))
(0.885 ((-1.4322335 0 0)(0 0 -5.7498156)))
(0.886 ((-1.4336393 0 0)(0 0 -6.1468647)))
(0.887 ((-1.4350303 0 0)(0 0 -6.5553171)))
(0.888 ((-1.4364064 0 0)(0 0 -6.9744515)))
(0.889 ((-1.4377678 0 0)(0 0 -7.4034997)))
(0.89 ((-1.4391143 0 0)(0 0 -7.8416599)))
(0.891 ((-1.440446 0 0)(0 0 -8.2881119)))
(0.892 ((-1.4417628 0 0)(0 0 -8.7420342)))
(0.893 ((-1.4430648 0 0)(0 0 -9.2026196)))
(0.894 ((-1.4443519 0 0)(0 0 -9.6690917)))
(0.895 ((-1.4456242 0 0)(0 0 -10.140716)))
(0.896 ((-1.4468815 0 0)(0 0 -10.616813)))
(0.897 ((-1.448124 0 0)(0 0 -11.09676)))
(0.898 ((-1.4493517 0 0)(0 0 -11.579999)))
(0.899 ((-1.4505645 0 0)(0 0 -12.066034)))
(0.9 ((-1.4517623 0 0)(0 0 -12.55443)))
(0.901 ((-1.4529454 0 0)(0 0 -13.044811)))
(0.902 ((-1.4541135 0 0)(0 0 -13.536853)))
(0.903 ((-1.4552667 0 0)(0 0 -14.03028)))
(0.904 ((-1.4564051 0 0)(0 0 -14.524858)))
(0.905 ((-1.4575286 0 0)(0 0 -15.020389)))
(0.906 ((-1.4586373 0 0)(0 0 -15.516709)))
(0.907 ((-1.459731 0 0)(0 0 -16.01368)))
(0.908 ((-1.4608099 0 0)(0 0 -16.511186)))
(0.909 ((-1.4618738 0 0)(0 0 -17.009132)))
(0.91 ((-1.4629229 0 0)(0 0 -17.507439)))
(0.911 ((-1.4639572 0 0)(0 0 -18.006039)))
(0.912 ((-1.4649765 0 0)(0 0 -18.504879)))
(0.913 ((-1.465981 0 0)(0 0 -19.003913)))
(0.914 ((-1.4669706 0 0)(0 0 -19.503103)))
(0.915 ((-1.4679453 0 0)(0 0 -20.002417)))
(0.916 ((-1.4689051 0 0)(0 0 -20.501827)))
(0.917 ((-1.46985 0 0)(0 0 -21.00131)))
(0.918 ((-1.4707801 0 0)(0 0 -21.500845)))
(0.919 ((-1.4716953 0 0)(0 0 -22.000414)))
(0.92 ((-1.4725956 0 0)(0 0 -22.5)))
(0.921 ((-1.473481 0 0)(0 0 -22.999586)))
(0.922 ((-1.4743515 0 0)(0 0 -23.499155)))
(0.923 ((-1.4752072 0 0)(0 0 -23.99869)))
(0.924 ((-1.4760479 0 0)(0 0 -24.498173)))
(0.925 ((-1.4768738 0 0)(0 0 -24.997583)))
(0.926 ((-1.4776848 0 0)(0 0 -25.496897)))
(0.927 ((-1.478481 0 0)(0 0 -25.996087)))
(0.928 ((-1.4792622 0 0)(0 0 -26.495121)))
(0.929 ((-1.4800286 0 0)(0 0 -26.993961)))
(0.93 ((-1.4807801 0 0)(0 0 -27.492561)))
(0.931 ((-1.4815167 0 0)(0 0 -27.990868)))
(0.932 ((-1.4822384 0 0)(0 0 -28.488814)))
(0.933 ((-1.4829453 0 0)(0 0 -28.98632)))
(0.934 ((-1.4836373 0 0)(0 0 -29.483291)))
(0.935 ((-1.4843143 0 0)(0 0 -29.979611)))
(0.936 ((-1.4849766 0 0)(0 0 -30.475142)))
(0.937 ((-1.4856239 0 0)(0 0 -30.96972)))
(0.938 ((-1.4862563 0 0)(0 0 -31.463147)))
(0.939 ((-1.4868739 0 0)(0 0 -31.955189)))
(0.94 ((-1.4874766 0 0)(0 0 -32.44557)))
(0.941 ((-1.4880645 0 0)(0 0 -32.933966)))
(0.942 ((-1.4886374 0 0)(0 0 -33.420001)))
(0.943 ((-1.4891955 0 0)(0 0 -33.90324)))
(0.944 ((-1.4897387 0 0)(0 0 -34.383187)))
(0.945 ((-1.490267 0 0)(0 0 -34.859284)))
(0.946 ((-1.4907805 0 0)(0 0 -35.330908)))
(0.947 ((-1.4912791 0 0)(0 0 -35.79738)))
(0.948 ((-1.4917628 0 0)(0 0 -36.257966)))
(0.949 ((-1.4922317 0 0)(0 0 -36.711888)))
(0.95 ((-1.4926858 0 0)(0 0 -37.15834)))
(0.951 ((-1.4931249 0 0)(0 0 -37.5965)))
(0.952 ((-1.4935493 0 0)(0 0 -38.025549)))
(0.953 ((-1.4939588 0 0)(0 0 -38.444683)))
(0.954 ((-1.4943536 0 0)(0 0 -38.853135)))
(0.955 ((-1.4947335 0 0)(0 0 -39.250184)))
(0.956 ((-1.4950986 0 0)(0 0 -39.635166)))
(0.957 ((-1.495449 0 0)(0 0 -40.007481)))
(0.958 ((-1.4957846 0 0)(0 0 -40.366598)))
(0.959 ((-1.4961056 0 0)(0 0 -40.712056)))
(0.96 ((-1.4964119 0 0)(0 0 -41.043463)))
(0.961 ((-1.4967035 0 0)(0 0 -41.360496)))
(0.962 ((-1.4969806 0 0)(0 0 -41.662894)))
(0.963 ((-1.4972433 0 0)(0 0 -41.95046)))
(0.964 ((-1.4974915 0 0)(0 0 -42.223054)))
(0.965 ((-1.4977255 0 0)(0 0 -42.480595)))
(0.966 ((-1.4979452 0 0)(0 0 -42.723054)))
(0.967 ((-1.498151 0 0)(0 0 -42.95046)))
(0.968 ((-1.4983428 0 0)(0 0 -43.162894)))
(0.969 ((-1.4985211 0 0)(0 0 -43.360495)))
(0.97 ((-1.498686 0 0)(0 0 -43.543463)))
(0.971 ((-1.4988377 0 0)(0 0 -43.712055)))
(0.972 ((-1.4989767 0 0)(0 0 -43.866597)))
(0.973 ((-1.4991033 0 0)(0 0 -44.00748)))
(0.974 ((-1.499218 0 0)(0 0 -44.135165)))
(0.975 ((-1.4993212 0 0)(0 0 -44.250183)))
(0.976 ((-1.4994136 0 0)(0 0 -44.353134)))
(0.977 ((-1.4994957 0 0)(0 0 -44.444682)))
(0.978 ((-1.4995682 0 0)(0 0 -44.525547)))
(0.979 ((-1.4996318 0 0)(0 0 -44.596498)))
(0.98 ((-1.4996872 0 0)(0 0 -44.658338)))
(0.981 ((-1.4997352 0 0)(0 0 -44.711885)))
(0.982 ((-1.4997765 0 0)(0 0 -44.757962)))
(0.983 ((-1.4998118 0 0)(0 0 -44.797376)))
(0.984 ((-1.4998418 0 0)(0 0 -44.830903)))
(0.985 ((-1.4998672 0 0)(0 0 -44.859277)))
(0.986 ((-1.4998886 0 0)(0 0 -44.883178)))
(0.987 ((-1.4999066 0 0)(0 0 -44.903229)))
(0.988 ((-1.4999216 0 0)(0 0 -44.919988)))
(0.989 ((-1.4999341 0 0)(0 0 -44.933951)))
(0.99 ((-1.4999445 0 0)(0 0 -44.945551)))
(0.991 ((-1.4999531 0 0)(0 0 -44.955166)))
(0.992 ((-1.4999602 0 0)(0 0 -44.963119)))
(0.993 ((-1.4999661 0 0)(0 0 -44.969686)))
(0.994 ((-1.4999709 0 0)(0 0 -44.9751)))
(0.995 ((-1.4999749 0 0)(0 0 -44.979559)))
(0.996 ((-1.4999782 0 0)(0 0 -44.983228)))
(0.997 ((-1.4999809 0 0)(0 0 -44.986243)))
(0.998 ((-1.4999831 0 0)(0 0 -44.98872)))
(0.999 ((-1.4999849 0 0)(0 0 -44.990754)))
(1 ((-1.4999864 0 0)(0 0 -44.992422)))
(1.001 ((-1.4999877 0 0)(0 0 -44.993791)))
(1.002 ((-1.4999887 0 0)(0 0 -44.994913)))
(1.003 ((-1.4999895 0 0)(0 0 -44.995833)))
(1.004 ((-1.4999902 0 0)(0 0 -44.996586)))
(1.005 ((-1.4999907 0 0)(0 0 -44.997204)))
(1.006 ((-1.4999912 0 0)(0 0 -44.99771)))
(1.007 ((-1.4999915 0 0)(0 0 -44.998125)))
(1.008 ((-1.4999918 0 0)(0 0 -44.998464)))
(1.009 ((-1.4999921 0 0)(0 0 -44.998743)))
(1.01 ((-1.4999923 0 0)(0 0 -44.99897)))
(1.011 ((-1.4999925 0 0)(0 0 -44.999157)))
(1.012 ((-1.4999926 0 0)(0 0 -44.99931)))
(1.013 ((-1.4999927 0 0)(0 0 -44.999435)))
(1.014 ((-1.4999928 0 0)(0 0 -44.999537)))
(1.015 ((-1.4999929 0 0)(0 0 -44.999621)))
(1.016 ((-1.4999929 0 0)(0 0 -44.99969)))
(1.017 ((-1.499993 0 0)(0 0 -44.999746)))
(1.018 ((-1.499993 0 0)(0 0 -44.999792)))
(1.019 ((-1.4999931 0 0)(0 0 -44.99983)))
(1.02 ((-1.4999931 0 0)(0 0 -44.999861)))
(1.021 ((-1.4999931 0 0)(0 0 -44.999886)))
(1.022 ((-1.4999931 0 0)(0 0 -44.999907)))
(1.023 ((-1.4999931 0 0)(0 0 -44.999923)))
(1.024 ((-1.4999932 0 0)(0 0 -44.999937)))
(1.025 ((-1.4999932 0 0)(0 0 -44.999949)))
(1.026 ((-1.4999932 0 0)(0 0 -44.999958)))
(1.027 ((-1.4999932 0 0)(0 0 -44.999966)))
(1.028 ((-1.4999932 0 0)(0 0 -44.999972)))
(1.029 ((-1.4999932 0 0)(0 0 -44.999977)))
(1.03 ((-1.4999932 0 0)(0 0 -44.999981)))
(1.031 ((-1.4999932 0 0)(0 0 -44.999985)))
(1.032 ((-1.4999932 0 0)(0 0 -44.999987)))
(1.033 ((-1.4999932 0 0)(0 0 -44.99999)))
(1.034 ((-1.4999932 0 0)(0 0 -44.999992)))
(1.035 ((-1.4999932 0 0)(0 0 -44.999993)))
(1.036 ((-1.4999932 0 0)(0 0 -44.999994)))
(1.037 ((-1.4999932 0 0)(0 0 -44.999995)))
(1.038 ((-1.4999932 0 0)(0 0 -44.999996)))
(1.039 ((-1.4999932 0 0)(0 0 -44.999997)))
(1.04 ((-1.4999932 0 0)(0 0 -44.999997)))
(1.041 ((-1.4999932 0 0)(0 0 -44.999998)))
(1.042 ((-1.4999932 0 0)(0 0 -44.999998)))
(1.043 ((-1.4999932 0 0)(0 0 -44.999999)))
(1.044 ((-1.4999932 0 0)(0 0 -44.999999)))
(1.045 ((-1.4999932 0 0)(0 0 -44.999999)))
(1.046 ((-1.4999932 0 0)(0 0 -44.999999)))
(1.047 ((-1.4999932 0 0)(0 0 -44.999999)))
(1.048 ((-1.4999932 0 0)(0 0 -44.999999)))
(1.049 ((-1.4999932 0 0)(0 0 -45)))
(1.05 ((-1.4999932 0 0)(0 0 -45)))
(1.051 ((-1.4999932 0 0)(0 0 -45)))
(1.052 ((-1.4999932 0 0)(0 0 -45)))
(1.053 ((-1.4999932 0 0)(0 0 -45)))
(1.054 ((-1.4999932 0 0)(0 0 -45)))
(1.055 ((-1.4999932 0 0)(0 0 -45)))
(1.056 ((-1.4999932 0 0)(0 0 -45)))
(1.057 ((-1.4999932 0 0)(0 0 -45)))
(1.058 ((-1.4999932 0 0)(0 0 -45)))
(1.059 ((-1.4999932 0 0)(0 0 -45)))
(1.06 ((-1.4999932 0 0)(0 0 -45)))
(1.061 ((-1.4999932 0 0)(0 0 -45)))
(1.062 ((-1.4999932 0 0)(0 0 -45)))
(1.063 ((-1.4999932 0 0)(0 0 -45)))
(1.064 ((-1.4999932 0 0)(0 0 -45)))
(1.065 ((-1.4999932 0 0)(0 0 -45)))
(1.066 ((-1.4999932 0 0)(0 0 -45)))
(1.067 ((-1.4999932 0 0)(0 0 -45)))
(1.068 ((-1.4999932 0 0)(0 0 -45)))
(1.069 ((-1.4999932 0 0)(0 0 -45)))
(1.07 ((-1.4999932 0 0)(0 0 -45)))
(1.071 ((-1.4999932 0 0)(0 0 -45)))
(1.072 ((-1.4999932 0 0)(0 0 -45)))
(1.073 ((-1.4999932 0 0)(0 0 -45)))
(1.074 ((-1.4999932 0 0)(0 0 -45)))
(1.075 ((-1.4999932 0 0)(0 0 -45)))
(1.076 ((-1.4999932 0 0)(0 0 -45)))
(1.077 ((-1.4999932 0 0)(0 0 -45)))
(1.078 ((-1.4999932 0 0)(0 0 -45)))
(1.079 ((-1.4999932 0 0)(0 0 -45)))
(1.08 ((-1.4999932 0 0)(0 0 -45)))
(1.081 ((-1.4999932 0 0)(0 0 -45)))
(1.082 ((-1.4999932 0 0)(0 0 -45)))
(1.083 ((-1.4999932 0 0)(0 0 -45)))
(1.084 ((-1.4999932 0 0)(0 0 -45)))
(1.085 ((-1.4999932 0 0)(0 0 -45)))
(1.086 ((-1.4999932 0 0)(0 0 -45)))
(1.087 ((-1.4999932 0 0)(0 0 -45)))
(1.088 ((-1.4999932 0 0)(0 0 -45)))
(1.089 ((-1.4999932 0 0)(0 0 -45)))
(1.09 ((-1.4999932 0 0)(0 0 -45)))
(1.091 ((-1.4999932 0 0)(0 0 -45)))
(1.092 ((-1.4999932 0 0)(0 0 -45)))
(1.093 ((-1.4999932 0 0)(0 0 -45)))
(1.094 ((-1.4999932 0 0)(0 0 -45)))
(1.095 ((-1.4999932 0 0)(0 0 -45)))
(1.096 ((-1.4999932 0 0)(0 0 -45)))
(1.097 ((-1.4999932 0 0)(0 0 -45)))
(1.098 ((-1.4999932 0 0)(0 0 -45)))
(1.099 ((-1.4999932 0 0)(0 0 -45)))
(1.1 ((-1.4999932 0 0)(0 0 -45)))
(1.101 ((-1.4999932 0 0)(0 0 -45)))
(1.102 ((-1.4999932 0 0)(0 0 -45)))
(1.103 ((-1.4999932 0 0)(0 0 -45)))
(1.104 ((-1.4999932 0 0)(0 0 -45)))
(1.105 ((-1.4999932 0 0)(0 0 -45)))
(1.106 ((-1.4999932 0 0)(0 0 -45)))
(1.107 ((-1.4999932 0 0)(0 0 -45)))
(1.108 ((-1.4999932 0 0)(0 0 -45)))
(1.109 ((-1.4999932 0 0)(0 0 -45)))
(1.11 ((-1.4999932 0 0)(0 0 -45)))
(1.111 ((-1.4999932 0 0)(0 0 -45)))
(1.112 ((-1.4999932 0 0)(0 0 -45)))
(1.113 ((-1.4999932 0 0)(0 0 -45)))
(1.114 ((-1.4999932 0 0)(0 0 -45)))
(1.115 ((-1.4999932 0 0)(0 0 -45)))
(1.116 ((-1.4999932 0 0)(0 0 -45)))
(1.117 ((-1.4999932 0 0)(0 0 -45)))
(1.118 ((-1.4999932 0 0)(0 0 -45)))
(1.119 ((-1.4999932 0 0)(0 0 -45)))
(1.12 ((-1.4999932 0 0)(0 0 -45)))
(1.121 ((-1.4999932 0 0)(0 0 -45)))
(1.122 ((-1.4999932 0 0)(0 0 -45)))
(1.123 ((-1.4999932 0 0)(0 0 -45)))
(1.124 ((-1.4999932 0 0)(0 0 -45)))
(1.125 ((-1.4999932 0 0)(0 0 -45)))
(1.126 ((-1.4999932 0 0)(0 0 -45)))
(1.127 ((-1.4999932 0 0)(0 0 -45)))
(1.128 ((-1.4999932 0 0)(0 0 -45)))
(1.129 ((-1.4999932 0 0)(0 0 -45)))
(1.13 ((-1.4999932 0 0)(0 0 -45)))
(1.131 ((-1.4999932 0 0)(0 0 -45)))
(1.132 ((-1.4999932 0 0)(0 0 -45)))
(1.133 ((-1.4999932 0 0)(0 0 -45)))
(1.134 ((-1.4999932 0 0)(0 0 -45)))
(1.135 ((-1.4999932 0 0)(0 0 -45)))
(1.136 ((-1.4999932 0 0)(0 0 -45)))
(1.137 ((-1.4999932 0 0)(0 0 -45)))
(1.138 ((-1.4999932 0 0)(0 0 -45)))
(1.139 ((-1.4999932 0 0)(0 0 -45)))
(1.14 ((-1.4999932 0 0)(0 0 -45)))
(1.141 ((-1.4999932 0 0)(0 0 -45)))
(1.142 ((-1.4999932 0 0)(0 0 -45)))
(1.143 ((-1.4999932 0 0)(0 0 -45)))
(1.144 ((-1.4999932 0 0)(0 0 -45)))
(1.145 ((-1.4999932 0 0)(0 0 -45)))
(1.146 ((-1.4999932 0 0)(0 0 -45)))
(1.147 ((-1.4999932 0 0)(0 0 -45)))
(1.148 ((-1.4999932 0 0)(0 0 -45)))
(1.149 ((-1.4999932 0 0)(0 0 -45)))
(1.15 ((-1.4999932 0 0)(0 0 -45)))
(1.151 ((-1.4999932 0 0)(0 0 -45)))
(1.152 ((-1.4999932 0 0)(0 0 -45)))
(1.153 ((-1.4999932 0 0)(0 0 -45)))
(1.154 ((-1.4999932 0 0)(0 0 -45)))
(1.155 ((-1.4999932 0 0)(0 0 -45)))
(1.156 ((-1.4999932 0 0)(0 0 -45)))
(1.157 ((-1.4999932 0 0)(0 0 -45)))
(1.158 ((-1.4999932 0 0)(0 0 -45)))
(1.159 ((-1.4999932 0 0)(0 0 -45)))
(1.16 ((-1.4999932 0 0)(0 0 -45)))
(1.161 ((-1.4999932 0 0)(0 0 -45)))
(1.162 ((-1.4999932 0 0)(0 0 -45)))
(1.163 ((-1.4999932 0 0)(0 0 -45)))
(1.164 ((-1.4999932 0 0)(0 0 -45)))
(1.165 ((-1.4999932 0 0)(0 0 -45)))
(1.166 ((-1.4999932 0 0)(0 0 -45)))
(1.167 ((-1.4999932 0 0)(0 0 -45)))
(1.168 ((-1.4999932 0 0)(0 0 -45)))
(1.169 ((-1.4999932 0 0)(0 0 -45)))
(1.17 ((-1.4999932 0 0)(0 0 -45)))
(1.171 ((-1.4999932 0 0)(0 0 -45)))
(1.172 ((-1.4999932 0 0)(0 0 -45)))
(1.173 ((-1.4999932 0 0)(0 0 -45)))
(1.174 ((-1.4999932 0 0)(0 0 -45)))
(1.175 ((-1.4999932 0 0)(0 0 -45)))
(1.176 ((-1.4999932 0 0)(0 0 -45)))
(1.177 ((-1.4999932 0 0)(0 0 -45)))
(1.178 ((-1.4999932 0 0)(0 0 -45)))
(1.179 ((-1.4999932 0 0)(0 0 -45)))
(1.18 ((-1.4999932 0 0)(0 0 -45)))
(1.181 ((-1.4999932 0 0)(0 0 -45)))
(1.182 ((-1.4999932 0 0)(0 0 -45)))
(1.183 ((-1.4999932 0 0)(0 0 -45)))
(1.184 ((-1.4999932 0 0)(0 0 -45)))
(1.185 ((-1.4999932 0 0)(0 0 -45)))
(1.186 ((-1.4999932 0 0)(0 0 -45)))
(1.187 ((-1.4999932 0 0)(0 0 -45)))
(1.188 ((-1.4999932 0 0)(0 0 -45)))
(1.189 ((-1.4999932 0 0)(0 0 -45)))
(1.19 ((-1.4999932 0 0)(0 0 -45)))
(1.191 ((-1.4999932 0 0)(0 0 -45)))
(1.192 ((-1.4999932 0 0)(0 0 -45)))
(1.193 ((-1.4999932 0 0)(0 0 -45)))
(1.194 ((-1.4999932 0 0)(0 0 -45)))
(1.195 ((-1.4999932 0 0)(0 0 -45)))
(1.196 ((-1.4999932 0 0)(0 0 -45)))
(1.197 ((-1.4999932 0 0)(0 0 -45)))
(1.198 ((-1.4999932 0 0)(0 0 -45)))
(1.199 ((-1.4999932 0 0)(0 0 -45)))
(1.2 ((-1.4999932 0 0)(0 0 -45)))
(1.201 ((-1.4999932 0 0)(0 0 -45)))
(1.202 ((-1.4999932 0 0)(0 0 -45)))
(1.203 ((-1.4999932 0 0)(0 0 -45)))
(1.204 ((-1.4999932 0 0)(0 0 -45)))
(1.205 ((-1.4999932 0 0)(0 0 -45)))
(1.206 ((-1.4999932 0 0)(0 0 -45)))
(1.207 ((-1.4999932 0 0)(0 0 -45)))
(1.208 ((-1.4999932 0 0)(0 0 -45)))
(1.209 ((-1.4999932 0 0)(0 0 -45)))
(1.21 ((-1.4999932 0 0)(0 0 -45)))
(1.211 ((-1.4999932 0 0)(0 0 -45)))
(1.212 ((-1.4999932 0 0)(0 0 -45)))
(1.213 ((-1.4999932 0 0)(0 0 -45)))
(1.214 ((-1.4999932 0 0)(0 0 -45)))
(1.215 ((-1.4999932 0 0)(0 0 -45)))
(1.216 ((-1.4999932 0 0)(0 0 -45)))
(1.217 ((-1.4999932 0 0)(0 0 -45)))
(1.218 ((-1.4999932 0 0)(0 0 -45)))
(1.219 ((-1.4999932 0 0)(0 0 -45)))
(1.22 ((-1.4999932 0 0)(0 0 -45)))
(1.221 ((-1.4999932 0 0)(0 0 -45)))
(1.222 ((-1.4999932 0 0)(0 0 -45)))
(1.223 ((-1.4999932 0 0)(0 0 -45)))
(1.224 ((-1.4999932 0 0)(0 0 -45)))
(1.225 ((-1.4999932 0 0)(0 0 -45)))
(1.226 ((-1.4999932 0 0)(0 0 -45)))
(1.227 ((-1.4999932 0 0)(0 0 -45)))
(1.228 ((-1.4999932 0 0)(0 0 -45)))
(1.229 ((-1.4999932 0 0)(0 0 -45)))
(1.23 ((-1.4999932 0 0)(0 0 -45)))
(1.231 ((-1.4999932 0 0)(0 0 -45)))
(1.232 ((-1.4999932 0 0)(0 0 -45)))
(1.233 ((-1.4999932 0 0)(0 0 -45)))
(1.234 ((-1.4999932 0 0)(0 0 -45)))
(1.235 ((-1.4999932 0 0)(0 0 -45)))
(1.236 ((-1.4999932 0 0)(0 0 -45)))
(1.237 ((-1.4999932 0 0)(0 0 -45)))
(1.238 ((-1.4999932 0 0)(0 0 -45)))
(1.239 ((-1.4999932 0 0)(0 0 -45)))
(1.24 ((-1.4999932 0 0)(0 0 -45)))
(1.241 ((-1.4999932 0 0)(0 0 -45)))
(1.242 ((-1.4999932 0 0)(0 0 -45)))
(1.243 ((-1.4999932 0 0)(0 0 -45)))
(1.244 ((-1.4999932 0 0)(0 0 -45)))
(1.245 ((-1.4999932 0 0)(0 0 -45)))
(1.246 ((-1.4999932 0 0)(0 0 -45)))
(1.247 ((-1.4999932 0 0)(0 0 -45)))
(1.248 ((-1.4999932 0 0)(0 0 -45)))
(1.249 ((-1.4999932 0 0)(0 0 -45)))
(1.25 ((-1.4999932 0 0)(0 0 -45)))
(1.251 ((-1.4999932 0 0)(0 0 -45)))
(1.252 ((-1.4999932 0 0)(0 0 -45)))
(1.253 ((-1.4999932 0 0)(0 0 -45)))
(1.254 ((-1.4999932 0 0)(0 0 -45)))
(1.255 ((-1.4999932 0 0)(0 0 -45)))
(1.256 ((-1.4999932 0 0)(0 0 -45)))
(1.257 ((-1.4999932 0 0)(0 0 -45)))
(1.258 ((-1.4999932 0 0)(0 0 -45)))
(1.259 ((-1.4999932 0 0)(0 0 -45)))
(1.26 ((-1.4999932 0 0)(0 0 -45)))
(1.261 ((-1.4999932 0 0)(0 0 -45)))
(1.262 ((-1.4999932 0 0)(0 0 -45)))
(1.263 ((-1.4999932 0 0)(0 0 -45)))
(1.264 ((-1.4999932 0 0)(0 0 -45)))
(1.265 ((-1.4999932 0 0)(0 0 -45)))
(1.266 ((-1.4999932 0 0)(0 0 -45)))
(1.267 ((-1.4999932 0 0)(0 0 -45)))
(1.268 ((-1.4999932 0 0)(0 0 -45)))
(1.269 ((-1.4999932 0 0)(0 0 -45)))
(1.27 ((-1.4999932 0 0)(0 0 -45)))
(1.271 ((-1.4999932 0 0)(0 0 -45)))
(1.272 ((-1.4999932 0 0)(0 0 -45)))
(1.273 ((-1.4999932 0 0)(0 0 -45)))
(1.274 ((-1.4999932 0 0)(0 0 -45)))
(1.275 ((-1.4999932 0 0)(0 0 -45)))
(1.276 ((-1.4999932 0 0)(0 0 -45)))
(1.277 ((-1.4999932 0 0)(0 0 -45)))
(1.278 ((-1.4999932 0 0)(0 0 -45)))
(1.279 ((-1.4999932 0 0)(0 0 -45)))
(1.28 ((-1.4999932 0 0)(0 0 -45)))
(1.281 ((-1.4999932 0 0)(0 0 -45)))
(1.282 ((-1.4999932 0 0)(0 0 -45)))
(1.283 ((-1.4999932 0 0)(0 0 -45)))
(1.284 ((-1.4999932 0 0)(0 0 -45)))
(1.285 ((-1.4999932 0 0)(0 0 -45)))
(1.286 ((-1.4999932 0 0)(0 0 -45)))
(1.287 ((-1.4999932 0 0)(0 0 -45)))
(1.288 ((-1.4999932 0 0)(0 0 -45)))
(1.289 ((-1.4999932 0 0)(0 0 -45)))
(1.29 ((-1.4999932 0 0)(0 0 -45)))
(1.291 ((-1.4999932 0 0)(0 0 -45)))
(1.292 ((-1.4999932 0 0)(0 0 -45)))
(1.293 ((-1.4999932 0 0)(0 0 -45)))
(1.294 ((-1.4999932 0 0)(0 0 -45)))
(1.295 ((-1.4999932 0 0)(0 0 -45)))
(1.296 ((-1.4999932 0 0)(0 0 -45)))
(1.297 ((-1.4999932 0 0)(0 0 -45)))
(1.298 ((-1.4999932 0 0)(0 0 -45)))
(1.299 ((-1.4999932 0 0)(0 0 -45)))
(1.3 ((-1.4999932 0 0)(0 0 -45)))
(1.301 ((-1.4999932 0 0)(0 0 -45)))
(1.302 ((-1.4999932 0 0)(0 0 -45)))
(1.303 ((-1.4999932 0 0)(0 0 -45)))
(1.304 ((-1.4999932 0 0)(0 0 -45)))
(1.305 ((-1.4999932 0 0)(0 0 -45)))
(1.306 ((-1.4999932 0 0)(0 0 -45)))
(1.307 ((-1.4999932 0 0)(0 0 -45)))
(1.308 ((-1.4999932 0 0)(0 0 -45)))
(1.309 ((-1.4999932 0 0)(0 0 -45)))
(1.31 ((-1.4999932 0 0)(0 0 -45)))
(1.311 ((-1.4999932 0 0)(0 0 -45)))
(1.312 ((-1.4999932 0 0)(0 0 -45)))
(1.313 ((-1.4999932 0 0)(0 0 -45)))
(1.314 ((-1.4999932 0 0)(0 0 -45)))
(1.315 ((-1.4999932 0 0)(0 0 -45)))
(1.316 ((-1.4999932 0 0)(0 0 -45)))
(1.317 ((-1.4999932 0 0)(0 0 -45)))
(1.318 ((-1.4999932 0 0)(0 0 -45)))
(1.319 ((-1.4999932 0 0)(0 0 -45)))
(1.32 ((-1.4999932 0 0)(0 0 -45)))
(1.321 ((-1.4999932 0 0)(0 0 -45)))
(1.322 ((-1.4999932 0 0)(0 0 -45)))
(1.323 ((-1.4999932 0 0)(0 0 -45)))
(1.324 ((-1.4999932 0 0)(0 0 -45)))
(1.325 ((-1.4999932 0 0)(0 0 -45)))
(1.326 ((-1.4999932 0 0)(0 0 -45)))
(1.327 ((-1.4999932 0 0)(0 0 -45)))
(1.328 ((-1.4999932 0 0)(0 0 -45)))
(1.329 ((-1.4999932 0 0)(0 0 -45)))
(1.33 ((-1.4999932 0 0)(0 0 -45)))
(1.331 ((-1.4999932 0 0)(0 0 -45)))
(1.332 ((-1.4999932 0 0)(0 0 -45)))
(1.333 ((-1.4999932 0 0)(0 0 -45)))
(1.334 ((-1.4999932 0 0)(0 0 -45)))
(1.335 ((-1.4999932 0 0)(0 0 -45)))
(1.336 ((-1.4999932 0 0)(0 0 -45)))
(1.337 ((-1.4999932 0 0)(0 0 -45)))
(1.338 ((-1.4999932 0 0)(0 0 -45)))
(1.339 ((-1.4999932 0 0)(0 0 -45)))
(1.34 ((-1.4999932 0 0)(0 0 -45)))
(1.341 ((-1.4999932 0 0)(0 0 -45)))
(1.342 ((-1.4999932 0 0)(0 0 -45)))
(1.343 ((-1.4999932 0 0)(0 0 -45)))
(1.344 ((-1.4999932 0 0)(0 0 -45)))
(1.345 ((-1.4999932 0 0)(0 0 -45)))
(1.346 ((-1.4999932 0 0)(0 0 -45)))
(1.347 ((-1.4999932 0 0)(0 0 -45)))
(1.348 ((-1.4999932 0 0)(0 0 -45)))
(1.349 ((-1.4999932 0 0)(0 0 -45)))
(1.35 ((-1.4999932 0 0)(0 0 -45)))
(1.351 ((-1.4999932 0 0)(0 0 -45)))
(1.352 ((-1.4999932 0 0)(0 0 -45)))
(1.353 ((-1.4999932 0 0)(0 0 -45)))
(1.354 ((-1.4999932 0 0)(0 0 -45)))
(1.355 ((-1.4999932 0 0)(0 0 -45)))
(1.356 ((-1.4999932 0 0)(0 0 -45)))
(1.357 ((-1.4999932 0 0)(0 0 -45)))
(1.358 ((-1.4999932 0 0)(0 0 -45)))
(1.359 ((-1.4999932 0 0)(0 0 -45)))
(1.36 ((-1.4999932 0 0)(0 0 -45)))
(1.361 ((-1.4999932 0 0)(0 0 -45)))
(1.362 ((-1.4999932 0 0)(0 0 -45)))
(1.363 ((-1.4999932 0 0)(0 0 -45)))
(1.364 ((-1.4999932 0 0)(0 0 -45)))
(1.365 ((-1.4999932 0 0)(0 0 -45)))
(1.366 ((-1.4999932 0 0)(0 0 -45)))
(1.367 ((-1.4999932 0 0)(0 0 -45)))
(1.368 ((-1.4999932 0 0)(0 0 -45)))
(1.369 ((-1.4999932 0 0)(0 0 -45)))
(1.37 ((-1.4999932 0 0)(0 0 -45)))
(1.371 ((-1.4999932 0 0)(0 0 -45)))
(1.372 ((-1.4999932 0 0)(0 0 -45)))
(1.373 ((-1.4999932 0 0)(0 0 -45)))
(1.374 ((-1.4999932 0 0)(0 0 -45)))
(1.375 ((-1.4999932 0 0)(0 0 -45)))
(1.376 ((-1.4999932 0 0)(0 0 -45)))
(1.377 ((-1.4999932 0 0)(0 0 -45)))
(1.378 ((-1.4999932 0 0)(0 0 -45)))
(1.379 ((-1.4999932 0 0)(0 0 -45)))
(1.38 ((-1.4999932 0 0)(0 0 -45)))
(1.381 ((-1.4999932 0 0)(0 0 -45)))
(1.382 ((-1.4999932 0 0)(0 0 -45)))
(1.383 ((-1.4999932 0 0)(0 0 -45)))
(1.384 ((-1.4999932 0 0)(0 0 -45)))
(1.385 ((-1.4999932 0 0)(0 0 -45)))
(1.386 ((-1.4999932 0 0)(0 0 -45)))
(1.387 ((-1.4999932 0 0)(0 0 -45)))
(1.388 ((-1.4999932 0 0)(0 0 -45)))
(1.389 ((-1.4999932 0 0)(0 0 -45)))
(1.39 ((-1.4999932 0 0)(0 0 -45)))
(1.391 ((-1.4999932 0 0)(0 0 -45)))
(1.392 ((-1.4999932 0 0)(0 0 -45)))
(1.393 ((-1.4999932 0 0)(0 0 -45)))
(1.394 ((-1.4999932 0 0)(0 0 -45)))
(1.395 ((-1.4999932 0 0)(0 0 -45)))
(1.396 ((-1.4999932 0 0)(0 0 -45)))
(1.397 ((-1.4999932 0 0)(0 0 -45)))
(1.398 ((-1.4999932 0 0)(0 0 -45)))
(1.399 ((-1.4999932 0 0)(0 0 -45)))
(1.4 ((-1.4999932 0 0)(0 0 -45)))
(1.401 ((-1.4999932 0 0)(0 0 -45)))
(1.402 ((-1.4999932 0 0)(0 0 -45)))
(1.403 ((-1.4999932 0 0)(0 0 -45)))
(1.404 ((-1.4999932 0 0)(0 0 -45)))
(1.405 ((-1.4999932 0 0)(0 0 -45)))
(1.406 ((-1.4999932 0 0)(0 0 -45)))
(1.407 ((-1.4999932 0 0)(0 0 -45)))
(1.408 ((-1.4999932 0 0)(0 0 -45)))
(1.409 ((-1.4999932 0 0)(0 0 -45)))
(1.41 ((-1.4999932 0 0)(0 0 -45)))
(1.411 ((-1.4999932 0 0)(0 0 -45)))
(1.412 ((-1.4999932 0 0)(0 0 -45)))
(1.413 ((-1.4999932 0 0)(0 0 -45)))
(1.414 ((-1.4999932 0 0)(0 0 -45)))
(1.415 ((-1.4999932 0 0)(0 0 -45)))
(1.416 ((-1.4999932 0 0)(0 0 -45)))
(1.417 ((-1.4999932 0 0)(0 0 -45)))
(1.418 ((-1.4999932 0 0)(0 0 -45)))
(1.419 ((-1.4999932 0 0)(0 0 -45)))
(1.42 ((-1.4999932 0 0)(0 0 -45)))
(1.421 ((-1.4999932 0 0)(0 0 -45)))
(1.422 ((-1.4999932 0 0)(0 0 -45)))
(1.423 ((-1.4999932 0 0)(0 0 -45)))
(1.424 ((-1.4999932 0 0)(0 0 -45)))
(1.425 ((-1.4999932 0 0)(0 0 -45)))
(1.426 ((-1.4999932 0 0)(0 0 -45)))
(1.427 ((-1.4999932 0 0)(0 0 -45)))
(1.428 ((-1.4999932 0 0)(0 0 -45)))
(1.429 ((-1.4999932 0 0)(0 0 -45)))
(1.43 ((-1.4999932 0 0)(0 0 -45)))
(1.431 ((-1.4999932 0 0)(0 0 -45)))
(1.432 ((-1.4999932 0 0)(0 0 -45)))
(1.433 ((-1.4999932 0 0)(0 0 -45)))
(1.434 ((-1.4999932 0 0)(0 0 -45)))
(1.435 ((-1.4999932 0 0)(0 0 -45)))
(1.436 ((-1.4999932 0 0)(0 0 -45)))
(1.437 ((-1.4999932 0 0)(0 0 -45)))
(1.438 ((-1.4999932 0 0)(0 0 -45)))
(1.439 ((-1.4999932 0 0)(0 0 -45)))
(1.44 ((-1.4999932 0 0)(0 0 -45)))
(1.441 ((-1.4999932 0 0)(0 0 -45)))
(1.442 ((-1.4999932 0 0)(0 0 -45)))
(1.443 ((-1.4999932 0 0)(0 0 -45)))
(1.444 ((-1.4999932 0 0)(0 0 -45)))
(1.445 ((-1.4999932 0 0)(0 0 -45)))
(1.446 ((-1.4999932 0 0)(0 0 -45)))
(1.447 ((-1.4999932 0 0)(0 0 -45)))
(1.448 ((-1.4999932 0 0)(0 0 -45)))
(1.449 ((-1.4999932 0 0)(0 0 -45)))
(1.45 ((-1.4999932 0 0)(0 0 -45)))
(1.451 ((-1.4999932 0 0)(0 0 -45)))
(1.452 ((-1.4999932 0 0)(0 0 -45)))
(1.453 ((-1.4999932 0 0)(0 0 -45)))
(1.454 ((-1.4999932 0 0)(0 0 -45)))
(1.455 ((-1.4999932 0 0)(0 0 -45)))
(1.456 ((-1.4999932 0 0)(0 0 -45)))
(1.457 ((-1.4999932 0 0)(0 0 -45)))
(1.458 ((-1.4999932 0 0)(0 0 -45)))
(1.459 ((-1.4999932 0 0)(0 0 -45)))
(1.46 ((-1.4999932 0 0)(0 0 -45)))
(1.461 ((-1.4999932 0 0)(0 0 -45)))
(1.462 ((-1.4999932 0 0)(0 0 -45)))
(1.463 ((-1.4999932 0 0)(0 0 -45)))
(1.464 ((-1.4999932 0 0)(0 0 -45)))
(1.465 ((-1.4999932 0 0)(0 0 -45)))
(1.466 ((-1.4999932 0 0)(0 0 -45)))
(1.467 ((-1.4999932 0 0)(0 0 -45)))
(1.468 ((-1.4999932 0 0)(0 0 -45)))
(1.469 ((-1.4999932 0 0)(0 0 -45)))
(1.47 ((-1.4999932 0 0)(0 0 -45)))
(1.471 ((-1.4999932 0 0)(0 0 -45)))
(1.472 ((-1.4999932 0 0)(0 0 -45)))
(1.473 ((-1.4999932 0 0)(0 0 -45)))
(1.474 ((-1.4999932 0 0)(0 0 -45)))
(1.475 ((-1.4999932 0 0)(0 0 -45)))
(1.476 ((-1.4999932 0 0)(0 0 -45)))
(1.477 ((-1.4999932 0 0)(0 0 -45)))
(1.478 ((-1.4999932 0 0)(0 0 -45)))
(1.479 ((-1.4999932 0 0)(0 0 -45)))
(1.48 ((-1.4999932 0 0)(0 0 -45)))
(1.481 ((-1.4999932 0 0)(0 0 -45)))
(1.482 ((-1.4999932 0 0)(0 0 -45)))
(1.483 ((-1.4999932 0 0)(0 0 -45)))
(1.484 ((-1.4999932 0 0)(0 0 -45)))
(1.485 ((-1.4999932 0 0)(0 0 -45)))
(1.486 ((-1.4999932 0 0)(0 0 -45)))
(1.487 ((-1.4999932 0 0)(0 0 -45)))
(1.488 ((-1.4999932 0 0)(0 0 -45)))
(1.489 ((-1.4999932 0 0)(0 0 -45)))
(1.49 ((-1.4999932 0 0)(0 0 -45)))
(1.491 ((-1.4999932 0 0)(0 0 -45)))
(1.492 ((-1.4999932 0 0)(0 0 -45)))
(1.493 ((-1.4999932 0 0)(0 0 -45)))
(1.494 ((-1.4999932 0 0)(0 0 -45)))
(1.495 ((-1.4999932 0 0)(0 0 -45)))
(1.496 ((-1.4999932 0 0)(0 0 -45)))
(1.497 ((-1.4999932 0 0)(0 0 -45)))
(1.498 ((-1.4999932 0 0)(0 0 -45)))
(1.499 ((-1.4999932 0 0)(0 0 -45)))
(1.5 ((-1.4999932 0 0)(0 0 -45)))
(1.501 ((-1.4999932 0 0)(0 0 -45)))
(1.502 ((-1.4999932 0 0)(0 0 -45)))
(1.503 ((-1.4999932 0 0)(0 0 -45)))
(1.504 ((-1.4999932 0 0)(0 0 -45)))
(1.505 ((-1.4999932 0 0)(0 0 -45)))
(1.506 ((-1.4999932 0 0)(0 0 -45)))
(1.507 ((-1.4999932 0 0)(0 0 -45)))
(1.508 ((-1.4999932 0 0)(0 0 -45)))
(1.509 ((-1.4999932 0 0)(0 0 -45)))
(1.51 ((-1.4999932 0 0)(0 0 -45)))
(1.511 ((-1.4999932 0 0)(0 0 -45)))
(1.512 ((-1.4999932 0 0)(0 0 -45)))
(1.513 ((-1.4999932 0 0)(0 0 -45)))
(1.514 ((-1.4999932 0 0)(0 0 -45)))
(1.515 ((-1.4999932 0 0)(0 0 -45)))
(1.516 ((-1.4999932 0 0)(0 0 -45)))
(1.517 ((-1.4999932 0 0)(0 0 -45)))
(1.518 ((-1.4999932 0 0)(0 0 -45)))
(1.519 ((-1.4999932 0 0)(0 0 -45)))
(1.52 ((-1.4999932 0 0)(0 0 -45)))
(1.521 ((-1.4999932 0 0)(0 0 -45)))
(1.522 ((-1.4999932 0 0)(0 0 -45)))
(1.523 ((-1.4999932 0 0)(0 0 -45)))
(1.524 ((-1.4999932 0 0)(0 0 -45)))
(1.525 ((-1.4999932 0 0)(0 0 -45)))
(1.526 ((-1.4999932 0 0)(0 0 -45)))
(1.527 ((-1.4999932 0 0)(0 0 -45)))
(1.528 ((-1.4999932 0 0)(0 0 -45)))
(1.529 ((-1.4999932 0 0)(0 0 -45)))
(1.53 ((-1.4999932 0 0)(0 0 -45)))
(1.531 ((-1.4999932 0 0)(0 0 -45)))
(1.532 ((-1.4999932 0 0)(0 0 -45)))
(1.533 ((-1.4999932 0 0)(0 0 -45)))
(1.534 ((-1.4999932 0 0)(0 0 -45)))
(1.535 ((-1.4999932 0 0)(0 0 -45)))
(1.536 ((-1.4999932 0 0)(0 0 -45)))
(1.537 ((-1.4999932 0 0)(0 0 -45)))
(1.538 ((-1.4999932 0 0)(0 0 -45)))
(1.539 ((-1.4999932 0 0)(0 0 -45)))
(1.54 ((-1.4999932 0 0)(0 0 -45)))
(1.541 ((-1.4999932 0 0)(0 0 -45)))
(1.542 ((-1.4999932 0 0)(0 0 -45)))
(1.543 ((-1.4999932 0 0)(0 0 -45)))
(1.544 ((-1.4999932 0 0)(0 0 -45)))
(1.545 ((-1.4999932 0 0)(0 0 -45)))
(1.546 ((-1.4999932 0 0)(0 0 -45)))
(1.547 ((-1.4999932 0 0)(0 0 -45)))
(1.548 ((-1.4999932 0 0)(0 0 -45)))
(1.549 ((-1.4999932 0 0)(0 0 -45)))
(1.55 ((-1.4999932 0 0)(0 0 -45)))
(1.551 ((-1.4999932 0 0)(0 0 -45)))
(1.552 ((-1.4999932 0 0)(0 0 -45)))
(1.553 ((-1.4999932 0 0)(0 0 -45)))
(1.554 ((-1.4999932 0 0)(0 0 -45)))
(1.555 ((-1.4999932 0 0)(0 0 -45)))
(1.556 ((-1.4999932 0 0)(0 0 -45)))
(1.557 ((-1.4999932 0 0)(0 0 -45)))
(1.558 ((-1.4999932 0 0)(0 0 -45)))
(1.559 ((-1.4999932 0 0)(0 0 -45)))
(1.56 ((-1.4999932 0 0)(0 0 -45)))
(1.561 ((-1.4999932 0 0)(0 0 -45)))
(1.562 ((-1.4999932 0 0)(0 0 -45)))
(1.563 ((-1.4999932 0 0)(0 0 -45)))
(1.564 ((-1.4999932 0 0)(0 0 -45)))
(1.565 ((-1.4999932 0 0)(0 0 -45)))
(1.566 ((-1.4999932 0 0)(0 0 -45)))
(1.567 ((-1.4999932 0 0)(0 0 -45)))
(1.568 ((-1.4999932 0 0)(0 0 -45)))
(1.569 ((-1.4999932 0 0)(0 0 -45)))
(1.57 ((-1.4999932 0 0)(0 0 -45)))
(1.571 ((-1.4999932 0 0)(0 0 -45)))
(1.572 ((-1.4999932 0 0)(0 0 -45)))
(1.573 ((-1.4999932 0 0)(0 0 -45)))
(1.574 ((-1.4999932 0 0)(0 0 -45)))
(1.575 ((-1.4999932 0 0)(0 0 -45)))
(1.576 ((-1.4999932 0 0)(0 0 -45)))
(1.577 ((-1.4999932 0 0)(0 0 -45)))
(1.578 ((-1.4999932 0 0)(0 0 -45)))
(1.579 ((-1.4999932 0 0)(0 0 -45)))
(1.58 ((-1.4999932 0 0)(0 0 -45)))
(1.581 ((-1.4999932 0 0)(0 0 -45)))
(1.582 ((-1.4999932 0 0)(0 0 -45)))
(1.583 ((-1.4999932 0 0)(0 0 -45)))
(1.584 ((-1.4999932 0 0)(0 0 -45)))
(1.585 ((-1.4999932 0 0)(0 0 -45)))
(1.586 ((-1.4999932 0 0)(0 0 -45)))
(1.587 ((-1.4999932 0 0)(0 0 -45)))
(1.588 ((-1.4999932 0 0)(0 0 -45)))
(1.589 ((-1.4999932 0 0)(0 0 -45)))
(1.59 ((-1.4999932 0 0)(0 0 -45)))
(1.591 ((-1.4999932 0 0)(0 0 -45)))
(1.592 ((-1.4999932 0 0)(0 0 -45)))
(1.593 ((-1.4999932 0 0)(0 0 -45)))
(1.594 ((-1.4999932 0 0)(0 0 -45)))
(1.595 ((-1.4999932 0 0)(0 0 -45)))
(1.596 ((-1.4999932 0 0)(0 0 -45)))
(1.597 ((-1.4999932 0 0)(0 0 -45)))
(1.598 ((-1.4999932 0 0)(0 0 -45)))
(1.599 ((-1.4999932 0 0)(0 0 -45)))
(1.6 ((-1.4999932 0 0)(0 0 -45)))
(1.601 ((-1.4999932 0 0)(0 0 -45)))
(1.602 ((-1.4999932 0 0)(0 0 -45)))
(1.603 ((-1.4999932 0 0)(0 0 -45)))
(1.604 ((-1.4999932 0 0)(0 0 -45)))
(1.605 ((-1.4999932 0 0)(0 0 -45)))
(1.606 ((-1.4999932 0 0)(0 0 -45)))
(1.607 ((-1.4999932 0 0)(0 0 -45)))
(1.608 ((-1.4999932 0 0)(0 0 -45)))
(1.609 ((-1.4999932 0 0)(0 0 -45)))
(1.61 ((-1.4999932 0 0)(0 0 -45)))
(1.611 ((-1.4999932 0 0)(0 0 -45)))
(1.612 ((-1.4999932 0 0)(0 0 -45)))
(1.613 ((-1.4999932 0 0)(0 0 -45)))
(1.614 ((-1.4999932 0 0)(0 0 -45)))
(1.615 ((-1.4999932 0 0)(0 0 -45)))
(1.616 ((-1.4999932 0 0)(0 0 -45)))
(1.617 ((-1.4999932 0 0)(0 0 -45)))
(1.618 ((-1.4999932 0 0)(0 0 -45)))
(1.619 ((-1.4999932 0 0)(0 0 -45)))
(1.62 ((-1.4999932 0 0)(0 0 -45)))
(1.621 ((-1.4999932 0 0)(0 0 -45)))
(1.622 ((-1.4999932 0 0)(0 0 -45)))
(1.623 ((-1.4999932 0 0)(0 0 -45)))
(1.624 ((-1.4999932 0 0)(0 0 -45)))
(1.625 ((-1.4999932 0 0)(0 0 -45)))
(1.626 ((-1.4999932 0 0)(0 0 -45)))
(1.627 ((-1.4999932 0 0)(0 0 -45)))
(1.628 ((-1.4999932 0 0)(0 0 -45)))
(1.629 ((-1.4999932 0 0)(0 0 -45)))
(1.63 ((-1.4999932 0 0)(0 0 -45)))
(1.631 ((-1.4999932 0 0)(0 0 -45)))
(1.632 ((-1.4999932 0 0)(0 0 -45)))
(1.633 ((-1.4999932 0 0)(0 0 -45)))
(1.634 ((-1.4999932 0 0)(0 0 -45)))
(1.635 ((-1.4999932 0 0)(0 0 -45)))
(1.636 ((-1.4999932 0 0)(0 0 -45)))
(1.637 ((-1.4999932 0 0)(0 0 -45)))
(1.638 ((-1.4999932 0 0)(0 0 -45)))
(1.639 ((-1.4999932 0 0)(0 0 -45)))
(1.64 ((-1.4999932 0 0)(0 0 -45)))
(1.641 ((-1.4999932 0 0)(0 0 -45)))
(1.642 ((-1.4999932 0 0)(0 0 -45)))
(1.643 ((-1.4999932 0 0)(0 0 -45)))
(1.644 ((-1.4999932 0 0)(0 0 -45)))
(1.645 ((-1.4999932 0 0)(0 0 -45)))
(1.646 ((-1.4999932 0 0)(0 0 -45)))
(1.647 ((-1.4999932 0 0)(0 0 -45)))
(1.648 ((-1.4999932 0 0)(0 0 -45)))
(1.649 ((-1.4999932 0 0)(0 0 -45)))
(1.65 ((-1.4999932 0 0)(0 0 -45)))
(1.651 ((-1.4999932 0 0)(0 0 -45)))
(1.652 ((-1.4999932 0 0)(0 0 -45)))
(1.653 ((-1.4999932 0 0)(0 0 -45)))
(1.654 ((-1.4999932 0 0)(0 0 -45)))
(1.655 ((-1.4999932 0 0)(0 0 -45)))
(1.656 ((-1.4999932 0 0)(0 0 -45)))
(1.657 ((-1.4999932 0 0)(0 0 -45)))
(1.658 ((-1.4999932 0 0)(0 0 -45)))
(1.659 ((-1.4999932 0 0)(0 0 -45)))
(1.66 ((-1.4999932 0 0)(0 0 -45)))
(1.661 ((-1.4999932 0 0)(0 0 -45)))
(1.662 ((-1.4999932 0 0)(0 0 -45)))
(1.663 ((-1.4999932 0 0)(0 0 -45)))
(1.664 ((-1.4999932 0 0)(0 0 -45)))
(1.665 ((-1.4999932 0 0)(0 0 -45)))
(1.666 ((-1.4999932 0 0)(0 0 -45)))
(1.667 ((-1.4999932 0 0)(0 0 -45)))
(1.668 ((-1.4999932 0 0)(0 0 -45)))
(1.669 ((-1.4999932 0 0)(0 0 -45)))
(1.67 ((-1.4999932 0 0)(0 0 -45)))
(1.671 ((-1.4999932 0 0)(0 0 -45)))
(1.672 ((-1.4999932 0 0)(0 0 -45)))
(1.673 ((-1.4999932 0 0)(0 0 -45)))
(1.674 ((-1.4999932 0 0)(0 0 -45)))
(1.675 ((-1.4999932 0 0)(0 0 -45)))
(1.676 ((-1.4999932 0 0)(0 0 -45)))
(1.677 ((-1.4999932 0 0)(0 0 -45)))
(1.678 ((-1.4999932 0 0)(0 0 -45)))
(1.679 ((-1.4999932 0 0)(0 0 -45)))
(1.68 ((-1.4999932 0 0)(0 0 -45)))
(1.681 ((-1.4999932 0 0)(0 0 -45)))
(1.682 ((-1.4999932 0 0)(0 0 -45)))
(1.683 ((-1.4999932 0 0)(0 0 -45)))
(1.684 ((-1.4999932 0 0)(0 0 -45)))
(1.685 ((-1.4999932 0 0)(0 0 -45)))
(1.686 ((-1.4999932 0 0)(0 0 -45)))
(1.687 ((-1.4999932 0 0)(0 0 -45)))
(1.688 ((-1.4999932 0 0)(0 0 -45)))
(1.689 ((-1.4999932 0 0)(0 0 -45)))
(1.69 ((-1.4999932 0 0)(0 0 -45)))
(1.691 ((-1.4999932 0 0)(0 0 -45)))
(1.692 ((-1.4999932 0 0)(0 0 -45)))
(1.693 ((-1.4999932 0 0)(0 0 -45)))
(1.694 ((-1.4999932 0 0)(0 0 -45)))
(1.695 ((-1.4999932 0 0)(0 0 -45)))
(1.696 ((-1.4999932 0 0)(0 0 -45)))
(1.697 ((-1.4999932 0 0)(0 0 -45)))
(1.698 ((-1.4999932 0 0)(0 0 -45)))
(1.699 ((-1.4999932 0 0)(0 0 -45)))
(1.7 ((-1.4999932 0 0)(0 0 -45)))
(1.701 ((-1.4999932 0 0)(0 0 -45)))
(1.702 ((-1.4999932 0 0)(0 0 -45)))
(1.703 ((-1.4999932 0 0)(0 0 -45)))
(1.704 ((-1.4999932 0 0)(0 0 -45)))
(1.705 ((-1.4999932 0 0)(0 0 -45)))
(1.706 ((-1.4999932 0 0)(0 0 -45)))
(1.707 ((-1.4999932 0 0)(0 0 -45)))
(1.708 ((-1.4999932 0 0)(0 0 -45)))
(1.709 ((-1.4999932 0 0)(0 0 -45)))
(1.71 ((-1.4999932 0 0)(0 0 -45)))
(1.711 ((-1.4999932 0 0)(0 0 -45)))
(1.712 ((-1.4999932 0 0)(0 0 -45)))
(1.713 ((-1.4999932 0 0)(0 0 -45)))
(1.714 ((-1.4999932 0 0)(0 0 -45)))
(1.715 ((-1.4999932 0 0)(0 0 -45)))
(1.716 ((-1.4999932 0 0)(0 0 -45)))
(1.717 ((-1.4999932 0 0)(0 0 -45)))
(1.718 ((-1.4999932 0 0)(0 0 -45)))
(1.719 ((-1.4999932 0 0)(0 0 -45)))
(1.72 ((-1.4999932 0 0)(0 0 -45)))
(1.721 ((-1.4999932 0 0)(0 0 -45)))
(1.722 ((-1.4999932 0 0)(0 0 -45)))
(1.723 ((-1.4999932 0 0)(0 0 -45)))
(1.724 ((-1.4999932 0 0)(0 0 -45)))
(1.725 ((-1.4999932 0 0)(0 0 -45)))
(1.726 ((-1.4999932 0 0)(0 0 -45)))
(1.727 ((-1.4999932 0 0)(0 0 -45)))
(1.728 ((-1.4999932 0 0)(0 0 -45)))
(1.729 ((-1.4999932 0 0)(0 0 -45)))
(1.73 ((-1.4999932 0 0)(0 0 -45)))
(1.731 ((-1.4999932 0 0)(0 0 -45)))
(1.732 ((-1.4999932 0 0)(0 0 -45)))
(1.733 ((-1.4999932 0 0)(0 0 -45)))
(1.734 ((-1.4999932 0 0)(0 0 -45)))
(1.735 ((-1.4999932 0 0)(0 0 -45)))
(1.736 ((-1.4999932 0 0)(0 0 -45)))
(1.737 ((-1.4999932 0 0)(0 0 -45)))
(1.738 ((-1.4999932 0 0)(0 0 -45)))
(1.739 ((-1.4999932 0 0)(0 0 -45)))
(1.74 ((-1.4999932 0 0)(0 0 -45)))
(1.741 ((-1.4999932 0 0)(0 0 -45)))
(1.742 ((-1.4999932 0 0)(0 0 -45)))
(1.743 ((-1.4999932 0 0)(0 0 -45)))
(1.744 ((-1.4999932 0 0)(0 0 -45)))
(1.745 ((-1.4999932 0 0)(0 0 -45)))
(1.746 ((-1.4999932 0 0)(0 0 -45)))
(1.747 ((-1.4999932 0 0)(0 0 -45)))
(1.748 ((-1.4999932 0 0)(0 0 -45)))
(1.749 ((-1.4999932 0 0)(0 0 -45)))
(1.75 ((-1.4999932 0 0)(0 0 -45)))
(1.751 ((-1.4999932 0 0)(0 0 -45)))
(1.752 ((-1.4999932 0 0)(0 0 -45)))
(1.753 ((-1.4999932 0 0)(0 0 -45)))
(1.754 ((-1.4999932 0 0)(0 0 -45)))
(1.755 ((-1.4999932 0 0)(0 0 -45)))
(1.756 ((-1.4999932 0 0)(0 0 -45)))
(1.757 ((-1.4999932 0 0)(0 0 -45)))
(1.758 ((-1.4999932 0 0)(0 0 -45)))
(1.759 ((-1.4999932 0 0)(0 0 -45)))
(1.76 ((-1.4999932 0 0)(0 0 -45)))
(1.761 ((-1.4999932 0 0)(0 0 -45)))
(1.762 ((-1.4999932 0 0)(0 0 -45)))
(1.763 ((-1.4999932 0 0)(0 0 -45)))
(1.764 ((-1.4999932 0 0)(0 0 -45)))
(1.765 ((-1.4999932 0 0)(0 0 -45)))
(1.766 ((-1.4999932 0 0)(0 0 -45)))
(1.767 ((-1.4999932 0 0)(0 0 -45)))
(1.768 ((-1.4999932 0 0)(0 0 -45)))
(1.769 ((-1.4999932 0 0)(0 0 -45)))
(1.77 ((-1.4999932 0 0)(0 0 -45)))
(1.771 ((-1.4999932 0 0)(0 0 -45)))
(1.772 ((-1.4999932 0 0)(0 0 -45)))
(1.773 ((-1.4999932 0 0)(0 0 -45)))
(1.774 ((-1.4999932 0 0)(0 0 -45)))
(1.775 ((-1.4999932 0 0)(0 0 -45)))
(1.776 ((-1.4999932 0 0)(0 0 -45)))
(1.777 ((-1.4999932 0 0)(0 0 -45)))
(1.778 ((-1.4999932 0 0)(0 0 -45)))
(1.779 ((-1.4999932 0 0)(0 0 -45)))
(1.78 ((-1.4999932 0 0)(0 0 -45)))
(1.781 ((-1.4999932 0 0)(0 0 -45)))
(1.782 ((-1.4999932 0 0)(0 0 -45)))
(1.783 ((-1.4999932 0 0)(0 0 -45)))
(1.784 ((-1.4999932 0 0)(0 0 -45)))
(1.785 ((-1.4999932 0 0)(0 0 -45)))
(1.786 ((-1.4999932 0 0)(0 0 -45)))
(1.787 ((-1.4999932 0 0)(0 0 -45)))
(1.788 ((-1.4999932 0 0)(0 0 -45)))
(1.789 ((-1.4999932 0 0)(0 0 -45)))
(1.79 ((-1.4999932 0 0)(0 0 -45)))
(1.791 ((-1.4999932 0 0)(0 0 -45)))
(1.792 ((-1.4999932 0 0)(0 0 -45)))
(1.793 ((-1.4999932 0 0)(0 0 -45)))
(1.794 ((-1.4999932 0 0)(0 0 -45)))
(1.795 ((-1.4999932 0 0)(0 0 -45)))
(1.796 ((-1.4999932 0 0)(0 0 -45)))
(1.797 ((-1.4999932 0 0)(0 0 -45)))
(1.798 ((-1.4999932 0 0)(0 0 -45)))
(1.799 ((-1.4999932 0 0)(0 0 -45)))
(1.8 ((-1.4999932 0 0)(0 0 -45)))
(1.801 ((-1.4999932 0 0)(0 0 -45)))
(1.802 ((-1.4999932 0 0)(0 0 -45)))
(1.803 ((-1.4999932 0 0)(0 0 -45)))
(1.804 ((-1.4999932 0 0)(0 0 -45)))
(1.805 ((-1.4999932 0 0)(0 0 -45)))
(1.806 ((-1.4999932 0 0)(0 0 -45)))
(1.807 ((-1.4999932 0 0)(0 0 -45)))
(1.808 ((-1.4999932 0 0)(0 0 -45)))
(1.809 ((-1.4999932 0 0)(0 0 -45)))
(1.81 ((-1.4999932 0 0)(0 0 -45)))
(1.811 ((-1.4999932 0 0)(0 0 -45)))
(1.812 ((-1.4999932 0 0)(0 0 -45)))
(1.813 ((-1.4999932 0 0)(0 0 -45)))
(1.814 ((-1.4999932 0 0)(0 0 -45)))
(1.815 ((-1.4999932 0 0)(0 0 -45)))
(1.816 ((-1.4999932 0 0)(0 0 -45)))
(1.817 ((-1.4999932 0 0)(0 0 -45)))
(1.818 ((-1.4999932 0 0)(0 0 -45)))
(1.819 ((-1.4999932 0 0)(0 0 -45)))
(1.82 ((-1.4999932 0 0)(0 0 -45)))
(1.821 ((-1.4999932 0 0)(0 0 -45)))
(1.822 ((-1.4999932 0 0)(0 0 -45)))
(1.823 ((-1.4999932 0 0)(0 0 -45)))
(1.824 ((-1.4999932 0 0)(0 0 -45)))
(1.825 ((-1.4999932 0 0)(0 0 -45)))
(1.826 ((-1.4999932 0 0)(0 0 -45)))
(1.827 ((-1.4999932 0 0)(0 0 -45)))
(1.828 ((-1.4999932 0 0)(0 0 -45)))
(1.829 ((-1.4999932 0 0)(0 0 -45)))
(1.83 ((-1.4999932 0 0)(0 0 -45)))
(1.831 ((-1.4999932 0 0)(0 0 -45)))
(1.832 ((-1.4999932 0 0)(0 0 -45)))
(1.833 ((-1.4999932 0 0)(0 0 -45)))
(1.834 ((-1.4999932 0 0)(0 0 -45)))
(1.835 ((-1.4999932 0 0)(0 0 -45)))
(1.836 ((-1.4999932 0 0)(0 0 -45)))
(1.837 ((-1.4999932 0 0)(0 0 -45)))
(1.838 ((-1.4999932 0 0)(0 0 -45)))
(1.839 ((-1.4999932 0 0)(0 0 -45)))
(1.84 ((-1.4999932 0 0)(0 0 -45)))
(1.841 ((-1.4999932 0 0)(0 0 -45)))
(1.842 ((-1.4999932 0 0)(0 0 -45)))
(1.843 ((-1.4999932 0 0)(0 0 -45)))
(1.844 ((-1.4999932 0 0)(0 0 -45)))
(1.845 ((-1.4999932 0 0)(0 0 -45)))
(1.846 ((-1.4999932 0 0)(0 0 -45)))
(1.847 ((-1.4999932 0 0)(0 0 -45)))
(1.848 ((-1.4999932 0 0)(0 0 -45)))
(1.849 ((-1.4999932 0 0)(0 0 -45)))
(1.85 ((-1.4999932 0 0)(0 0 -45)))
(1.851 ((-1.4999932 0 0)(0 0 -45)))
(1.852 ((-1.4999932 0 0)(0 0 -45)))
(1.853 ((-1.4999932 0 0)(0 0 -45)))
(1.854 ((-1.4999932 0 0)(0 0 -45)))
(1.855 ((-1.4999932 0 0)(0 0 -45)))
(1.856 ((-1.4999932 0 0)(0 0 -45)))
(1.857 ((-1.4999932 0 0)(0 0 -45)))
(1.858 ((-1.4999932 0 0)(0 0 -45)))
(1.859 ((-1.4999932 0 0)(0 0 -45)))
(1.86 ((-1.4999932 0 0)(0 0 -45)))
(1.861 ((-1.4999932 0 0)(0 0 -45)))
(1.862 ((-1.4999932 0 0)(0 0 -45)))
(1.863 ((-1.4999932 0 0)(0 0 -45)))
(1.864 ((-1.4999932 0 0)(0 0 -45)))
(1.865 ((-1.4999932 0 0)(0 0 -45)))
(1.866 ((-1.4999932 0 0)(0 0 -45)))
(1.867 ((-1.4999932 0 0)(0 0 -45)))
(1.868 ((-1.4999932 0 0)(0 0 -45)))
(1.869 ((-1.4999932 0 0)(0 0 -45)))
(1.87 ((-1.4999932 0 0)(0 0 -45)))
(1.871 ((-1.4999932 0 0)(0 0 -45)))
(1.872 ((-1.4999932 0 0)(0 0 -45)))
(1.873 ((-1.4999932 0 0)(0 0 -45)))
(1.874 ((-1.4999932 0 0)(0 0 -45)))
(1.875 ((-1.4999932 0 0)(0 0 -45)))
(1.876 ((-1.4999932 0 0)(0 0 -45)))
(1.877 ((-1.4999932 0 0)(0 0 -45)))
(1.878 ((-1.4999932 0 0)(0 0 -45)))
(1.879 ((-1.4999932 0 0)(0 0 -45)))
(1.88 ((-1.4999932 0 0)(0 0 -45)))
(1.881 ((-1.4999932 0 0)(0 0 -45)))
(1.882 ((-1.4999932 0 0)(0 0 -45)))
(1.883 ((-1.4999932 0 0)(0 0 -45)))
(1.884 ((-1.4999932 0 0)(0 0 -45)))
(1.885 ((-1.4999932 0 0)(0 0 -45)))
(1.886 ((-1.4999932 0 0)(0 0 -45)))
(1.887 ((-1.4999932 0 0)(0 0 -45)))
(1.888 ((-1.4999932 0 0)(0 0 -45)))
(1.889 ((-1.4999932 0 0)(0 0 -45)))
(1.89 ((-1.4999932 0 0)(0 0 -45)))
(1.891 ((-1.4999932 0 0)(0 0 -45)))
(1.892 ((-1.4999932 0 0)(0 0 -45)))
(1.893 ((-1.4999932 0 0)(0 0 -45)))
(1.894 ((-1.4999932 0 0)(0 0 -45)))
(1.895 ((-1.4999932 0 0)(0 0 -45)))
(1.896 ((-1.4999932 0 0)(0 0 -45)))
(1.897 ((-1.4999932 0 0)(0 0 -45)))
(1.898 ((-1.4999932 0 0)(0 0 -45)))
(1.899 ((-1.4999932 0 0)(0 0 -45)))
(1.9 ((-1.4999932 0 0)(0 0 -45)))
(1.901 ((-1.4999932 0 0)(0 0 -45)))
(1.902 ((-1.4999932 0 0)(0 0 -45)))
(1.903 ((-1.4999932 0 0)(0 0 -45)))
(1.904 ((-1.4999932 0 0)(0 0 -45)))
(1.905 ((-1.4999932 0 0)(0 0 -45)))
(1.906 ((-1.4999932 0 0)(0 0 -45)))
(1.907 ((-1.4999932 0 0)(0 0 -45)))
(1.908 ((-1.4999932 0 0)(0 0 -45)))
(1.909 ((-1.4999932 0 0)(0 0 -45)))
(1.91 ((-1.4999932 0 0)(0 0 -45)))
(1.911 ((-1.4999932 0 0)(0 0 -45)))
(1.912 ((-1.4999932 0 0)(0 0 -45)))
(1.913 ((-1.4999932 0 0)(0 0 -45)))
(1.914 ((-1.4999932 0 0)(0 0 -45)))
(1.915 ((-1.4999932 0 0)(0 0 -45)))
(1.916 ((-1.4999932 0 0)(0 0 -45)))
(1.917 ((-1.4999932 0 0)(0 0 -45)))
(1.918 ((-1.4999932 0 0)(0 0 -45)))
(1.919 ((-1.4999932 0 0)(0 0 -45)))
(1.92 ((-1.4999932 0 0)(0 0 -45)))
(1.921 ((-1.4999932 0 0)(0 0 -45)))
(1.922 ((-1.4999932 0 0)(0 0 -45)))
(1.923 ((-1.4999932 0 0)(0 0 -45)))
(1.924 ((-1.4999932 0 0)(0 0 -45)))
(1.925 ((-1.4999932 0 0)(0 0 -45)))
(1.926 ((-1.4999932 0 0)(0 0 -45)))
(1.927 ((-1.4999932 0 0)(0 0 -45)))
(1.928 ((-1.4999932 0 0)(0 0 -45)))
(1.929 ((-1.4999932 0 0)(0 0 -45)))
(1.93 ((-1.4999932 0 0)(0 0 -45)))
(1.931 ((-1.4999932 0 0)(0 0 -45)))
(1.932 ((-1.4999932 0 0)(0 0 -45)))
(1.933 ((-1.4999932 0 0)(0 0 -45)))
(1.934 ((-1.4999932 0 0)(0 0 -45)))
(1.935 ((-1.4999932 0 0)(0 0 -45)))
(1.936 ((-1.4999932 0 0)(0 0 -45)))
(1.937 ((-1.4999932 0 0)(0 0 -45)))
(1.938 ((-1.4999932 0 0)(0 0 -45)))
(1.939 ((-1.4999932 0 0)(0 0 -45)))
(1.94 ((-1.4999932 0 0)(0 0 -45)))
(1.941 ((-1.4999932 0 0)(0 0 -45)))
(1.942 ((-1.4999932 0 0)(0 0 -45)))
(1.943 ((-1.4999932 0 0)(0 0 -45)))
(1.944 ((-1.4999932 0 0)(0 0 -45)))
(1.945 ((-1.4999932 0 0)(0 0 -45)))
(1.946 ((-1.4999932 0 0)(0 0 -45)))
(1.947 ((-1.4999932 0 0)(0 0 -45)))
(1.948 ((-1.4999932 0 0)(0 0 -45)))
(1.949 ((-1.4999932 0 0)(0 0 -45)))
(1.95 ((-1.4999932 0 0)(0 0 -45)))
(1.951 ((-1.4999932 0 0)(0 0 -45)))
(1.952 ((-1.4999932 0 0)(0 0 -45)))
(1.953 ((-1.4999932 0 0)(0 0 -45)))
(1.954 ((-1.4999932 0 0)(0 0 -45)))
(1.955 ((-1.4999932 0 0)(0 0 -45)))
(1.956 ((-1.4999932 0 0)(0 0 -45)))
(1.957 ((-1.4999932 0 0)(0 0 -45)))
(1.958 ((-1.4999932 0 0)(0 0 -45)))
(1.959 ((-1.4999932 0 0)(0 0 -45)))
(1.96 ((-1.4999932 0 0)(0 0 -45)))
(1.961 ((-1.4999932 0 0)(0 0 -45)))
(1.962 ((-1.4999932 0 0)(0 0 -45)))
(1.963 ((-1.4999932 0 0)(0 0 -45)))
(1.964 ((-1.4999932 0 0)(0 0 -45)))
(1.965 ((-1.4999932 0 0)(0 0 -45)))
(1.966 ((-1.4999932 0 0)(0 0 -45)))
(1.967 ((-1.4999932 0 0)(0 0 -45)))
(1.968 ((-1.4999932 0 0)(0 0 -45)))
(1.969 ((-1.4999932 0 0)(0 0 -45)))
(1.97 ((-1.4999932 0 0)(0 0 -45)))
(1.971 ((-1.4999932 0 0)(0 0 -45)))
(1.972 ((-1.4999932 0 0)(0 0 -45)))
(1.973 ((-1.4999932 0 0)(0 0 -45)))
(1.974 ((-1.4999932 0 0)(0 0 -45)))
(1.975 ((-1.4999932 0 0)(0 0 -45)))
(1.976 ((-1.4999932 0 0)(0 0 -45)))
(1.977 ((-1.4999932 0 0)(0 0 -45)))
(1.978 ((-1.4999932 0 0)(0 0 -45)))
(1.979 ((-1.4999932 0 0)(0 0 -45)))
(1.98 ((-1.4999932 0 0)(0 0 -45)))
(1.981 ((-1.4999932 0 0)(0 0 -45)))
(1.982 ((-1.4999932 0 0)(0 0 -45)))
(1.983 ((-1.4999932 0 0)(0 0 -45)))
(1.984 ((-1.4999932 0 0)(0 0 -45)))
(1.985 ((-1.4999932 0 0)(0 0 -45)))
(1.986 ((-1.4999932 0 0)(0 0 -45)))
(1.987 ((-1.4999932 0 0)(0 0 -45)))
(1.988 ((-1.4999932 0 0)(0 0 -45)))
(1.989 ((-1.4999932 0 0)(0 0 -45)))
(1.99 ((-1.4999932 0 0)(0 0 -45)))
(1.991 ((-1.4999932 0 0)(0 0 -45)))
(1.992 ((-1.4999932 0 0)(0 0 -45)))
(1.993 ((-1.4999932 0 0)(0 0 -45)))
(1.994 ((-1.4999932 0 0)(0 0 -45)))
(1.995 ((-1.4999932 0 0)(0 0 -45)))
(1.996 ((-1.4999932 0 0)(0 0 -45)))
(1.997 ((-1.4999932 0 0)(0 0 -45)))
(1.998 ((-1.4999932 0 0)(0 0 -45)))
(1.999 ((-1.4999932 0 0)(0 0 -45)))
(2 ((-1.4999932 0 0)(0 0 -45)))
(2.001 ((-1.4999932 0 0)(0 0 -45)))
(2.002 ((-1.4999932 0 0)(0 0 -45)))
(2.003 ((-1.4999932 0 0)(0 0 -45)))
(2.004 ((-1.4999932 0 0)(0 0 -45)))
(2.005 ((-1.4999932 0 0)(0 0 -45)))
(2.006 ((-1.4999932 0 0)(0 0 -45)))
(2.007 ((-1.4999932 0 0)(0 0 -45)))
(2.008 ((-1.4999932 0 0)(0 0 -45)))
(2.009 ((-1.4999932 0 0)(0 0 -45)))
(2.01 ((-1.4999932 0 0)(0 0 -45)))
(2.011 ((-1.4999932 0 0)(0 0 -45)))
(2.012 ((-1.4999932 0 0)(0 0 -45)))
(2.013 ((-1.4999932 0 0)(0 0 -45)))
(2.014 ((-1.4999932 0 0)(0 0 -45)))
(2.015 ((-1.4999932 0 0)(0 0 -45)))
(2.016 ((-1.4999932 0 0)(0 0 -45)))
(2.017 ((-1.4999932 0 0)(0 0 -45)))
(2.018 ((-1.4999932 0 0)(0 0 -45)))
(2.019 ((-1.4999932 0 0)(0 0 -45)))
(2.02 ((-1.4999932 0 0)(0 0 -45)))
(2.021 ((-1.4999932 0 0)(0 0 -45)))
(2.022 ((-1.4999932 0 0)(0 0 -45)))
(2.023 ((-1.4999932 0 0)(0 0 -45)))
(2.024 ((-1.4999932 0 0)(0 0 -45)))
(2.025 ((-1.4999932 0 0)(0 0 -45)))
(2.026 ((-1.4999932 0 0)(0 0 -45)))
(2.027 ((-1.4999932 0 0)(0 0 -45)))
(2.028 ((-1.4999932 0 0)(0 0 -45)))
(2.029 ((-1.4999932 0 0)(0 0 -45)))
(2.03 ((-1.4999932 0 0)(0 0 -45)))
(2.031 ((-1.4999932 0 0)(0 0 -45)))
(2.032 ((-1.4999932 0 0)(0 0 -45)))
(2.033 ((-1.4999932 0 0)(0 0 -45)))
(2.034 ((-1.4999932 0 0)(0 0 -45)))
(2.035 ((-1.4999932 0 0)(0 0 -45)))
(2.036 ((-1.4999932 0 0)(0 0 -45)))
(2.037 ((-1.4999932 0 0)(0 0 -45)))
(2.038 ((-1.4999932 0 0)(0 0 -45)))
(2.039 ((-1.4999932 0 0)(0 0 -45)))
(2.04 ((-1.4999932 0 0)(0 0 -45)))
(2.041 ((-1.4999932 0 0)(0 0 -45)))
(2.042 ((-1.4999932 0 0)(0 0 -45)))
(2.043 ((-1.4999932 0 0)(0 0 -45)))
(2.044 ((-1.4999932 0 0)(0 0 -45)))
(2.045 ((-1.4999932 0 0)(0 0 -45)))
(2.046 ((-1.4999932 0 0)(0 0 -45)))
(2.047 ((-1.4999932 0 0)(0 0 -45)))
(2.048 ((-1.4999932 0 0)(0 0 -45)))
(2.049 ((-1.4999932 0 0)(0 0 -45)))
(2.05 ((-1.4999932 0 0)(0 0 -45)))
(2.051 ((-1.4999932 0 0)(0 0 -45)))
(2.052 ((-1.4999932 0 0)(0 0 -45)))
(2.053 ((-1.4999932 0 0)(0 0 -45)))
(2.054 ((-1.4999932 0 0)(0 0 -45)))
(2.055 ((-1.4999932 0 0)(0 0 -45)))
(2.056 ((-1.4999932 0 0)(0 0 -45)))
(2.057 ((-1.4999932 0 0)(0 0 -45)))
(2.058 ((-1.4999932 0 0)(0 0 -45)))
(2.059 ((-1.4999932 0 0)(0 0 -45)))
(2.06 ((-1.4999932 0 0)(0 0 -45)))
(2.061 ((-1.4999932 0 0)(0 0 -45)))
(2.062 ((-1.4999932 0 0)(0 0 -45)))
(2.063 ((-1.4999932 0 0)(0 0 -45)))
(2.064 ((-1.4999932 0 0)(0 0 -45)))
(2.065 ((-1.4999932 0 0)(0 0 -45)))
(2.066 ((-1.4999932 0 0)(0 0 -45)))
(2.067 ((-1.4999932 0 0)(0 0 -45)))
(2.068 ((-1.4999932 0 0)(0 0 -45)))
(2.069 ((-1.4999932 0 0)(0 0 -45)))
(2.07 ((-1.4999932 0 0)(0 0 -45)))
(2.071 ((-1.4999932 0 0)(0 0 -45)))
(2.072 ((-1.4999932 0 0)(0 0 -45)))
(2.073 ((-1.4999932 0 0)(0 0 -45)))
(2.074 ((-1.4999932 0 0)(0 0 -45)))
(2.075 ((-1.4999932 0 0)(0 0 -45)))
(2.076 ((-1.4999932 0 0)(0 0 -45)))
(2.077 ((-1.4999932 0 0)(0 0 -45)))
(2.078 ((-1.4999932 0 0)(0 0 -45)))
(2.079 ((-1.4999932 0 0)(0 0 -45)))
(2.08 ((-1.4999932 0 0)(0 0 -45)))
(2.081 ((-1.4999932 0 0)(0 0 -45)))
(2.082 ((-1.4999932 0 0)(0 0 -45)))
(2.083 ((-1.4999932 0 0)(0 0 -45)))
(2.084 ((-1.4999932 0 0)(0 0 -45)))
(2.085 ((-1.4999932 0 0)(0 0 -45)))
(2.086 ((-1.4999932 0 0)(0 0 -45)))
(2.087 ((-1.4999932 0 0)(0 0 -45)))
(2.088 ((-1.4999932 0 0)(0 0 -45)))
(2.089 ((-1.4999932 0 0)(0 0 -45)))
(2.09 ((-1.4999932 0 0)(0 0 -45)))
(2.091 ((-1.4999932 0 0)(0 0 -45)))
(2.092 ((-1.4999932 0 0)(0 0 -45)))
(2.093 ((-1.4999932 0 0)(0 0 -45)))
(2.094 ((-1.4999932 0 0)(0 0 -45)))
(2.095 ((-1.4999932 0 0)(0 0 -45)))
(2.096 ((-1.4999932 0 0)(0 0 -45)))
(2.097 ((-1.4999932 0 0)(0 0 -45)))
(2.098 ((-1.4999932 0 0)(0 0 -45)))
(2.099 ((-1.4999932 0 0)(0 0 -45)))
)
