2100
(
(0 ((-0 0 0)(0 0 -0)))
(0.001 ((-2.9870121e-06 0 0)(0 0 -1.2981092e-16)))
(0.002 ((-6.6271769e-06 0 0)(0 0 4.9303807e-32)))
(0.003 ((-1.1061381e-05 0 0)(0 0 -6.8549224e-16)))
(0.004 ((-1.6459652e-05 0 0)(0 0 -1.3299884e-15)))
(0.005 ((-2.3027015e-05 0 0)(0 0 -1.3231657e-15)))
(0.006 ((-3.1009919e-05 0 0)(0 0 -7.0596039e-16)))
(0.007 ((-4.0703647e-05 0 0)(0 0 7.5049888e-17)))
(0.008 ((-5.2460569e-05 0 0)(0 0 -7.056018e-16)))
(0.009 ((-6.6699176e-05 0 0)(0 0 -1.3246001e-15)))
(0.01 ((-8.3913679e-05 0 0)(0 0 -1.3246095e-15)))
(0.011 ((-0.00010468382 0 0)(0 0 -7.0557353e-16)))
(0.012 ((-0.00012968436 0 0)(0 0 7.4946228e-17)))
(0.013 ((-0.00015969356 0 0)(0 0 -7.0557402e-16)))
(0.014 ((-0.00019559966 0 0)(0 0 -1.3246075e-15)))
(0.015 ((-0.00023840437 0 0)(0 0 -1.3246075e-15)))
(0.016 ((-0.00028922229 0 0)(0 0 -7.0557402e-16)))
(0.017 ((-0.00034927522 0 0)(0 0 7.494622e-17)))
(0.018 ((-0.00041988069 0 0)(0 0 -7.055735e-16)))
(0.019 ((-0.00050243469 0 0)(0 0 -1.3246096e-15)))
(0.02 ((-0.00059838892 0 0)(0 0 -1.3245997e-15)))
(0.021 ((-0.00070922411 0 0)(0 0 -7.0560334e-16)))
(0.022 ((-0.00083642096 0 0)(0 0 7.5055647e-17)))
(0.023 ((-0.0009814312 0 0)(0 0 -7.0598188e-16)))
(0.024 ((-0.0011456508 0 0)(0 0 -1.3230855e-15)))
(0.025 ((-0.0013303973 0 0)(0 0 -1.3302878e-15)))
(0.026 ((-0.0015368925 0 0)(0 0 -6.8437504e-16)))
(0.027 ((-0.0017662509 0 0)(0 0 -4.1694382e-18)))
(0.028 ((-0.0020194744 0 0)(0 0 -1.1425037e-16)))
(0.029 ((-0.0022974512 0 0)(0 0 -5.8072783e-17)))
(0.03 ((-0.0026009594 0 0)(0 0 -1.7270219e-16)))
(0.031 ((-0.0029306739 0 0)(0 0 5.2569733e-16)))
(0.032 ((-0.0032871744 0 0)(0 0 1.1033829e-15)))
(0.033 ((-0.0036709551 0 0)(0 0 1.6469548e-15)))
(0.034 ((-0.0040824346 0 0)(0 0 2.4476951e-15)))
(0.035 ((-0.0045219651 0 0)(0 0 1.6617568e-15)))
(0.036 ((-0.004989842 0 0)(0 0 1.0441751e-15)))
(0.037 ((-0.0054863117 0 0)(0 0 1.0437861e-15)))
(0.038 ((-0.0060115792 0 0)(0 0 1.6629238e-15)))
(0.039 ((-0.0065658147 0 0)(0 0 2.4434163e-15)))
(0.04 ((-0.0071491587 0 0)(0 0 1.6629033e-15)))
(0.041 ((-0.0077617277 0 0)(0 0 1.0438679e-15)))
(0.042 ((-0.0084036175 0 0)(0 0 1.0438684e-15)))
(0.043 ((-0.009074907 0 0)(0 0 1.6629017e-15)))
(0.044 ((-0.0097756614 0 0)(0 0 2.4434222e-15)))
(0.045 ((-0.010505934 0 0)(0 0 1.6629017e-15)))
(0.046 ((-0.011265768 0 0)(0 0 1.0438683e-15)))
(0.047 ((-0.012055201 0 0)(0 0 1.0438683e-15)))
(0.048 ((-0.012874261 0 0)(0 0 1.6629017e-15)))
(0.049 ((-0.013722974 0 0)(0 0 2.4434222e-15)))
(0.05 ((-0.014601358 0 0)(0 0 1.6629017e-15)))
(0.051 ((-0.01550943 0 0)(0 0 1.0438684e-15)))
(0.052 ((-0.016447203 0 0)(0 0 1.0438679e-15)))
(0.053 ((-0.017414689 0 0)(0 0 1.6629033e-15)))
(0.054 ((-0.018411896 0 0)(0 0 2.4434162e-15)))
(0.055 ((-0.019438832 0 0)(0 0 1.6629238e-15)))
(0.056 ((-0.020495502 0 0)(0 0 1.0437859e-15)))
(0.057 ((-0.021581913 0 0)(0 0 1.0441756e-15)))
(0.058 ((-0.022698066 0 0)(0 0 1.6617548e-15)))
(0.059 ((-0.023843967 0 0)(0 0 2.4477026e-15)))
(0.06 ((-0.025019618 0 0)(0 0 1.6469271e-15)))
(0.061 ((-0.02622502 0 0)(0 0 1.1034865e-15)))
(0.062 ((-0.027460176 0 0)(0 0 5.2531043e-16)))
(0.063 ((-0.028725087 0 0)(0 0 -1.7125827e-16)))
(0.064 ((-0.030019755 0 0)(0 0 -6.3461557e-17)))
(0.065 ((-0.03134418 0 0)(0 0 -9.4139188e-17)))
(0.066 ((-0.032698363 0 0)(0 0 -7.9225379e-17)))
(0.067 ((-0.034082305 0 0)(0 0 -1.0820298e-16)))
(0.068 ((-0.035496007 0 0)(0 0 -7.2063798e-18)))
(0.069 ((-0.036939468 0 0)(0 0 -6.7827466e-16)))
(0.07 ((-0.03841269 0 0)(0 0 -1.3516523e-15)))
(0.071 ((-0.039915672 0 0)(0 0 -1.2437275e-15)))
(0.072 ((-0.041448415 0 0)(0 0 -1.2981086e-15)))
(0.073 ((-0.043010919 0 0)(0 0 -1.1885091e-15)))
(0.074 ((-0.044603184 0 0)(0 0 -1.8685857e-15)))
(0.075 ((-0.04622521 0 0)(0 0 -2.514533e-15)))
(0.076 ((-0.047876998 0 0)(0 0 -2.5073214e-15)))
(0.077 ((-0.049558547 0 0)(0 0 -1.8902203e-15)))
(0.078 ((-0.051269857 0 0)(0 0 -1.1091823e-15)))
(0.079 ((-0.053010929 0 0)(0 0 -1.8898407e-15)))
(0.08 ((-0.054781763 0 0)(0 0 -2.5088396e-15)))
(0.081 ((-0.056582358 0 0)(0 0 -2.5088397e-15)))
(0.082 ((-0.058412715 0 0)(0 0 -1.8898407e-15)))
(0.083 ((-0.060272833 0 0)(0 0 -1.1091824e-15)))
(0.084 ((-0.062162712 0 0)(0 0 -1.8902197e-15)))
(0.085 ((-0.064082353 0 0)(0 0 -2.5073234e-15)))
(0.086 ((-0.066031756 0 0)(0 0 -2.5145257e-15)))
(0.087 ((-0.068010919 0 0)(0 0 -1.8686129e-15)))
(0.088 ((-0.070019844 0 0)(0 0 -1.1884073e-15)))
(0.089 ((-0.072058529 0 0)(0 0 -1.2984883e-15)))
(0.09 ((-0.074126976 0 0)(0 0 -1.2423107e-15)))
(0.091 ((-0.076225183 0 0)(0 0 -1.3569401e-15)))
(0.092 ((-0.07835315 0 0)(0 0 -6.5854057e-16)))
(0.093 ((-0.080510877 0 0)(0 0 -8.0855017e-17)))
(0.094 ((-0.082698363 0 0)(0 0 4.6271695e-16)))
(0.095 ((-0.084915609 0 0)(0 0 1.2634572e-15)))
(0.096 ((-0.087162612 0 0)(0 0 4.775189e-16)))
(0.097 ((-0.089439373 0 0)(0 0 -1.4006283e-16)))
(0.098 ((-0.09174589 0 0)(0 0 -1.4045181e-16)))
(0.099 ((-0.094082163 0 0)(0 0 4.7868586e-16)))
(0.1 ((-0.096448189 0 0)(0 0 1.2591784e-15)))
(0.101 ((-0.098843967 0 0)(0 0 4.7866542e-16)))
(0.102 ((-0.1012695 0 0)(0 0 -1.4037003e-16)))
(0.103 ((-0.10372477 0 0)(0 0 -1.403695e-16)))
(0.104 ((-0.10620979 0 0)(0 0 4.786638e-16)))
(0.105 ((-0.10872455 0 0)(0 0 1.2591843e-15)))
(0.106 ((-0.11126904 0 0)(0 0 4.7866383e-16)))
(0.107 ((-0.11384326 0 0)(0 0 -1.4036961e-16)))
(0.108 ((-0.1164472 0 0)(0 0 -1.4036961e-16)))
(0.109 ((-0.11908086 0 0)(0 0 4.7866383e-16)))
(0.11 ((-0.12174421 0 0)(0 0 1.2591843e-15)))
(0.111 ((-0.12443726 0 0)(0 0 4.786638e-16)))
(0.112 ((-0.12715998 0 0)(0 0 -1.403695e-16)))
(0.113 ((-0.12991234 0 0)(0 0 -1.4037003e-16)))
(0.114 ((-0.13269434 0 0)(0 0 4.7866542e-16)))
(0.115 ((-0.13550593 0 0)(0 0 1.2591784e-15)))
(0.116 ((-0.13834709 0 0)(0 0 4.7868586e-16)))
(0.117 ((-0.14121776 0 0)(0 0 -1.4045181e-16)))
(0.118 ((-0.1441179 0 0)(0 0 -1.4006283e-16)))
(0.119 ((-0.14704744 0 0)(0 0 4.775189e-16)))
(0.12 ((-0.1500063 0 0)(0 0 1.2634572e-15)))
(0.121 ((-0.15299439 0 0)(0 0 4.6271695e-16)))
(0.122 ((-0.15601158 0 0)(0 0 -8.0855017e-17)))
(0.123 ((-0.15905774 0 0)(0 0 -6.5854057e-16)))
(0.124 ((-0.1621327 0 0)(0 0 -1.3569401e-15)))
(0.125 ((-0.16523625 0 0)(0 0 -1.2423107e-15)))
(0.126 ((-0.16836815 0 0)(0 0 -1.2984883e-15)))
(0.127 ((-0.1715281 0 0)(0 0 -1.1884073e-15)))
(0.128 ((-0.17471575 0 0)(0 0 -1.8686129e-15)))
(0.129 ((-0.17793067 0 0)(0 0 -2.5145257e-15)))
(0.13 ((-0.18117239 0 0)(0 0 -2.5073234e-15)))
(0.131 ((-0.18444031 0 0)(0 0 -1.8902198e-15)))
(0.132 ((-0.18773376 0 0)(0 0 -1.1091822e-15)))
(0.133 ((-0.19105197 0 0)(0 0 -1.8898412e-15)))
(0.134 ((-0.19439404 0 0)(0 0 -2.5088375e-15)))
(0.135 ((-0.19775897 0 0)(0 0 -2.5088475e-15)))
(0.136 ((-0.20114565 0 0)(0 0 -1.8898114e-15)))
(0.137 ((-0.20455286 0 0)(0 0 -1.1092917e-15)))
(0.138 ((-0.20797928 0 0)(0 0 -1.8898119e-15)))
(0.139 ((-0.21142351 0 0)(0 0 -2.5088454e-15)))
(0.14 ((-0.2148841 0 0)(0 0 -2.5088454e-15)))
(0.141 ((-0.21835958 0 0)(0 0 -1.8898119e-15)))
(0.142 ((-0.22184845 0 0)(0 0 -1.1092917e-15)))
(0.143 ((-0.22534928 0 0)(0 0 -1.8898114e-15)))
(0.144 ((-0.22886065 0 0)(0 0 -2.5088475e-15)))
(0.145 ((-0.23238126 0 0)(0 0 -2.5088375e-15)))
(0.146 ((-0.23590989 0 0)(0 0 -1.8898412e-15)))
(0.147 ((-0.23944541 0 0)(0 0 -1.1091822e-15)))
(0.148 ((-0.24298683 0 0)(0 0 -1.8902198e-15)))
(0.149 ((-0.24653326 0 0)(0 0 -2.5073234e-15)))
(0.15 ((-0.25008391 0 0)(0 0 -2.5145257e-15)))
(0.151 ((-0.25363813 0 0)(0 0 -1.8686129e-15)))
(0.152 ((-0.25719532 0 0)(0 0 -1.1884073e-15)))
(0.153 ((-0.26075499 0 0)(0 0 -1.2984883e-15)))
(0.154 ((-0.26431672 0 0)(0 0 -1.2423107e-15)))
(0.155 ((-0.26788017 0 0)(0 0 -1.3569401e-15)))
(0.156 ((-0.27144503 0 0)(0 0 -6.5854057e-16)))
(0.157 ((-0.27501106 0 0)(0 0 -8.0855017e-17)))
(0.158 ((-0.27857806 0 0)(0 0 4.6271695e-16)))
(0.159 ((-0.28214584 0 0)(0 0 1.2634572e-15)))
(0.16 ((-0.28571429 0 0)(0 0 4.775189e-16)))
(0.161 ((-0.28928326 0 0)(0 0 -1.4006283e-16)))
(0.162 ((-0.29285268 0 0)(0 0 -1.4045181e-16)))
(0.163 ((-0.29642247 0 0)(0 0 4.7868586e-16)))
(0.164 ((-0.29999255 0 0)(0 0 1.2591784e-15)))
(0.165 ((-0.30356287 0 0)(0 0 4.7866541e-16)))
(0.166 ((-0.30713339 0 0)(0 0 -1.4037003e-16)))
(0.167 ((-0.31070408 0 0)(0 0 -1.4036951e-16)))
(0.168 ((-0.3142749 0 0)(0 0 4.7866384e-16)))
(0.169 ((-0.31784583 0 0)(0 0 1.2591841e-15)))
(0.17 ((-0.32141685 0 0)(0 0 4.7866436e-16)))
(0.171 ((-0.32498794 0 0)(0 0 -1.403716e-16)))
(0.172 ((-0.3285591 0 0)(0 0 -1.403622e-16)))
(0.173 ((-0.3321303 0 0)(0 0 4.7863617e-16)))
(0.174 ((-0.33570155 0 0)(0 0 1.2592875e-15)))
(0.175 ((-0.33927283 0 0)(0 0 4.7827848e-16)))
(0.176 ((-0.34284413 0 0)(0 0 -1.3893145e-16)))
(0.177 ((-0.34641546 0 0)(0 0 -1.4573688e-16)))
(0.178 ((-0.34998681 0 0)(0 0 4.9869476e-16)))
(0.179 ((-0.35355817 0 0)(0 0 1.1844278e-15)))
(0.18 ((-0.35712954 0 0)(0 0 1.0537182e-15)))
(0.181 ((-0.36070092 0 0)(0 0 1.1868832e-15)))
(0.182 ((-0.36427232 0 0)(0 0 4.8887332e-16)))
(0.183 ((-0.36784371 0 0)(0 0 -1.0890648e-16)))
(0.184 ((-0.37141512 0 0)(0 0 -5.7249108e-16)))
(0.185 ((-0.37498653 0 0)(0 0 -1.969146e-15)))
(0.186 ((-0.37855794 0 0)(0 0 -2.43225e-15)))
(0.187 ((-0.38212935 0 0)(0 0 -3.0319522e-15)))
(0.188 ((-0.38570077 0 0)(0 0 -3.7227532e-15)))
(0.189 ((-0.38927219 0 0)(0 0 -3.6165014e-15)))
(0.19 ((-0.39284361 0 0)(0 0 -3.6467669e-15)))
(0.191 ((-0.39641503 0 0)(0 0 -3.6319566e-15)))
(0.192 ((-0.39998646 0 0)(0 0 -3.6609324e-15)))
(0.193 ((-0.40355788 0 0)(0 0 -3.5598394e-15)))
(0.194 ((-0.40712931 0 0)(0 0 -4.2312951e-15)))
(0.195 ((-0.41070073 0 0)(0 0 -4.9032196e-15)))
(0.196 ((-0.41427216 0 0)(0 0 -4.80072e-15)))
(0.197 ((-0.41784359 0 0)(0 0 -4.8348534e-15)))
(0.198 ((-0.42141501 0 0)(0 0 -4.8008195e-15)))
(0.199 ((-0.42498644 0 0)(0 0 -4.9028216e-15)))
(0.2 ((-0.42855787 0 0)(0 0 -4.2327877e-15)))
(0.201 ((-0.4321293 0 0)(0 0 -3.5542672e-15)))
(0.202 ((-0.43570072 0 0)(0 0 -3.6817287e-15)))
(0.203 ((-0.43927215 0 0)(0 0 -3.5543436e-15)))
(0.204 ((-0.44284358 0 0)(0 0 -4.232482e-15)))
(0.205 ((-0.44641501 0 0)(0 0 -4.9039677e-15)))
(0.206 ((-0.44998644 0 0)(0 0 -4.7965406e-15)))
(0.207 ((-0.45355786 0 0)(0 0 -4.8508228e-15)))
(0.208 ((-0.45712929 0 0)(0 0 -4.7411212e-15)))
(0.209 ((-0.46070072 0 0)(0 0 -5.4217051e-15)))
(0.21 ((-0.46427215 0 0)(0 0 -6.0657252e-15)))
(0.211 ((-0.46784358 0 0)(0 0 -6.065715e-15)))
(0.212 ((-0.47141501 0 0)(0 0 -5.4217356e-15)))
(0.213 ((-0.47498643 0 0)(0 0 -4.7410093e-15)))
(0.214 ((-0.47855786 0 0)(0 0 -4.8512397e-15)))
(0.215 ((-0.48212929 0 0)(0 0 -4.794985e-15)))
(0.216 ((-0.48570072 0 0)(0 0 -4.9097733e-15)))
(0.217 ((-0.48927215 0 0)(0 0 -4.2108154e-15)))
(0.218 ((-0.49284358 0 0)(0 0 -3.6352044e-15)))
(0.219 ((-0.49641501 0 0)(0 0 -3.0838928e-15)))
(0.22 ((-0.49998643 0 0)(0 0 -2.3120366e-15)))
(0.221 ((-0.50355786 0 0)(0 0 -2.9901782e-15)))
(0.222 ((-0.50712929 0 0)(0 0 -4.3061222e-15)))
(0.223 ((-0.51070072 0 0)(0 0 -4.8775128e-15)))
(0.224 ((-0.51427215 0 0)(0 0 -4.8287202e-15)))
(0.225 ((-0.51784358 0 0)(0 0 -4.7485596e-15)))
(0.226 ((-0.52141501 0 0)(0 0 -5.4140541e-15)))
(0.227 ((-0.52498643 0 0)(0 0 -6.0888908e-15)))
(0.228 ((-0.52855786 0 0)(0 0 -5.9807038e-15)))
(0.229 ((-0.53212929 0 0)(0 0 -6.0346745e-15)))
(0.23 ((-0.53570072 0 0)(0 0 -5.9269786e-15)))
(0.231 ((-0.53927215 0 0)(0 0 -6.5998512e-15)))
(0.232 ((-0.54284358 0 0)(0 0 -7.2727109e-15)))
(0.233 ((-0.54641501 0 0)(0 0 -7.1650536e-15)))
(0.234 ((-0.54998643 0 0)(0 0 -7.2188824e-15)))
(0.235 ((-0.55355786 0 0)(0 0 -7.1112245e-15)))
(0.236 ((-0.55712929 0 0)(0 0 -7.7840869e-15)))
(0.237 ((-0.56070072 0 0)(0 0 -8.4569494e-15)))
(0.238 ((-0.56427215 0 0)(0 0 -8.3492914e-15)))
(0.239 ((-0.56784358 0 0)(0 0 -8.4031203e-15)))
(0.24 ((-0.57141501 0 0)(0 0 -8.2954625e-15)))
(0.241 ((-0.57498643 0 0)(0 0 -8.9683244e-15)))
(0.242 ((-0.57855786 0 0)(0 0 -9.6411888e-15)))
(0.243 ((-0.58212929 0 0)(0 0 -9.5335235e-15)))
(0.244 ((-0.58570072 0 0)(0 0 -9.5873797e-15)))
(0.245 ((-0.58927215 0 0)(0 0 -9.4796202e-15)))
(0.246 ((-0.59284358 0 0)(0 0 -1.0152861e-14)))
(0.247 ((-0.59641501 0 0)(0 0 -1.082431e-14)))
(0.248 ((-0.59998643 0 0)(0 0 -1.0721929e-14)))
(0.249 ((-0.60355786 0 0)(0 0 -1.0756065e-14)))
(0.25 ((-0.60712929 0 0)(0 0 -1.0721902e-14)))
(0.251 ((-0.61070072 0 0)(0 0 -1.0824419e-14)))
(0.252 ((-0.61427215 0 0)(0 0 -1.0152453e-14)))
(0.253 ((-0.61784358 0 0)(0 0 -9.4811442e-15)))
(0.254 ((-0.62141501 0 0)(0 0 -9.581692e-15)))
(0.255 ((-0.62498643 0 0)(0 0 -9.5547503e-15)))
(0.256 ((-0.62855786 0 0)(0 0 -9.5619693e-15)))
(0.257 ((-0.63212929 0 0)(0 0 -9.560035e-15)))
(0.258 ((-0.63570072 0 0)(0 0 -9.5605533e-15)))
(0.259 ((-0.63927215 0 0)(0 0 -9.5604144e-15)))
(0.26 ((-0.64284358 0 0)(0 0 -9.5604516e-15)))
(0.261 ((-0.64641501 0 0)(0 0 -9.5604417e-15)))
(0.262 ((-0.64998643 0 0)(0 0 -9.5604443e-15)))
(0.263 ((-0.65355786 0 0)(0 0 -9.5604436e-15)))
(0.264 ((-0.65712929 0 0)(0 0 -9.5604438e-15)))
(0.265 ((-0.66070072 0 0)(0 0 -9.5604437e-15)))
(0.266 ((-0.66427215 0 0)(0 0 -9.5604438e-15)))
(0.267 ((-0.66784358 0 0)(0 0 -9.5604438e-15)))
(0.268 ((-0.67141501 0 0)(0 0 -9.5604438e-15)))
(0.269 ((-0.67498643 0 0)(0 0 -9.5604438e-15)))
(0.27 ((-0.67855786 0 0)(0 0 -9.5604438e-15)))
(0.271 ((-0.68212929 0 0)(0 0 -9.5604438e-15)))
(0.272 ((-0.68570072 0 0)(0 0 -9.5604437e-15)))
(0.273 ((-0.68927215 0 0)(0 0 -9.5604438e-15)))
(0.274 ((-0.69284358 0 0)(0 0 -9.5604436e-15)))
(0.275 ((-0.69641501 0 0)(0 0 -9.5604443e-15)))
(0.276 ((-0.69998643 0 0)(0 0 -9.5604417e-15)))
(0.277 ((-0.70355786 0 0)(0 0 -9.5604516e-15)))
(0.278 ((-0.70712929 0 0)(0 0 -9.5604144e-15)))
(0.279 ((-0.71070072 0 0)(0 0 -9.5605532e-15)))
(0.28 ((-0.71427215 0 0)(0 0 -9.5600354e-15)))
(0.281 ((-0.71784358 0 0)(0 0 -9.5619679e-15)))
(0.282 ((-0.72141501 0 0)(0 0 -9.5547555e-15)))
(0.283 ((-0.72498643 0 0)(0 0 -9.5816726e-15)))
(0.284 ((-0.72855786 0 0)(0 0 -9.4812166e-15)))
(0.285 ((-0.73212929 0 0)(0 0 -1.0152183e-14)))
(0.286 ((-0.73570072 0 0)(0 0 -1.0825427e-14)))
(0.287 ((-0.73927215 0 0)(0 0 -1.0718139e-14)))
(0.288 ((-0.74284358 0 0)(0 0 -1.0770105e-14)))
(0.289 ((-0.74641501 0 0)(0 0 -1.066953e-14)))
(0.29 ((-0.74998643 0 0)(0 0 -1.1315925e-14)))
(0.291 ((-0.75355786 0 0)(0 0 -1.2087575e-14)))
(0.292 ((-0.75712929 0 0)(0 0 -1.1315172e-14)))
(0.293 ((-0.76070072 0 0)(0 0 -1.0672539e-14)))
(0.294 ((-0.76427215 0 0)(0 0 -1.075882e-14)))
(0.295 ((-0.76784358 0 0)(0 0 -1.0760271e-14)))
(0.296 ((-0.77141501 0 0)(0 0 -1.0668187e-14)))
(0.297 ((-0.77498643 0 0)(0 0 -1.1331131e-14)))
(0.298 ((-0.77855786 0 0)(0 0 -1.2028092e-14)))
(0.299 ((-0.78212929 0 0)(0 0 -1.1833957e-14)))
(0.3 ((-0.78570072 0 0)(0 0 -1.2505655e-14)))
(0.301 ((-0.78927215 0 0)(0 0 -1.3269655e-14)))
(0.302 ((-0.79284358 0 0)(0 0 -1.2502551e-14)))
(0.303 ((-0.79641501 0 0)(0 0 -1.1846373e-14)))
(0.304 ((-0.79998643 0 0)(0 0 -1.1981535e-14)))
(0.305 ((-0.80355786 0 0)(0 0 -1.1652976e-14)))
(0.306 ((-0.80712929 0 0)(0 0 -1.120372e-14)))
(0.307 ((-0.81070072 0 0)(0 0 -1.1997036e-14)))
(0.308 ((-0.81427215 0 0)(0 0 -1.2233625e-14)))
(0.309 ((-0.81784358 0 0)(0 0 -1.2418338e-14)))
(0.31 ((-0.82141501 0 0)(0 0 -1.3515314e-14)))
(0.311 ((-0.82498643 0 0)(0 0 -1.367965e-14)))
(0.312 ((-0.82855786 0 0)(0 0 -1.3997746e-14)))
(0.313 ((-0.83212929 0 0)(0 0 -1.433738e-14)))
(0.314 ((-0.83570072 0 0)(0 0 -1.4289075e-14)))
(0.315 ((-0.83927215 0 0)(0 0 -1.4290691e-14)))
(0.316 ((-0.84284358 0 0)(0 0 -1.4332531e-14)))
(0.317 ((-0.84641501 0 0)(0 0 -1.4015525e-14)))
(0.318 ((-0.84998643 0 0)(0 0 -1.3613384e-14)))
(0.319 ((-0.85355786 0 0)(0 0 -1.4058657e-14)))
(0.32 ((-0.85712929 0 0)(0 0 -1.4011973e-14)))
(0.321 ((-0.86070072 0 0)(0 0 -1.3901465e-14)))
(0.322 ((-0.86427215 0 0)(0 0 -1.468624e-14)))
(0.323 ((-0.86784358 0 0)(0 0 -1.4618244e-14)))
(0.324 ((-0.87141501 0 0)(0 0 -1.4253482e-14)))
(0.325 ((-0.87498643 0 0)(0 0 -1.4300228e-14)))
(0.326 ((-0.87855786 0 0)(0 0 -1.4329976e-14)))
(0.327 ((-0.88212929 0 0)(0 0 -1.401621e-14)))
(0.328 ((-0.88570072 0 0)(0 0 -1.3613201e-14)))
(0.329 ((-0.88927215 0 0)(0 0 -1.4058706e-14)))
(0.33 ((-0.89284358 0 0)(0 0 -1.4011962e-14)))
(0.331 ((-0.89641501 0 0)(0 0 -1.390146e-14)))
(0.332 ((-0.89998643 0 0)(0 0 -1.4686273e-14)))
(0.333 ((-0.90355786 0 0)(0 0 -1.4618118e-14)))
(0.334 ((-0.90712929 0 0)(0 0 -1.4253956e-14)))
(0.335 ((-0.91070072 0 0)(0 0 -1.4298462e-14)))
(0.336 ((-0.91427215 0 0)(0 0 -1.433657e-14)))
(0.337 ((-0.91784358 0 0)(0 0 -1.3991602e-14)))
(0.338 ((-0.92141501 0 0)(0 0 -1.3705037e-14)))
(0.339 ((-0.92498643 0 0)(0 0 -1.3419909e-14)))
(0.34 ((-0.92855786 0 0)(0 0 -1.3070628e-14)))
(0.341 ((-0.93212929 0 0)(0 0 -1.3124553e-14)))
(0.342 ((-0.93570072 0 0)(0 0 -1.3110104e-14)))
(0.343 ((-0.93927215 0 0)(0 0 -1.3113977e-14)))
(0.344 ((-0.94284358 0 0)(0 0 -1.3112933e-14)))
(0.345 ((-0.94641501 0 0)(0 0 -1.3113234e-14)))
(0.346 ((-0.94998643 0 0)(0 0 -1.3113076e-14)))
(0.347 ((-0.95355786 0 0)(0 0 -1.3113407e-14)))
(0.348 ((-0.95712929 0 0)(0 0 -1.3112241e-14)))
(0.349 ((-0.96070072 0 0)(0 0 -1.3116574e-14)))
(0.35 ((-0.96427215 0 0)(0 0 -1.3100407e-14)))
(0.351 ((-0.96784358 0 0)(0 0 -1.3160741e-14)))
(0.352 ((-0.97141501 0 0)(0 0 -1.2787544e-14)))
(0.353 ((-0.97498643 0 0)(0 0 -1.2739701e-14)))
(0.354 ((-0.97855786 0 0)(0 0 -1.3452298e-14)))
(0.355 ((-0.98212929 0 0)(0 0 -1.3758379e-14)))
(0.356 ((-0.98570072 0 0)(0 0 -1.3449783e-14)))
(0.357 ((-0.98927215 0 0)(0 0 -1.274976e-14)))
(0.358 ((-0.99284358 0 0)(0 0 -1.2749825e-14)))
(0.359 ((-0.99641501 0 0)(0 0 -1.3449586e-14)))
(0.36 ((-0.99998643 0 0)(0 0 -1.3759103e-14)))
(0.361 ((-1.0035579 0 0)(0 0 -1.3449602e-14)))
(0.362 ((-1.0071293 0 0)(0 0 -1.274976e-14)))
(0.363 ((-1.0107007 0 0)(0 0 -1.2750005e-14)))
(0.364 ((-1.0142721 0 0)(0 0 -1.3448868e-14)))
(0.365 ((-1.0178436 0 0)(0 0 -1.3761796e-14)))
(0.366 ((-1.021415 0 0)(0 0 -1.3439548e-14)))
(0.367 ((-1.0249864 0 0)(0 0 -1.2787285e-14)))
(0.368 ((-1.0285579 0 0)(0 0 -1.246193e-14)))
(0.369 ((-1.0321293 0 0)(0 0 -1.2787285e-14)))
(0.37 ((-1.0357007 0 0)(0 0 -1.3439549e-14)))
(0.371 ((-1.0392721 0 0)(0 0 -1.3761792e-14)))
(0.372 ((-1.0428436 0 0)(0 0 -1.3448882e-14)))
(0.373 ((-1.046415 0 0)(0 0 -1.2749953e-14)))
(0.374 ((-1.0499864 0 0)(0 0 -1.2749953e-14)))
(0.375 ((-1.0535579 0 0)(0 0 -1.3448882e-14)))
(0.376 ((-1.0571293 0 0)(0 0 -1.3761792e-14)))
(0.377 ((-1.0607007 0 0)(0 0 -1.3439549e-14)))
(0.378 ((-1.0642721 0 0)(0 0 -1.2787285e-14)))
(0.379 ((-1.0678436 0 0)(0 0 -1.246193e-14)))
(0.38 ((-1.071415 0 0)(0 0 -1.2787285e-14)))
(0.381 ((-1.0749864 0 0)(0 0 -1.3439548e-14)))
(0.382 ((-1.0785579 0 0)(0 0 -1.3761796e-14)))
(0.383 ((-1.0821293 0 0)(0 0 -1.3448868e-14)))
(0.384 ((-1.0857007 0 0)(0 0 -1.2750005e-14)))
(0.385 ((-1.0892721 0 0)(0 0 -1.274976e-14)))
(0.386 ((-1.0928436 0 0)(0 0 -1.3449603e-14)))
(0.387 ((-1.096415 0 0)(0 0 -1.3759102e-14)))
(0.388 ((-1.0999864 0 0)(0 0 -1.344959e-14)))
(0.389 ((-1.1035579 0 0)(0 0 -1.2749812e-14)))
(0.39 ((-1.1071293 0 0)(0 0 -1.2749812e-14)))
(0.391 ((-1.1107007 0 0)(0 0 -1.344959e-14)))
(0.392 ((-1.1142721 0 0)(0 0 -1.3759102e-14)))
(0.393 ((-1.1178436 0 0)(0 0 -1.3449603e-14)))
(0.394 ((-1.121415 0 0)(0 0 -1.274976e-14)))
(0.395 ((-1.1249864 0 0)(0 0 -1.2750005e-14)))
(0.396 ((-1.1285579 0 0)(0 0 -1.3448868e-14)))
(0.397 ((-1.1321293 0 0)(0 0 -1.3761796e-14)))
(0.398 ((-1.1357007 0 0)(0 0 -1.3439548e-14)))
(0.399 ((-1.1392721 0 0)(0 0 -1.2787285e-14)))
(0.4 ((-1.1428436 0 0)(0 0 -1.246193e-14)))
(0.401 ((-1.146415 0 0)(0 0 -1.2787285e-14)))
(0.402 ((-1.1499864 0 0)(0 0 -1.3439549e-14)))
(0.403 ((-1.1535579 0 0)(0 0 -1.3761792e-14)))
(0.404 ((-1.1571293 0 0)(0 0 -1.3448882e-14)))
(0.405 ((-1.1607007 0 0)(0 0 -1.2749953e-14)))
(0.406 ((-1.1642721 0 0)(0 0 -1.2749953e-14)))
(0.407 ((-1.1678436 0 0)(0 0 -1.3448881e-14)))
(0.408 ((-1.171415 0 0)(0 0 -1.3761793e-14)))
(0.409 ((-1.1749864 0 0)(0 0 -1.3439546e-14)))
(0.41 ((-1.1785579 0 0)(0 0 -1.2787296e-14)))
(0.411 ((-1.1821293 0 0)(0 0 -1.2461888e-14)))
(0.412 ((-1.1857007 0 0)(0 0 -1.2787442e-14)))
(0.413 ((-1.1892721 0 0)(0 0 -1.3438962e-14)))
(0.414 ((-1.1928436 0 0)(0 0 -1.3763982e-14)))
(0.415 ((-1.196415 0 0)(0 0 -1.3440707e-14)))
(0.416 ((-1.1999864 0 0)(0 0 -1.2780461e-14)))
(0.417 ((-1.2035579 0 0)(0 0 -1.2488067e-14)))
(0.418 ((-1.2071293 0 0)(0 0 -1.2541531e-14)))
(0.419 ((-1.2107007 0 0)(0 0 -1.2472041e-14)))
(0.42 ((-1.2142721 0 0)(0 0 -1.2844565e-14)))
(0.421 ((-1.2178436 0 0)(0 0 -1.2904258e-14)))
(0.422 ((-1.221415 0 0)(0 0 -1.2144932e-14)))
(0.423 ((-1.2249864 0 0)(0 0 -1.2161949e-14)))
(0.424 ((-1.2285579 0 0)(0 0 -1.2853205e-14)))
(0.425 ((-1.2321293 0 0)(0 0 -1.3179787e-14)))
(0.426 ((-1.2357007 0 0)(0 0 -1.281053e-14)))
(0.427 ((-1.2392721 0 0)(0 0 -1.2480679e-14)))
(0.428 ((-1.2428436 0 0)(0 0 -1.2541014e-14)))
(0.429 ((-1.246415 0 0)(0 0 -1.2481497e-14)))
(0.43 ((-1.2499864 0 0)(0 0 -1.280726e-14)))
(0.431 ((-1.2535579 0 0)(0 0 -1.3192051e-14)))
(0.432 ((-1.2571293 0 0)(0 0 -1.280742e-14)))
(0.433 ((-1.2607007 0 0)(0 0 -1.2480856e-14)))
(0.434 ((-1.2642721 0 0)(0 0 -1.2543417e-14)))
(0.435 ((-1.2678436 0 0)(0 0 -1.2471709e-14)))
(0.436 ((-1.271415 0 0)(0 0 -1.2844009e-14)))
(0.437 ((-1.2749864 0 0)(0 0 -1.2906813e-14)))
(0.438 ((-1.2785579 0 0)(0 0 -1.2135266e-14)))
(0.439 ((-1.2821293 0 0)(0 0 -1.2198055e-14)))
(0.44 ((-1.2857007 0 0)(0 0 -1.2570418e-14)))
(0.441 ((-1.2892721 0 0)(0 0 -1.2498473e-14)))
(0.442 ((-1.2928436 0 0)(0 0 -1.256192e-14)))
(0.443 ((-1.296415 0 0)(0 0 -1.2232049e-14)))
(0.444 ((-1.2999864 0 0)(0 0 -1.1859757e-14)))
(0.445 ((-1.3035579 0 0)(0 0 -1.2198499e-14)))
(0.446 ((-1.3071293 0 0)(0 0 -1.2844152e-14)))
(0.447 ((-1.3107007 0 0)(0 0 -1.3179452e-14)))
(0.448 ((-1.3142721 0 0)(0 0 -1.2820924e-14)))
(0.449 ((-1.3178436 0 0)(0 0 -1.2439441e-14)))
(0.45 ((-1.321415 0 0)(0 0 -1.2843602e-14)))
(0.451 ((-1.3249864 0 0)(0 0 -1.3088738e-14)))
(0.452 ((-1.3285579 0 0)(0 0 -1.3480389e-14)))
(0.453 ((-1.3321293 0 0)(0 0 -1.3148946e-14)))
(0.454 ((-1.3357007 0 0)(0 0 -1.2454742e-14)))
(0.455 ((-1.3392721 0 0)(0 0 -1.2454375e-14)))
(0.456 ((-1.3428436 0 0)(0 0 -1.3150049e-14)))
(0.457 ((-1.346415 0 0)(0 0 -1.3476345e-14)))
(0.458 ((-1.3499864 0 0)(0 0 -1.3103812e-14)))
(0.459 ((-1.3535579 0 0)(0 0 -1.2787353e-14)))
(0.46 ((-1.3571293 0 0)(0 0 -1.2797395e-14)))
(0.461 ((-1.3607007 0 0)(0 0 -1.3073684e-14)))
(0.462 ((-1.3642721 0 0)(0 0 -1.3734844e-14)))
(0.463 ((-1.3678436 0 0)(0 0 -1.4070569e-14)))
(0.464 ((-1.371415 0 0)(0 0 -1.3694835e-14)))
(0.465 ((-1.3749864 0 0)(0 0 -1.3381748e-14)))
(0.466 ((-1.3785579 0 0)(0 0 -1.3381503e-14)))
(0.467 ((-1.3821293 0 0)(0 0 -1.3695571e-14)))
(0.468 ((-1.3857007 0 0)(0 0 -1.4067871e-14)))
(0.469 ((-1.3892721 0 0)(0 0 -1.37449e-14)))
(0.47 ((-1.3928436 0 0)(0 0 -1.3036159e-14)))
(0.471 ((-1.396415 0 0)(0 0 -1.308547e-14)))
(0.472 ((-1.3999864 0 0)(0 0 -1.3448935e-14)))
(0.473 ((-1.4035579 0 0)(0 0 -1.3426061e-14)))
(0.474 ((-1.4071293 0 0)(0 0 -1.3154094e-14)))
(0.475 ((-1.4107007 0 0)(0 0 -1.248848e-14)))
(0.476 ((-1.4142721 0 0)(0 0 -1.2166248e-14)))
(0.477 ((-1.4178436 0 0)(0 0 -1.2492461e-14)))
(0.478 ((-1.421415 0 0)(0 0 -1.3138169e-14)))
(0.479 ((-1.4249864 0 0)(0 0 -1.3485778e-14)))
(0.48 ((-1.4285579 0 0)(0 0 -1.3077961e-14)))
(0.481 ((-1.4321293 0 0)(0 0 -1.2881324e-14)))
(0.482 ((-1.4357007 0 0)(0 0 -1.2151301e-14)))
(0.483 ((-1.4392721 0 0)(0 0 -1.2159405e-14)))
(0.484 ((-1.4428436 0 0)(0 0 -1.2857012e-14)))
(0.485 ((-1.446415 0 0)(0 0 -1.3167106e-14)))
(0.486 ((-1.4499864 0 0)(0 0 -1.2857451e-14)))
(0.487 ((-1.4535579 0 0)(0 0 -1.215765e-14)))
(0.488 ((-1.4571293 0 0)(0 0 -1.2157884e-14)))
(0.489 ((-1.4607007 0 0)(0 0 -1.2856749e-14)))
(0.49 ((-1.4642721 0 0)(0 0 -1.3169677e-14)))
(0.491 ((-1.4678436 0 0)(0 0 -1.2847429e-14)))
(0.492 ((-1.471415 0 0)(0 0 -1.2195166e-14)))
(0.493 ((-1.4749864 0 0)(0 0 -1.1869811e-14)))
(0.494 ((-1.4785579 0 0)(0 0 -1.2195166e-14)))
(0.495 ((-1.4821293 0 0)(0 0 -1.284743e-14)))
(0.496 ((-1.4857007 0 0)(0 0 -1.3169673e-14)))
(0.497 ((-1.4892721 0 0)(0 0 -1.2856763e-14)))
(0.498 ((-1.4928436 0 0)(0 0 -1.2157834e-14)))
(0.499 ((-1.496415 0 0)(0 0 -1.2157834e-14)))
(0.5 ((-1.4999864 0 0)(0 0 -1.2856763e-14)))
(0.501 ((-1.5035579 0 0)(0 0 -1.3169673e-14)))
(0.502 ((-1.5071293 0 0)(0 0 -1.284743e-14)))
(0.503 ((-1.5107007 0 0)(0 0 -1.2195166e-14)))
(0.504 ((-1.5142721 0 0)(0 0 -1.1869811e-14)))
(0.505 ((-1.5178436 0 0)(0 0 -1.2195166e-14)))
(0.506 ((-1.521415 0 0)(0 0 -1.2847429e-14)))
(0.507 ((-1.5249864 0 0)(0 0 -1.3169677e-14)))
(0.508 ((-1.5285579 0 0)(0 0 -1.2856749e-14)))
(0.509 ((-1.5321293 0 0)(0 0 -1.2157886e-14)))
(0.51 ((-1.5357007 0 0)(0 0 -1.2157641e-14)))
(0.511 ((-1.5392721 0 0)(0 0 -1.2857484e-14)))
(0.512 ((-1.5428436 0 0)(0 0 -1.3166983e-14)))
(0.513 ((-1.546415 0 0)(0 0 -1.2857471e-14)))
(0.514 ((-1.5499864 0 0)(0 0 -1.2157693e-14)))
(0.515 ((-1.5535579 0 0)(0 0 -1.2157693e-14)))
(0.516 ((-1.5571293 0 0)(0 0 -1.2857471e-14)))
(0.517 ((-1.5607007 0 0)(0 0 -1.3166983e-14)))
(0.518 ((-1.5642721 0 0)(0 0 -1.2857484e-14)))
(0.519 ((-1.5678436 0 0)(0 0 -1.2157641e-14)))
(0.52 ((-1.571415 0 0)(0 0 -1.2157886e-14)))
(0.521 ((-1.5749864 0 0)(0 0 -1.2856749e-14)))
(0.522 ((-1.5785579 0 0)(0 0 -1.3169677e-14)))
(0.523 ((-1.5821293 0 0)(0 0 -1.2847429e-14)))
(0.524 ((-1.5857007 0 0)(0 0 -1.2195166e-14)))
(0.525 ((-1.5892721 0 0)(0 0 -1.186981e-14)))
(0.526 ((-1.5928436 0 0)(0 0 -1.219517e-14)))
(0.527 ((-1.596415 0 0)(0 0 -1.2847415e-14)))
(0.528 ((-1.5999864 0 0)(0 0 -1.3169728e-14)))
(0.529 ((-1.6035579 0 0)(0 0 -1.2856557e-14)))
(0.53 ((-1.6071293 0 0)(0 0 -1.2158601e-14)))
(0.531 ((-1.6107007 0 0)(0 0 -1.2154971e-14)))
(0.532 ((-1.6142721 0 0)(0 0 -1.2867448e-14)))
(0.533 ((-1.6178436 0 0)(0 0 -1.3129794e-14)))
(0.534 ((-1.621415 0 0)(0 0 -1.3144291e-14)))
(0.535 ((-1.6249864 0 0)(0 0 -1.2823955e-14)))
(0.536 ((-1.6285579 0 0)(0 0 -1.2462474e-14)))
(0.537 ((-1.6321293 0 0)(0 0 -1.2748437e-14)))
(0.538 ((-1.6357007 0 0)(0 0 -1.3742424e-14)))
(0.539 ((-1.6392721 0 0)(0 0 -1.4365495e-14)))
(0.54 ((-1.6428436 0 0)(0 0 -1.428391e-14)))
(0.541 ((-1.646415 0 0)(0 0 -1.4283238e-14)))
(0.542 ((-1.6499864 0 0)(0 0 -1.4515538e-14)))
(0.543 ((-1.6535579 0 0)(0 0 -1.5511396e-14)))
(0.544 ((-1.6571293 0 0)(0 0 -1.6180647e-14)))
(0.545 ((-1.6607007 0 0)(0 0 -1.576444e-14)))
(0.546 ((-1.6642721 0 0)(0 0 -1.5427749e-14)))
(0.547 ((-1.6678436 0 0)(0 0 -1.5710421e-14)))
(0.548 ((-1.671415 0 0)(0 0 -1.6692782e-14)))
(0.549 ((-1.6749864 0 0)(0 0 -1.7365646e-14)))
(0.55 ((-1.6785579 0 0)(0 0 -1.6948483e-14)))
(0.551 ((-1.6821293 0 0)(0 0 -1.6612004e-14)))
(0.552 ((-1.6857007 0 0)(0 0 -1.6894787e-14)))
(0.553 ((-1.6892721 0 0)(0 0 -1.7876491e-14)))
(0.554 ((-1.6928436 0 0)(0 0 -1.8551873e-14)))
(0.555 ((-1.696415 0 0)(0 0 -1.8125295e-14)))
(0.556 ((-1.6999864 0 0)(0 0 -1.7823957e-14)))
(0.557 ((-1.7035579 0 0)(0 0 -1.7827559e-14)))
(0.558 ((-1.7071293 0 0)(0 0 -1.8114489e-14)))
(0.559 ((-1.7107007 0 0)(0 0 -1.8739524e-14)))
(0.56 ((-1.7142721 0 0)(0 0 -1.9357138e-14)))
(0.561 ((-1.7178436 0 0)(0 0 -1.9666332e-14)))
(0.562 ((-1.721415 0 0)(0 0 -1.95883e-14)))
(0.563 ((-1.7249864 0 0)(0 0 -1.9887293e-14)))
(0.564 ((-1.7285579 0 0)(0 0 -2.054571e-14)))
(0.565 ((-1.7321293 0 0)(0 0 -2.0869703e-14)))
(0.566 ((-1.7357007 0 0)(0 0 -2.0543639e-14)))
(0.567 ((-1.7392721 0 0)(0 0 -1.9895575e-14)))
(0.568 ((-1.7428436 0 0)(0 0 -1.9557242e-14)))
(0.569 ((-1.746415 0 0)(0 0 -1.993031e-14)))
(0.57 ((-1.7499864 0 0)(0 0 -2.0256669e-14)))
(0.571 ((-1.7535579 0 0)(0 0 -2.0206492e-14)))
(0.572 ((-1.7571293 0 0)(0 0 -2.022887e-14)))
(0.573 ((-1.7607007 0 0)(0 0 -2.0189537e-14)))
(0.574 ((-1.7642721 0 0)(0 0 -2.0472519e-14)))
(0.575 ((-1.7678436 0 0)(0 0 -2.1156282e-14)))
(0.576 ((-1.771415 0 0)(0 0 -2.1394902e-14)))
(0.577 ((-1.7749864 0 0)(0 0 -2.1681044e-14)))
(0.578 ((-1.7785579 0 0)(0 0 -2.2074213e-14)))
(0.579 ((-1.7821293 0 0)(0 0 -2.1695693e-14)))
(0.58 ((-1.7857007 0 0)(0 0 -2.1336307e-14)))
(0.581 ((-1.7892721 0 0)(0 0 -2.1672076e-14)))
(0.582 ((-1.7928436 0 0)(0 0 -2.2316712e-14)))
(0.583 ((-1.796415 0 0)(0 0 -2.2659052e-14)))
(0.584 ((-1.7999864 0 0)(0 0 -2.2273385e-14)))
(0.585 ((-1.8035579 0 0)(0 0 -2.1993416e-14)))
(0.586 ((-1.8071293 0 0)(0 0 -2.1722599e-14)))
(0.587 ((-1.8107007 0 0)(0 0 -2.1309479e-14)))
(0.588 ((-1.8142721 0 0)(0 0 -2.1752482e-14)))
(0.589 ((-1.8178436 0 0)(0 0 -2.1725858e-14)))
(0.59 ((-1.821415 0 0)(0 0 -2.1389348e-14)))
(0.591 ((-1.8249864 0 0)(0 0 -2.1133686e-14)))
(0.592 ((-1.8285579 0 0)(0 0 -2.0716486e-14)))
(0.593 ((-1.8321293 0 0)(0 0 -2.1160651e-14)))
(0.594 ((-1.8357007 0 0)(0 0 -2.1133459e-14)))
(0.595 ((-1.8392721 0 0)(0 0 -2.0798062e-14)))
(0.596 ((-1.8428436 0 0)(0 0 -2.0538514e-14)))
(0.597 ((-1.846415 0 0)(0 0 -2.0135746e-14)))
(0.598 ((-1.8499864 0 0)(0 0 -2.052607e-14)))
(0.599 ((-1.8535579 0 0)(0 0 -2.0847838e-14)))
(0.6 ((-1.8571293 0 0)(0 0 -2.0798771e-14)))
(0.601 ((-1.8607007 0 0)(0 0 -2.0821302e-14)))
(0.602 ((-1.8642721 0 0)(0 0 -2.0780242e-14)))
(0.603 ((-1.8678436 0 0)(0 0 -2.1069982e-14)))
(0.604 ((-1.871415 0 0)(0 0 -2.1728441e-14)))
(0.605 ((-1.8749864 0 0)(0 0 -2.2061519e-14)))
(0.606 ((-1.8785579 0 0)(0 0 -2.1699072e-14)))
(0.607 ((-1.8821293 0 0)(0 0 -2.1335486e-14)))
(0.608 ((-1.8857007 0 0)(0 0 -2.1671981e-14)))
(0.609 ((-1.8892721 0 0)(0 0 -2.2317914e-14)))
(0.61 ((-1.8928436 0 0)(0 0 -2.2654341e-14)))
(0.611 ((-1.896415 0 0)(0 0 -2.2291025e-14)))
(0.612 ((-1.8999864 0 0)(0 0 -2.1927565e-14)))
(0.613 ((-1.9035579 0 0)(0 0 -2.2264426e-14)))
(0.614 ((-1.9071293 0 0)(0 0 -2.2908769e-14)))
(0.615 ((-1.9107007 0 0)(0 0 -2.3251187e-14)))
(0.616 ((-1.9142721 0 0)(0 0 -2.28655e-14)))
(0.617 ((-1.9178436 0 0)(0 0 -2.2585534e-14)))
(0.618 ((-1.921415 0 0)(0 0 -2.2314727e-14)))
(0.619 ((-1.9249864 0 0)(0 0 -2.1901566e-14)))
(0.62 ((-1.9285579 0 0)(0 0 -2.2344718e-14)))
(0.621 ((-1.9321293 0 0)(0 0 -2.2317538e-14)))
(0.622 ((-1.9357007 0 0)(0 0 -2.1983106e-14)))
(0.623 ((-1.9392721 0 0)(0 0 -2.1719687e-14)))
(0.624 ((-1.9428436 0 0)(0 0 -2.133144e-14)))
(0.625 ((-1.946415 0 0)(0 0 -2.1593532e-14)))
(0.626 ((-1.9499864 0 0)(0 0 -2.1451515e-14)))
(0.627 ((-1.9535579 0 0)(0 0 -2.0795301e-14)))
(0.628 ((-1.9571293 0 0)(0 0 -2.0231504e-14)))
(0.629 ((-1.9607007 0 0)(0 0 -1.9590191e-14)))
(0.63 ((-1.9642721 0 0)(0 0 -1.9314555e-14)))
(0.631 ((-1.9678436 0 0)(0 0 -1.9208042e-14)))
(0.632 ((-1.971415 0 0)(0 0 -1.8873523e-14)))
(0.633 ((-1.9749864 0 0)(0 0 -1.8615769e-14)))
(0.634 ((-1.9785579 0 0)(0 0 -1.8130931e-14)))
(0.635 ((-1.9821293 0 0)(0 0 -1.7811534e-14)))
(0.636 ((-1.9857007 0 0)(0 0 -1.7871616e-14)))
(0.637 ((-1.9892721 0 0)(0 0 -1.772864e-14)))
(0.638 ((-1.9928436 0 0)(0 0 -1.7278271e-14)))
(0.639 ((-1.996415 0 0)(0 0 -1.6632202e-14)))
(0.64 ((-1.9999864 0 0)(0 0 -1.6336176e-14)))
(0.641 ((-2.0035579 0 0)(0 0 -1.6389991e-14)))
(0.642 ((-2.0071293 0 0)(0 0 -1.6248713e-14)))
(0.643 ((-2.0107007 0 0)(0 0 -1.5797818e-14)))
(0.644 ((-2.0142721 0 0)(0 0 -1.5152157e-14)))
(0.645 ((-2.0178436 0 0)(0 0 -1.4855027e-14)))
(0.646 ((-2.021415 0 0)(0 0 -1.491285e-14)))
(0.647 ((-2.0249864 0 0)(0 0 -1.4756644e-14)))
(0.648 ((-2.0285579 0 0)(0 0 -1.4435466e-14)))
(0.649 ((-2.0321293 0 0)(0 0 -1.4174043e-14)))
(0.65 ((-2.0357007 0 0)(0 0 -1.3690541e-14)))
(0.651 ((-2.0392721 0 0)(0 0 -1.3369464e-14)))
(0.652 ((-2.0428436 0 0)(0 0 -1.3434932e-14)))
(0.653 ((-2.046415 0 0)(0 0 -1.3272094e-14)))
(0.654 ((-2.0499864 0 0)(0 0 -1.2969801e-14)))
(0.655 ((-2.0535579 0 0)(0 0 -1.2639468e-14)))
(0.656 ((-2.0571293 0 0)(0 0 -1.2634767e-14)))
(0.657 ((-2.0607007 0 0)(0 0 -1.2983904e-14)))
(0.658 ((-2.0642721 0 0)(0 0 -1.3146367e-14)))
(0.659 ((-2.0678436 0 0)(0 0 -1.2961543e-14)))
(0.66 ((-2.071415 0 0)(0 0 -1.2798228e-14)))
(0.661 ((-2.0749864 0 0)(0 0 -1.2822148e-14)))
(0.662 ((-2.0785579 0 0)(0 0 -1.2815768e-14)))
(0.663 ((-2.0821293 0 0)(0 0 -1.2817366e-14)))
(0.664 ((-2.0857007 0 0)(0 0 -1.2817354e-14)))
(0.665 ((-2.0892721 0 0)(0 0 -1.2815804e-14)))
(0.666 ((-2.0928436 0 0)(0 0 -1.2822017e-14)))
(0.667 ((-2.096415 0 0)(0 0 -1.2798717e-14)))
(0.668 ((-2.0999864 0 0)(0 0 -1.2959718e-14)))
(0.669 ((-2.1035579 0 0)(0 0 -1.3153176e-14)))
(0.67 ((-2.1071293 0 0)(0 0 -1.2958492e-14)))
(0.671 ((-2.1107007 0 0)(0 0 -1.2803622e-14)))
(0.672 ((-2.1142721 0 0)(0 0 -1.2803622e-14)))
(0.673 ((-2.1178436 0 0)(0 0 -1.2958492e-14)))
(0.674 ((-2.121415 0 0)(0 0 -1.3153176e-14)))
(0.675 ((-2.1249864 0 0)(0 0 -1.2959718e-14)))
(0.676 ((-2.1285579 0 0)(0 0 -1.2798717e-14)))
(0.677 ((-2.1321293 0 0)(0 0 -1.2822017e-14)))
(0.678 ((-2.1357007 0 0)(0 0 -1.2815804e-14)))
(0.679 ((-2.1392721 0 0)(0 0 -1.2817357e-14)))
(0.68 ((-2.1428436 0 0)(0 0 -1.2817357e-14)))
(0.681 ((-2.146415 0 0)(0 0 -1.2815804e-14)))
(0.682 ((-2.1499864 0 0)(0 0 -1.2822016e-14)))
(0.683 ((-2.1535579 0 0)(0 0 -1.2798718e-14)))
(0.684 ((-2.1571293 0 0)(0 0 -1.2959712e-14)))
(0.685 ((-2.1607007 0 0)(0 0 -1.3153198e-14)))
(0.686 ((-2.1642721 0 0)(0 0 -1.295841e-14)))
(0.687 ((-2.1678436 0 0)(0 0 -1.2803928e-14)))
(0.688 ((-2.171415 0 0)(0 0 -1.2802481e-14)))
(0.689 ((-2.1749864 0 0)(0 0 -1.2962751e-14)))
(0.69 ((-2.1785579 0 0)(0 0 -1.3137282e-14)))
(0.691 ((-2.1821293 0 0)(0 0 -1.309305e-14)))
(0.692 ((-2.1857007 0 0)(0 0 -1.3243477e-14)))
(0.693 ((-2.1892721 0 0)(0 0 -1.3574181e-14)))
(0.694 ((-2.1928436 0 0)(0 0 -1.3729265e-14)))
(0.695 ((-2.196415 0 0)(0 0 -1.3666402e-14)))
(0.696 ((-2.1999864 0 0)(0 0 -1.3984816e-14)))
(0.697 ((-2.2035579 0 0)(0 0 -1.4476364e-14)))
(0.698 ((-2.2071293 0 0)(0 0 -1.4708264e-14)))
(0.699 ((-2.2107007 0 0)(0 0 -1.5287517e-14)))
(0.7 ((-2.2142721 0 0)(0 0 -1.6365333e-14)))
(0.701 ((-2.2178436 0 0)(0 0 -1.7544037e-14)))
(0.702 ((-2.221415 0 0)(0 0 -1.8856832e-14)))
(0.703 ((-2.2249864 0 0)(0 0 -2.0494568e-14)))
(0.704 ((-2.2285579 0 0)(0 0 -2.240079e-14)))
(0.705 ((-2.2321293 0 0)(0 0 -2.4758501e-14)))
(0.706 ((-2.2357007 0 0)(0 0 -2.7706305e-14)))
(0.707 ((-2.2392721 0 0)(0 0 -3.1394961e-14)))
(0.708 ((-2.2428436 0 0)(0 0 -3.5971009e-14)))
(0.709 ((-2.246415 0 0)(0 0 -4.1585706e-14)))
(0.71 ((-2.2499864 0 0)(0 0 -4.8375667e-14)))
(0.711 ((-2.2535579 0 0)(0 0 -5.6605364e-14)))
(0.712 ((-2.2571293 0 0)(0 0 -6.6930665e-14)))
(0.713 ((-2.2607007 0 0)(0 0 -7.9794296e-14)))
(0.714 ((-2.2642721 0 0)(0 0 -9.5434023e-14)))
(0.715 ((-2.2678436 0 0)(0 0 -1.1445446e-13)))
(0.716 ((-2.271415 0 0)(0 0 -1.377521e-13)))
(0.717 ((-2.2749864 0 0)(0 0 -1.663914e-13)))
(0.718 ((-2.2785579 0 0)(0 0 -2.0136126e-13)))
(0.719 ((-2.2821293 0 0)(0 0 -2.4400696e-13)))
(0.72 ((-2.2857007 0 0)(0 0 -2.9595203e-13)))
(0.721 ((-2.2892721 0 0)(0 0 -3.5920104e-13)))
(0.722 ((-2.2928436 0 0)(0 0 -4.3669476e-13)))
(0.723 ((-2.296415 0 0)(0 0 -5.3124485e-13)))
(0.724 ((-2.2999864 0 0)(0 0 -6.4687153e-13)))
(0.725 ((-2.3035579 0 0)(0 0 -7.8858907e-13)))
(0.726 ((-2.3071293 0 0)(0 0 -9.6133403e-13)))
(0.727 ((-2.3107007 0 0)(0 0 -1.1722463e-12)))
(0.728 ((-2.3142721 0 0)(0 0 -1.4304622e-12)))
(0.729 ((-2.3178436 0 0)(0 0 -1.7461055e-12)))
(0.73 ((-2.321415 0 0)(0 0 -2.1311994e-12)))
(0.731 ((-2.3249864 0 0)(0 0 -2.6010239e-12)))
(0.732 ((-2.3285579 0 0)(0 0 -3.1752501e-12)))
(0.733 ((-2.3321293 0 0)(0 0 -3.8768576e-12)))
(0.734 ((-2.3357007 0 0)(0 0 -4.7334047e-12)))
(0.735 ((-2.3392721 0 0)(0 0 -5.7797661e-12)))
(0.736 ((-2.3428436 0 0)(0 0 -7.057755e-12)))
(0.737 ((-2.346415 0 0)(0 0 -8.6185227e-12)))
(0.738 ((-2.3499864 0 0)(0 0 -1.0525033e-11)))
(0.739 ((-2.3535579 0 0)(0 0 -1.2853606e-11)))
(0.74 ((-2.3571293 0 0)(0 0 -1.5697848e-11)))
(0.741 ((-2.3607007 0 0)(0 0 -1.9171825e-11)))
(0.742 ((-2.3642721 0 0)(0 0 -2.3414518e-11)))
(0.743 ((-2.3678436 0 0)(0 0 -2.8596751e-11)))
(0.744 ((-2.371415 0 0)(0 0 -3.4926905e-11)))
(0.745 ((-2.3749864 0 0)(0 0 -4.2658657e-11)))
(0.746 ((-2.3785579 0 0)(0 0 -5.2101991e-11)))
(0.747 ((-2.3821293 0 0)(0 0 -6.3635721e-11)))
(0.748 ((-2.3857007 0 0)(0 0 -7.7723221e-11)))
(0.749 ((-2.3892721 0 0)(0 0 -9.4930018e-11)))
(0.75 ((-2.3928436 0 0)(0 0 -1.1594634e-10)))
(0.751 ((-2.396415 0 0)(0 0 -1.4161575e-10)))
(0.752 ((-2.3999864 0 0)(0 0 -1.7296827e-10)))
(0.753 ((-2.4035579 0 0)(0 0 -2.1126247e-10)))
(0.754 ((-2.4071293 0 0)(0 0 -2.5803532e-10)))
(0.755 ((-2.4107007 0 0)(0 0 -3.151633e-10)))
(0.756 ((-2.4142721 0 0)(0 0 -3.8493955e-10)))
(0.757 ((-2.4178436 0 0)(0 0 -4.7016492e-10)))
(0.758 ((-2.421415 0 0)(0 0 -5.7425913e-10)))
(0.759 ((-2.4249864 0 0)(0 0 -7.0139991e-10)))
(0.76 ((-2.4285579 0 0)(0 0 -8.5669026e-10)))
(0.761 ((-2.4321293 0 0)(0 0 -1.0463624e-09)))
(0.762 ((-2.4357007 0 0)(0 0 -1.2780284e-09)))
(0.763 ((-2.4392721 0 0)(0 0 -1.5609856e-09)))
(0.764 ((-2.4428436 0 0)(0 0 -1.9065906e-09)))
(0.765 ((-2.446415 0 0)(0 0 -2.3287137e-09)))
(0.766 ((-2.4499864 0 0)(0 0 -2.8442958e-09)))
(0.767 ((-2.4535579 0 0)(0 0 -3.4740292e-09)))
(0.768 ((-2.4571293 0 0)(0 0 -4.2431872e-09)))
(0.769 ((-2.4607007 0 0)(0 0 -5.1826389e-09)))
(0.77 ((-2.4642721 0 0)(0 0 -6.330088e-09)))
(0.771 ((-2.4678436 0 0)(0 0 -7.7315854e-09)))
(0.772 ((-2.471415 0 0)(0 0 -9.4433786e-09)))
(0.773 ((-2.4749864 0 0)(0 0 -1.1534167e-08)))
(0.774 ((-2.4785579 0 0)(0 0 -1.4087862e-08)))
(0.775 ((-2.4821293 0 0)(0 0 -1.7206952e-08)))
(0.776 ((-2.4857007 0 0)(0 0 -2.1016617e-08)))
(0.777 ((-2.4892721 0 0)(0 0 -2.5669752e-08)))
(0.778 ((-2.4928436 0 0)(0 0 -3.1353105e-08)))
(0.779 ((-2.496415 0 0)(0 0 -3.8294767e-08)))
(0.78 ((-2.4999864 0 0)(0 0 -4.6773332e-08)))
(0.781 ((-2.5035579 0 0)(0 0 -5.7129075e-08)))
(0.782 ((-2.5071293 0 0)(0 0 -6.9777607e-08)))
(0.783 ((-2.5107007 0 0)(0 0 -8.5226559e-08)))
(0.784 ((-2.5142721 0 0)(0 0 -1.0409595e-07)))
(0.785 ((-2.5178436 0 0)(0 0 -1.2714308e-07)))
(0.786 ((-2.521415 0 0)(0 0 -1.552929e-07)))
(0.787 ((-2.5249864 0 0)(0 0 -1.8967517e-07)))
(0.788 ((-2.5285579 0 0)(0 0 -2.3166977e-07)))
(0.789 ((-2.5321293 0 0)(0 0 -2.8296209e-07)))
(0.79 ((-2.5357007 0 0)(0 0 -3.4561066e-07)))
(0.791 ((-2.5392721 0 0)(0 0 -4.2212979e-07)))
(0.792 ((-2.5428436 0 0)(0 0 -5.1559046e-07)))
(0.793 ((-2.546415 0 0)(0 0 -6.2974357e-07)))
(0.794 ((-2.5499864 0 0)(0 0 -7.6917046e-07)))
(0.795 ((-2.5535579 0 0)(0 0 -9.3946683e-07)))
(0.796 ((-2.5571293 0 0)(0 0 -1.1474672e-06)))
(0.797 ((-2.5607007 0 0)(0 0 -1.4015194e-06)))
(0.798 ((-2.5642721 0 0)(0 0 -1.7118194e-06)))
(0.799 ((-2.5678436 0 0)(0 0 -2.0908204e-06)))
(0.8 ((-2.571415 0 0)(0 0 -2.5537331e-06)))
(0.801 ((-2.5749864 0 0)(0 0 -3.1191356e-06)))
(0.802 ((-2.5785579 0 0)(0 0 -3.8097192e-06)))
(0.803 ((-2.5821293 0 0)(0 0 -4.6531992e-06)))
(0.804 ((-2.5857007 0 0)(0 0 -5.6834268e-06)))
(0.805 ((-2.5892721 0 0)(0 0 -6.9417479e-06)))
(0.806 ((-2.5928436 0 0)(0 0 -8.4786622e-06)))
(0.807 ((-2.596415 0 0)(0 0 -1.035585e-05)))
(0.808 ((-2.5999864 0 0)(0 0 -1.2648646e-05)))
(0.809 ((-2.6035578 0 0)(0 0 -1.5449065e-05)))
(0.81 ((-2.6071293 0 0)(0 0 -1.8869491e-05)))
(0.811 ((-2.6107007 0 0)(0 0 -2.3047191e-05)))
(0.812 ((-2.6142721 0 0)(0 0 -2.8149816e-05)))
(0.813 ((-2.6178435 0 0)(0 0 -3.4382134e-05)))
(0.814 ((-2.6214149 0 0)(0 0 -4.199424e-05)))
(0.815 ((-2.6249863 0 0)(0 0 -5.1291593e-05)))
(0.816 ((-2.6285578 0 0)(0 0 -6.2647264e-05)))
(0.817 ((-2.6321292 0 0)(0 0 -7.6516901e-05)))
(0.818 ((-2.6357006 0 0)(0 0 -9.3457e-05)))
(0.819 ((-2.6392719 0 0)(0 0 -0.00011414721)))
(0.82 ((-2.6428433 0 0)(0 0 -0.0001394176)))
(0.821 ((-2.6464147 0 0)(0 0 -0.00017028187)))
(0.822 ((-2.6499861 0 0)(0 0 -0.00020797802)))
(0.823 ((-2.6535574 0 0)(0 0 -0.00025401787)))
(0.824 ((-2.6571287 0 0)(0 0 -0.00031024761)))
(0.825 ((-2.6607 0 0)(0 0 -0.0003789216)))
(0.826 ((-2.6642713 0 0)(0 0 -0.00046279249)))
(0.827 ((-2.6678426 0 0)(0 0 -0.00056522112)))
(0.828 ((-2.6714138 0 0)(0 0 -0.00069031057)))
(0.829 ((-2.6749849 0 0)(0 0 -0.0008430696)))
(0.83 ((-2.678556 0 0)(0 0 -0.0010296118)))
(0.831 ((-2.682127 0 0)(0 0 -0.001257398)))
(0.832 ((-2.685698 0 0)(0 0 -0.001535532)))
(0.833 ((-2.6892688 0 0)(0 0 -0.0018751192)))
(0.834 ((-2.6928395 0 0)(0 0 -0.0022897037)))
(0.835 ((-2.69641 0 0)(0 0 -0.0027957978)))
(0.836 ((-2.6999803 0 0)(0 0 -0.0034135248)))
(0.837 ((-2.7035504 0 0)(0 0 -0.0041673962)))
(0.838 ((-2.7071202 0 0)(0 0 -0.0050872512)))
(0.839 ((-2.7106896 0 0)(0 0 -0.0062093877)))
(0.84 ((-2.7142586 0 0)(0 0 -0.0075779217)))
(0.841 ((-2.717827 0 0)(0 0 -0.0092464131)))
(0.842 ((-2.7213948 0 0)(0 0 -0.011279803)))
(0.843 ((-2.7249618 0 0)(0 0 -0.013756706)))
(0.844 ((-2.7285278 0 0)(0 0 -0.016772108)))
(0.845 ((-2.7320927 0 0)(0 0 -0.02044051)))
(0.846 ((-2.7356561 0 0)(0 0 -0.024899552)))
(0.847 ((-2.7392179 0 0)(0 0 -0.030314136)))
(0.848 ((-2.7427776 0 0)(0 0 -0.03688103)))
(0.849 ((-2.7463347 0 0)(0 0 -0.044833908)))
(0.85 ((-2.749889 0 0)(0 0 -0.054448696)))
(0.851 ((-2.7534396 0 0)(0 0 -0.066049033)))
(0.852 ((-2.756986 0 0)(0 0 -0.080011548)))
(0.853 ((-2.7605275 0 0)(0 0 -0.096770546)))
(0.854 ((-2.764063 0 0)(0 0 -0.11682159)))
(0.855 ((-2.7675916 0 0)(0 0 -0.14072338)))
(0.856 ((-2.7711122 0 0)(0 0 -0.16909734)))
(0.857 ((-2.7746236 0 0)(0 0 -0.20262429)))
(0.858 ((-2.7781244 0 0)(0 0 -0.24203796)))
(0.859 ((-2.7816133 0 0)(0 0 -0.28811505)))
(0.86 ((-2.7850888 0 0)(0 0 -0.34166242)))
(0.861 ((-2.7885494 0 0)(0 0 -0.40350177)))
(0.862 ((-2.7919936 0 0)(0 0 -0.47445318)))
(0.863 ((-2.79542 0 0)(0 0 -0.55531848)))
(0.864 ((-2.7988272 0 0)(0 0 -0.64686583)))
(0.865 ((-2.8022139 0 0)(0 0 -0.74981651)))
(0.866 ((-2.8055788 0 0)(0 0 -0.86483454)))
(0.867 ((-2.8089209 0 0)(0 0 -0.99251953)))
(0.868 ((-2.8122391 0 0)(0 0 -1.1334025)))
(0.869 ((-2.8155326 0 0)(0 0 -1.2879445)))
(0.87 ((-2.8188005 0 0)(0 0 -1.4565372)))
(0.871 ((-2.8220422 0 0)(0 0 -1.6395046)))
(0.872 ((-2.8252571 0 0)(0 0 -1.8371064)))
(0.873 ((-2.8284448 0 0)(0 0 -2.0495404)))
(0.874 ((-2.8316047 0 0)(0 0 -2.2769459)))
(0.875 ((-2.8347366 0 0)(0 0 -2.5194052)))
(0.876 ((-2.8378402 0 0)(0 0 -2.7769458)))
(0.877 ((-2.8409151 0 0)(0 0 -3.0495403)))
(0.878 ((-2.8439613 0 0)(0 0 -3.3371062)))
(0.879 ((-2.8469785 0 0)(0 0 -3.6395044)))
(0.88 ((-2.8499666 0 0)(0 0 -3.9565369)))
(0.881 ((-2.8529254 0 0)(0 0 -4.2879442)))
(0.882 ((-2.855855 0 0)(0 0 -4.633402)))
(0.883 ((-2.8587551 0 0)(0 0 -4.9925189)))
(0.884 ((-2.8616258 0 0)(0 0 -5.3648338)))
(0.885 ((-2.8644669 0 0)(0 0 -5.7498156)))
(0.886 ((-2.8672785 0 0)(0 0 -6.1468647)))
(0.887 ((-2.8700605 0 0)(0 0 -6.5553171)))
(0.888 ((-2.8728129 0 0)(0 0 -6.9744515)))
(0.889 ((-2.8755356 0 0)(0 0 -7.4034997)))
(0.89 ((-2.8782287 0 0)(0 0 -7.8416599)))
(0.891 ((-2.880892 0 0)(0 0 -8.2881119)))
(0.892 ((-2.8835257 0 0)(0 0 -8.7420342)))
(0.893 ((-2.8861296 0 0)(0 0 -9.2026196)))
(0.894 ((-2.8887038 0 0)(0 0 -9.6690917)))
(0.895 ((-2.8912483 0 0)(0 0 -10.140716)))
(0.896 ((-2.8937631 0 0)(0 0 -10.616813)))
(0.897 ((-2.8962481 0 0)(0 0 -11.09676)))
(0.898 ((-2.8987034 0 0)(0 0 -11.579999)))
(0.899 ((-2.9011289 0 0)(0 0 -12.066034)))
(0.9 ((-2.9035247 0 0)(0 0 -12.55443)))
(0.901 ((-2.9058907 0 0)(0 0 -13.044811)))
(0.902 ((-2.908227 0 0)(0 0 -13.536853)))
(0.903 ((-2.9105335 0 0)(0 0 -14.03028)))
(0.904 ((-2.9128103 0 0)(0 0 -14.524858)))
(0.905 ((-2.9150573 0 0)(0 0 -15.020389)))
(0.906 ((-2.9172745 0 0)(0 0 -15.516709)))
(0.907 ((-2.919462 0 0)(0 0 -16.01368)))
(0.908 ((-2.9216197 0 0)(0 0 -16.511186)))
(0.909 ((-2.9237477 0 0)(0 0 -17.009132)))
(0.91 ((-2.9258459 0 0)(0 0 -17.507439)))
(0.911 ((-2.9279143 0 0)(0 0 -18.006039)))
(0.912 ((-2.929953 0 0)(0 0 -18.504879)))
(0.913 ((-2.9319619 0 0)(0 0 -19.003913)))
(0.914 ((-2.9339411 0 0)(0 0 -19.503103)))
(0.915 ((-2.9358905 0 0)(0 0 -20.002417)))
(0.916 ((-2.9378102 0 0)(0 0 -20.501827)))
(0.917 ((-2.9397 0 0)(0 0 -21.00131)))
(0.918 ((-2.9415602 0 0)(0 0 -21.500845)))
(0.919 ((-2.9433905 0 0)(0 0 -22.000414)))
(0.92 ((-2.9451911 0 0)(0 0 -22.5)))
(0.921 ((-2.9469619 0 0)(0 0 -22.999586)))
(0.922 ((-2.948703 0 0)(0 0 -23.499155)))
(0.923 ((-2.9504143 0 0)(0 0 -23.99869)))
(0.924 ((-2.9520959 0 0)(0 0 -24.498173)))
(0.925 ((-2.9537477 0 0)(0 0 -24.997583)))
(0.926 ((-2.9553697 0 0)(0 0 -25.496897)))
(0.927 ((-2.9569619 0 0)(0 0 -25.996087)))
(0.928 ((-2.9585245 0 0)(0 0 -26.495121)))
(0.929 ((-2.9600572 0 0)(0 0 -26.993961)))
(0.93 ((-2.9615602 0 0)(0 0 -27.492561)))
(0.931 ((-2.9630334 0 0)(0 0 -27.990868)))
(0.932 ((-2.9644769 0 0)(0 0 -28.488814)))
(0.933 ((-2.9658906 0 0)(0 0 -28.98632)))
(0.934 ((-2.9672745 0 0)(0 0 -29.483291)))
(0.935 ((-2.9686287 0 0)(0 0 -29.979611)))
(0.936 ((-2.9699531 0 0)(0 0 -30.475142)))
(0.937 ((-2.9712478 0 0)(0 0 -30.96972)))
(0.938 ((-2.9725127 0 0)(0 0 -31.463147)))
(0.939 ((-2.9737478 0 0)(0 0 -31.955189)))
(0.94 ((-2.9749533 0 0)(0 0 -32.44557)))
(0.941 ((-2.9761289 0 0)(0 0 -32.933966)))
(0.942 ((-2.9772748 0 0)(0 0 -33.420001)))
(0.943 ((-2.978391 0 0)(0 0 -33.90324)))
(0.944 ((-2.9794774 0 0)(0 0 -34.383187)))
(0.945 ((-2.980534 0 0)(0 0 -34.859284)))
(0.946 ((-2.981561 0 0)(0 0 -35.330908)))
(0.947 ((-2.9825582 0 0)(0 0 -35.79738)))
(0.948 ((-2.9835257 0 0)(0 0 -36.257966)))
(0.949 ((-2.9844634 0 0)(0 0 -36.711888)))
(0.95 ((-2.9853715 0 0)(0 0 -37.15834)))
(0.951 ((-2.9862499 0 0)(0 0 -37.5965)))
(0.952 ((-2.9870986 0 0)(0 0 -38.025549)))
(0.953 ((-2.9879177 0 0)(0 0 -38.444683)))
(0.954 ((-2.9887071 0 0)(0 0 -38.853135)))
(0.955 ((-2.9894669 0 0)(0 0 -39.250184)))
(0.956 ((-2.9901972 0 0)(0 0 -39.635166)))
(0.957 ((-2.990898 0 0)(0 0 -40.007481)))
(0.958 ((-2.9915693 0 0)(0 0 -40.366598)))
(0.959 ((-2.9922111 0 0)(0 0 -40.712056)))
(0.96 ((-2.9928237 0 0)(0 0 -41.043463)))
(0.961 ((-2.9934071 0 0)(0 0 -41.360496)))
(0.962 ((-2.9939613 0 0)(0 0 -41.662894)))
(0.963 ((-2.9944866 0 0)(0 0 -41.95046)))
(0.964 ((-2.994983 0 0)(0 0 -42.223054)))
(0.965 ((-2.9954509 0 0)(0 0 -42.480595)))
(0.966 ((-2.9958904 0 0)(0 0 -42.723054)))
(0.967 ((-2.9963019 0 0)(0 0 -42.95046)))
(0.968 ((-2.9966857 0 0)(0 0 -43.162894)))
(0.969 ((-2.9970422 0 0)(0 0 -43.360495)))
(0.97 ((-2.9973719 0 0)(0 0 -43.543463)))
(0.971 ((-2.9976754 0 0)(0 0 -43.712055)))
(0.972 ((-2.9979534 0 0)(0 0 -43.866597)))
(0.973 ((-2.9982066 0 0)(0 0 -44.00748)))
(0.974 ((-2.998436 0 0)(0 0 -44.135165)))
(0.975 ((-2.9986425 0 0)(0 0 -44.250183)))
(0.976 ((-2.9988272 0 0)(0 0 -44.353134)))
(0.977 ((-2.9989914 0 0)(0 0 -44.444682)))
(0.978 ((-2.9991364 0 0)(0 0 -44.525547)))
(0.979 ((-2.9992636 0 0)(0 0 -44.596498)))
(0.98 ((-2.9993745 0 0)(0 0 -44.658338)))
(0.981 ((-2.9994704 0 0)(0 0 -44.711885)))
(0.982 ((-2.999553 0 0)(0 0 -44.757962)))
(0.983 ((-2.9996236 0 0)(0 0 -44.797376)))
(0.984 ((-2.9996836 0 0)(0 0 -44.830903)))
(0.985 ((-2.9997345 0 0)(0 0 -44.859277)))
(0.986 ((-2.9997773 0 0)(0 0 -44.883178)))
(0.987 ((-2.9998132 0 0)(0 0 -44.903229)))
(0.988 ((-2.9998432 0 0)(0 0 -44.919988)))
(0.989 ((-2.9998682 0 0)(0 0 -44.933951)))
(0.99 ((-2.999889 0 0)(0 0 -44.945551)))
(0.991 ((-2.9999062 0 0)(0 0 -44.955166)))
(0.992 ((-2.9999204 0 0)(0 0 -44.963119)))
(0.993 ((-2.9999322 0 0)(0 0 -44.969686)))
(0.994 ((-2.9999419 0 0)(0 0 -44.9751)))
(0.995 ((-2.9999498 0 0)(0 0 -44.979559)))
(0.996 ((-2.9999564 0 0)(0 0 -44.983228)))
(0.997 ((-2.9999618 0 0)(0 0 -44.986243)))
(0.998 ((-2.9999662 0 0)(0 0 -44.98872)))
(0.999 ((-2.9999699 0 0)(0 0 -44.990754)))
(1 ((-2.9999729 0 0)(0 0 -44.992422)))
(1.001 ((-2.9999753 0 0)(0 0 -44.993791)))
(1.002 ((-2.9999773 0 0)(0 0 -44.994913)))
(1.003 ((-2.999979 0 0)(0 0 -44.995833)))
(1.004 ((-2.9999803 0 0)(0 0 -44.996586)))
(1.005 ((-2.9999814 0 0)(0 0 -44.997204)))
(1.006 ((-2.9999823 0 0)(0 0 -44.99771)))
(1.007 ((-2.9999831 0 0)(0 0 -44.998125)))
(1.008 ((-2.9999837 0 0)(0 0 -44.998464)))
(1.009 ((-2.9999842 0 0)(0 0 -44.998743)))
(1.01 ((-2.9999846 0 0)(0 0 -44.99897)))
(1.011 ((-2.9999849 0 0)(0 0 -44.999157)))
(1.012 ((-2.9999852 0 0)(0 0 -44.99931)))
(1.013 ((-2.9999854 0 0)(0 0 -44.999435)))
(1.014 ((-2.9999856 0 0)(0 0 -44.999537)))
(1.015 ((-2.9999858 0 0)(0 0 -44.999621)))
(1.016 ((-2.9999859 0 0)(0 0 -44.99969)))
(1.017 ((-2.999986 0 0)(0 0 -44.999746)))
(1.018 ((-2.9999861 0 0)(0 0 -44.999792)))
(1.019 ((-2.9999861 0 0)(0 0 -44.99983)))
(1.02 ((-2.9999862 0 0)(0 0 -44.999861)))
(1.021 ((-2.9999862 0 0)(0 0 -44.999886)))
(1.022 ((-2.9999863 0 0)(0 0 -44.999907)))
(1.023 ((-2.9999863 0 0)(0 0 -44.999923)))
(1.024 ((-2.9999863 0 0)(0 0 -44.999937)))
(1.025 ((-2.9999863 0 0)(0 0 -44.999949)))
(1.026 ((-2.9999864 0 0)(0 0 -44.999958)))
(1.027 ((-2.9999864 0 0)(0 0 -44.999966)))
(1.028 ((-2.9999864 0 0)(0 0 -44.999972)))
(1.029 ((-2.9999864 0 0)(0 0 -44.999977)))
(1.03 ((-2.9999864 0 0)(0 0 -44.999981)))
(1.031 ((-2.9999864 0 0)(0 0 -44.999985)))
(1.032 ((-2.9999864 0 0)(0 0 -44.999987)))
(1.033 ((-2.9999864 0 0)(0 0 -44.99999)))
(1.034 ((-2.9999864 0 0)(0 0 -44.999992)))
(1.035 ((-2.9999864 0 0)(0 0 -44.999993)))
(1.036 ((-2.9999864 0 0)(0 0 -44.999994)))
(1.037 ((-2.9999864 0 0)(0 0 -44.999995)))
(1.038 ((-2.9999864 0 0)(0 0 -44.999996)))
(1.039 ((-2.9999864 0 0)(0 0 -44.999997)))
(1.04 ((-2.9999864 0 0)(0 0 -44.999997)))
(1.041 ((-2.9999864 0 0)(0 0 -44.999998)))
(1.042 ((-2.9999864 0 0)(0 0 -44.999998)))
(1.043 ((-2.9999864 0 0)(0 0 -44.999999)))
(1.044 ((-2.9999864 0 0)(0 0 -44.999999)))
(1.045 ((-2.9999864 0 0)(0 0 -44.999999)))
(1.046 ((-2.9999864 0 0)(0 0 -44.999999)))
(1.047 ((-2.9999864 0 0)(0 0 -44.999999)))
(1.048 ((-2.9999864 0 0)(0 0 -44.999999)))
(1.049 ((-2.9999864 0 0)(0 0 -45)))
(1.05 ((-2.9999864 0 0)(0 0 -45)))
(1.051 ((-2.9999864 0 0)(0 0 -45)))
(1.052 ((-2.9999864 0 0)(0 0 -45)))
(1.053 ((-2.9999864 0 0)(0 0 -45)))
(1.054 ((-2.9999864 0 0)(0 0 -45)))
(1.055 ((-2.9999864 0 0)(0 0 -45)))
(1.056 ((-2.9999864 0 0)(0 0 -45)))
(1.057 ((-2.9999864 0 0)(0 0 -45)))
(1.058 ((-2.9999864 0 0)(0 0 -45)))
(1.059 ((-2.9999864 0 0)(0 0 -45)))
(1.06 ((-2.9999864 0 0)(0 0 -45)))
(1.061 ((-2.9999864 0 0)(0 0 -45)))
(1.062 ((-2.9999864 0 0)(0 0 -45)))
(1.063 ((-2.9999864 0 0)(0 0 -45)))
(1.064 ((-2.9999864 0 0)(0 0 -45)))
(1.065 ((-2.9999864 0 0)(0 0 -45)))
(1.066 ((-2.9999864 0 0)(0 0 -45)))
(1.067 ((-2.9999864 0 0)(0 0 -45)))
(1.068 ((-2.9999864 0 0)(0 0 -45)))
(1.069 ((-2.9999864 0 0)(0 0 -45)))
(1.07 ((-2.9999864 0 0)(0 0 -45)))
(1.071 ((-2.9999864 0 0)(0 0 -45)))
(1.072 ((-2.9999864 0 0)(0 0 -45)))
(1.073 ((-2.9999864 0 0)(0 0 -45)))
(1.074 ((-2.9999864 0 0)(0 0 -45)))
(1.075 ((-2.9999864 0 0)(0 0 -45)))
(1.076 ((-2.9999864 0 0)(0 0 -45)))
(1.077 ((-2.9999864 0 0)(0 0 -45)))
(1.078 ((-2.9999864 0 0)(0 0 -45)))
(1.079 ((-2.9999864 0 0)(0 0 -45)))
(1.08 ((-2.9999864 0 0)(0 0 -45)))
(1.081 ((-2.9999864 0 0)(0 0 -45)))
(1.082 ((-2.9999864 0 0)(0 0 -45)))
(1.083 ((-2.9999864 0 0)(0 0 -45)))
(1.084 ((-2.9999864 0 0)(0 0 -45)))
(1.085 ((-2.9999864 0 0)(0 0 -45)))
(1.086 ((-2.9999864 0 0)(0 0 -45)))
(1.087 ((-2.9999864 0 0)(0 0 -45)))
(1.088 ((-2.9999864 0 0)(0 0 -45)))
(1.089 ((-2.9999864 0 0)(0 0 -45)))
(1.09 ((-2.9999864 0 0)(0 0 -45)))
(1.091 ((-2.9999864 0 0)(0 0 -45)))
(1.092 ((-2.9999864 0 0)(0 0 -45)))
(1.093 ((-2.9999864 0 0)(0 0 -45)))
(1.094 ((-2.9999864 0 0)(0 0 -45)))
(1.095 ((-2.9999864 0 0)(0 0 -45)))
(1.096 ((-2.9999864 0 0)(0 0 -45)))
(1.097 ((-2.9999864 0 0)(0 0 -45)))
(1.098 ((-2.9999864 0 0)(0 0 -45)))
(1.099 ((-2.9999864 0 0)(0 0 -45)))
(1.1 ((-2.9999864 0 0)(0 0 -45)))
(1.101 ((-2.9999864 0 0)(0 0 -45)))
(1.102 ((-2.9999864 0 0)(0 0 -45)))
(1.103 ((-2.9999864 0 0)(0 0 -45)))
(1.104 ((-2.9999864 0 0)(0 0 -45)))
(1.105 ((-2.9999864 0 0)(0 0 -45)))
(1.106 ((-2.9999864 0 0)(0 0 -45)))
(1.107 ((-2.9999864 0 0)(0 0 -45)))
(1.108 ((-2.9999864 0 0)(0 0 -45)))
(1.109 ((-2.9999864 0 0)(0 0 -45)))
(1.11 ((-2.9999864 0 0)(0 0 -45)))
(1.111 ((-2.9999864 0 0)(0 0 -45)))
(1.112 ((-2.9999864 0 0)(0 0 -45)))
(1.113 ((-2.9999864 0 0)(0 0 -45)))
(1.114 ((-2.9999864 0 0)(0 0 -45)))
(1.115 ((-2.9999864 0 0)(0 0 -45)))
(1.116 ((-2.9999864 0 0)(0 0 -45)))
(1.117 ((-2.9999864 0 0)(0 0 -45)))
(1.118 ((-2.9999864 0 0)(0 0 -45)))
(1.119 ((-2.9999864 0 0)(0 0 -45)))
(1.12 ((-2.9999864 0 0)(0 0 -45)))
(1.121 ((-2.9999864 0 0)(0 0 -45)))
(1.122 ((-2.9999864 0 0)(0 0 -45)))
(1.123 ((-2.9999864 0 0)(0 0 -45)))
(1.124 ((-2.9999864 0 0)(0 0 -45)))
(1.125 ((-2.9999864 0 0)(0 0 -45)))
(1.126 ((-2.9999864 0 0)(0 0 -45)))
(1.127 ((-2.9999864 0 0)(0 0 -45)))
(1.128 ((-2.9999864 0 0)(0 0 -45)))
(1.129 ((-2.9999864 0 0)(0 0 -45)))
(1.13 ((-2.9999864 0 0)(0 0 -45)))
(1.131 ((-2.9999864 0 0)(0 0 -45)))
(1.132 ((-2.9999864 0 0)(0 0 -45)))
(1.133 ((-2.9999864 0 0)(0 0 -45)))
(1.134 ((-2.9999864 0 0)(0 0 -45)))
(1.135 ((-2.9999864 0 0)(0 0 -45)))
(1.136 ((-2.9999864 0 0)(0 0 -45)))
(1.137 ((-2.9999864 0 0)(0 0 -45)))
(1.138 ((-2.9999864 0 0)(0 0 -45)))
(1.139 ((-2.9999864 0 0)(0 0 -45)))
(1.14 ((-2.9999864 0 0)(0 0 -45)))
(1.141 ((-2.9999864 0 0)(0 0 -45)))
(1.142 ((-2.9999864 0 0)(0 0 -45)))
(1.143 ((-2.9999864 0 0)(0 0 -45)))
(1.144 ((-2.9999864 0 0)(0 0 -45)))
(1.145 ((-2.9999864 0 0)(0 0 -45)))
(1.146 ((-2.9999864 0 0)(0 0 -45)))
(1.147 ((-2.9999864 0 0)(0 0 -45)))
(1.148 ((-2.9999864 0 0)(0 0 -45)))
(1.149 ((-2.9999864 0 0)(0 0 -45)))
(1.15 ((-2.9999864 0 0)(0 0 -45)))
(1.151 ((-2.9999864 0 0)(0 0 -45)))
(1.152 ((-2.9999864 0 0)(0 0 -45)))
(1.153 ((-2.9999864 0 0)(0 0 -45)))
(1.154 ((-2.9999864 0 0)(0 0 -45)))
(1.155 ((-2.9999864 0 0)(0 0 -45)))
(1.156 ((-2.9999864 0 0)(0 0 -45)))
(1.157 ((-2.9999864 0 0)(0 0 -45)))
(1.158 ((-2.9999864 0 0)(0 0 -45)))
(1.159 ((-2.9999864 0 0)(0 0 -45)))
(1.16 ((-2.9999864 0 0)(0 0 -45)))
(1.161 ((-2.9999864 0 0)(0 0 -45)))
(1.162 ((-2.9999864 0 0)(0 0 -45)))
(1.163 ((-2.9999864 0 0)(0 0 -45)))
(1.164 ((-2.9999864 0 0)(0 0 -45)))
(1.165 ((-2.9999864 0 0)(0 0 -45)))
(1.166 ((-2.9999864 0 0)(0 0 -45)))
(1.167 ((-2.9999864 0 0)(0 0 -45)))
(1.168 ((-2.9999864 0 0)(0 0 -45)))
(1.169 ((-2.9999864 0 0)(0 0 -45)))
(1.17 ((-2.9999864 0 0)(0 0 -45)))
(1.171 ((-2.9999864 0 0)(0 0 -45)))
(1.172 ((-2.9999864 0 0)(0 0 -45)))
(1.173 ((-2.9999864 0 0)(0 0 -45)))
(1.174 ((-2.9999864 0 0)(0 0 -45)))
(1.175 ((-2.9999864 0 0)(0 0 -45)))
(1.176 ((-2.9999864 0 0)(0 0 -45)))
(1.177 ((-2.9999864 0 0)(0 0 -45)))
(1.178 ((-2.9999864 0 0)(0 0 -45)))
(1.179 ((-2.9999864 0 0)(0 0 -45)))
(1.18 ((-2.9999864 0 0)(0 0 -45)))
(1.181 ((-2.9999864 0 0)(0 0 -45)))
(1.182 ((-2.9999864 0 0)(0 0 -45)))
(1.183 ((-2.9999864 0 0)(0 0 -45)))
(1.184 ((-2.9999864 0 0)(0 0 -45)))
(1.185 ((-2.9999864 0 0)(0 0 -45)))
(1.186 ((-2.9999864 0 0)(0 0 -45)))
(1.187 ((-2.9999864 0 0)(0 0 -45)))
(1.188 ((-2.9999864 0 0)(0 0 -45)))
(1.189 ((-2.9999864 0 0)(0 0 -45)))
(1.19 ((-2.9999864 0 0)(0 0 -45)))
(1.191 ((-2.9999864 0 0)(0 0 -45)))
(1.192 ((-2.9999864 0 0)(0 0 -45)))
(1.193 ((-2.9999864 0 0)(0 0 -45)))
(1.194 ((-2.9999864 0 0)(0 0 -45)))
(1.195 ((-2.9999864 0 0)(0 0 -45)))
(1.196 ((-2.9999864 0 0)(0 0 -45)))
(1.197 ((-2.9999864 0 0)(0 0 -45)))
(1.198 ((-2.9999864 0 0)(0 0 -45)))
(1.199 ((-2.9999864 0 0)(0 0 -45)))
(1.2 ((-2.9999864 0 0)(0 0 -45)))
(1.201 ((-2.9999864 0 0)(0 0 -45)))
(1.202 ((-2.9999864 0 0)(0 0 -45)))
(1.203 ((-2.9999864 0 0)(0 0 -45)))
(1.204 ((-2.9999864 0 0)(0 0 -45)))
(1.205 ((-2.9999864 0 0)(0 0 -45)))
(1.206 ((-2.9999864 0 0)(0 0 -45)))
(1.207 ((-2.9999864 0 0)(0 0 -45)))
(1.208 ((-2.9999864 0 0)(0 0 -45)))
(1.209 ((-2.9999864 0 0)(0 0 -45)))
(1.21 ((-2.9999864 0 0)(0 0 -45)))
(1.211 ((-2.9999864 0 0)(0 0 -45)))
(1.212 ((-2.9999864 0 0)(0 0 -45)))
(1.213 ((-2.9999864 0 0)(0 0 -45)))
(1.214 ((-2.9999864 0 0)(0 0 -45)))
(1.215 ((-2.9999864 0 0)(0 0 -45)))
(1.216 ((-2.9999864 0 0)(0 0 -45)))
(1.217 ((-2.9999864 0 0)(0 0 -45)))
(1.218 ((-2.9999864 0 0)(0 0 -45)))
(1.219 ((-2.9999864 0 0)(0 0 -45)))
(1.22 ((-2.9999864 0 0)(0 0 -45)))
(1.221 ((-2.9999864 0 0)(0 0 -45)))
(1.222 ((-2.9999864 0 0)(0 0 -45)))
(1.223 ((-2.9999864 0 0)(0 0 -45)))
(1.224 ((-2.9999864 0 0)(0 0 -45)))
(1.225 ((-2.9999864 0 0)(0 0 -45)))
(1.226 ((-2.9999864 0 0)(0 0 -45)))
(1.227 ((-2.9999864 0 0)(0 0 -45)))
(1.228 ((-2.9999864 0 0)(0 0 -45)))
(1.229 ((-2.9999864 0 0)(0 0 -45)))
(1.23 ((-2.9999864 0 0)(0 0 -45)))
(1.231 ((-2.9999864 0 0)(0 0 -45)))
(1.232 ((-2.9999864 0 0)(0 0 -45)))
(1.233 ((-2.9999864 0 0)(0 0 -45)))
(1.234 ((-2.9999864 0 0)(0 0 -45)))
(1.235 ((-2.9999864 0 0)(0 0 -45)))
(1.236 ((-2.9999864 0 0)(0 0 -45)))
(1.237 ((-2.9999864 0 0)(0 0 -45)))
(1.238 ((-2.9999864 0 0)(0 0 -45)))
(1.239 ((-2.9999864 0 0)(0 0 -45)))
(1.24 ((-2.9999864 0 0)(0 0 -45)))
(1.241 ((-2.9999864 0 0)(0 0 -45)))
(1.242 ((-2.9999864 0 0)(0 0 -45)))
(1.243 ((-2.9999864 0 0)(0 0 -45)))
(1.244 ((-2.9999864 0 0)(0 0 -45)))
(1.245 ((-2.9999864 0 0)(0 0 -45)))
(1.246 ((-2.9999864 0 0)(0 0 -45)))
(1.247 ((-2.9999864 0 0)(0 0 -45)))
(1.248 ((-2.9999864 0 0)(0 0 -45)))
(1.249 ((-2.9999864 0 0)(0 0 -45)))
(1.25 ((-2.9999864 0 0)(0 0 -45)))
(1.251 ((-2.9999864 0 0)(0 0 -45)))
(1.252 ((-2.9999864 0 0)(0 0 -45)))
(1.253 ((-2.9999864 0 0)(0 0 -45)))
(1.254 ((-2.9999864 0 0)(0 0 -45)))
(1.255 ((-2.9999864 0 0)(0 0 -45)))
(1.256 ((-2.9999864 0 0)(0 0 -45)))
(1.257 ((-2.9999864 0 0)(0 0 -45)))
(1.258 ((-2.9999864 0 0)(0 0 -45)))
(1.259 ((-2.9999864 0 0)(0 0 -45)))
(1.26 ((-2.9999864 0 0)(0 0 -45)))
(1.261 ((-2.9999864 0 0)(0 0 -45)))
(1.262 ((-2.9999864 0 0)(0 0 -45)))
(1.263 ((-2.9999864 0 0)(0 0 -45)))
(1.264 ((-2.9999864 0 0)(0 0 -45)))
(1.265 ((-2.9999864 0 0)(0 0 -45)))
(1.266 ((-2.9999864 0 0)(0 0 -45)))
(1.267 ((-2.9999864 0 0)(0 0 -45)))
(1.268 ((-2.9999864 0 0)(0 0 -45)))
(1.269 ((-2.9999864 0 0)(0 0 -45)))
(1.27 ((-2.9999864 0 0)(0 0 -45)))
(1.271 ((-2.9999864 0 0)(0 0 -45)))
(1.272 ((-2.9999864 0 0)(0 0 -45)))
(1.273 ((-2.9999864 0 0)(0 0 -45)))
(1.274 ((-2.9999864 0 0)(0 0 -45)))
(1.275 ((-2.9999864 0 0)(0 0 -45)))
(1.276 ((-2.9999864 0 0)(0 0 -45)))
(1.277 ((-2.9999864 0 0)(0 0 -45)))
(1.278 ((-2.9999864 0 0)(0 0 -45)))
(1.279 ((-2.9999864 0 0)(0 0 -45)))
(1.28 ((-2.9999864 0 0)(0 0 -45)))
(1.281 ((-2.9999864 0 0)(0 0 -45)))
(1.282 ((-2.9999864 0 0)(0 0 -45)))
(1.283 ((-2.9999864 0 0)(0 0 -45)))
(1.284 ((-2.9999864 0 0)(0 0 -45)))
(1.285 ((-2.9999864 0 0)(0 0 -45)))
(1.286 ((-2.9999864 0 0)(0 0 -45)))
(1.287 ((-2.9999864 0 0)(0 0 -45)))
(1.288 ((-2.9999864 0 0)(0 0 -45)))
(1.289 ((-2.9999864 0 0)(0 0 -45)))
(1.29 ((-2.9999864 0 0)(0 0 -45)))
(1.291 ((-2.9999864 0 0)(0 0 -45)))
(1.292 ((-2.9999864 0 0)(0 0 -45)))
(1.293 ((-2.9999864 0 0)(0 0 -45)))
(1.294 ((-2.9999864 0 0)(0 0 -45)))
(1.295 ((-2.9999864 0 0)(0 0 -45)))
(1.296 ((-2.9999864 0 0)(0 0 -45)))
(1.297 ((-2.9999864 0 0)(0 0 -45)))
(1.298 ((-2.9999864 0 0)(0 0 -45)))
(1.299 ((-2.9999864 0 0)(0 0 -45)))
(1.3 ((-2.9999864 0 0)(0 0 -45)))
(1.301 ((-2.9999864 0 0)(0 0 -45)))
(1.302 ((-2.9999864 0 0)(0 0 -45)))
(1.303 ((-2.9999864 0 0)(0 0 -45)))
(1.304 ((-2.9999864 0 0)(0 0 -45)))
(1.305 ((-2.9999864 0 0)(0 0 -45)))
(1.306 ((-2.9999864 0 0)(0 0 -45)))
(1.307 ((-2.9999864 0 0)(0 0 -45)))
(1.308 ((-2.9999864 0 0)(0 0 -45)))
(1.309 ((-2.9999864 0 0)(0 0 -45)))
(1.31 ((-2.9999864 0 0)(0 0 -45)))
(1.311 ((-2.9999864 0 0)(0 0 -45)))
(1.312 ((-2.9999864 0 0)(0 0 -45)))
(1.313 ((-2.9999864 0 0)(0 0 -45)))
(1.314 ((-2.9999864 0 0)(0 0 -45)))
(1.315 ((-2.9999864 0 0)(0 0 -45)))
(1.316 ((-2.9999864 0 0)(0 0 -45)))
(1.317 ((-2.9999864 0 0)(0 0 -45)))
(1.318 ((-2.9999864 0 0)(0 0 -45)))
(1.319 ((-2.9999864 0 0)(0 0 -45)))
(1.32 ((-2.9999864 0 0)(0 0 -45)))
(1.321 ((-2.9999864 0 0)(0 0 -45)))
(1.322 ((-2.9999864 0 0)(0 0 -45)))
(1.323 ((-2.9999864 0 0)(0 0 -45)))
(1.324 ((-2.9999864 0 0)(0 0 -45)))
(1.325 ((-2.9999864 0 0)(0 0 -45)))
(1.326 ((-2.9999864 0 0)(0 0 -45)))
(1.327 ((-2.9999864 0 0)(0 0 -45)))
(1.328 ((-2.9999864 0 0)(0 0 -45)))
(1.329 ((-2.9999864 0 0)(0 0 -45)))
(1.33 ((-2.9999864 0 0)(0 0 -45)))
(1.331 ((-2.9999864 0 0)(0 0 -45)))
(1.332 ((-2.9999864 0 0)(0 0 -45)))
(1.333 ((-2.9999864 0 0)(0 0 -45)))
(1.334 ((-2.9999864 0 0)(0 0 -45)))
(1.335 ((-2.9999864 0 0)(0 0 -45)))
(1.336 ((-2.9999864 0 0)(0 0 -45)))
(1.337 ((-2.9999864 0 0)(0 0 -45)))
(1.338 ((-2.9999864 0 0)(0 0 -45)))
(1.339 ((-2.9999864 0 0)(0 0 -45)))
(1.34 ((-2.9999864 0 0)(0 0 -45)))
(1.341 ((-2.9999864 0 0)(0 0 -45)))
(1.342 ((-2.9999864 0 0)(0 0 -45)))
(1.343 ((-2.9999864 0 0)(0 0 -45)))
(1.344 ((-2.9999864 0 0)(0 0 -45)))
(1.345 ((-2.9999864 0 0)(0 0 -45)))
(1.346 ((-2.9999864 0 0)(0 0 -45)))
(1.347 ((-2.9999864 0 0)(0 0 -45)))
(1.348 ((-2.9999864 0 0)(0 0 -45)))
(1.349 ((-2.9999864 0 0)(0 0 -45)))
(1.35 ((-2.9999864 0 0)(0 0 -45)))
(1.351 ((-2.9999864 0 0)(0 0 -45)))
(1.352 ((-2.9999864 0 0)(0 0 -45)))
(1.353 ((-2.9999864 0 0)(0 0 -45)))
(1.354 ((-2.9999864 0 0)(0 0 -45)))
(1.355 ((-2.9999864 0 0)(0 0 -45)))
(1.356 ((-2.9999864 0 0)(0 0 -45)))
(1.357 ((-2.9999864 0 0)(0 0 -45)))
(1.358 ((-2.9999864 0 0)(0 0 -45)))
(1.359 ((-2.9999864 0 0)(0 0 -45)))
(1.36 ((-2.9999864 0 0)(0 0 -45)))
(1.361 ((-2.9999864 0 0)(0 0 -45)))
(1.362 ((-2.9999864 0 0)(0 0 -45)))
(1.363 ((-2.9999864 0 0)(0 0 -45)))
(1.364 ((-2.9999864 0 0)(0 0 -45)))
(1.365 ((-2.9999864 0 0)(0 0 -45)))
(1.366 ((-2.9999864 0 0)(0 0 -45)))
(1.367 ((-2.9999864 0 0)(0 0 -45)))
(1.368 ((-2.9999864 0 0)(0 0 -45)))
(1.369 ((-2.9999864 0 0)(0 0 -45)))
(1.37 ((-2.9999864 0 0)(0 0 -45)))
(1.371 ((-2.9999864 0 0)(0 0 -45)))
(1.372 ((-2.9999864 0 0)(0 0 -45)))
(1.373 ((-2.9999864 0 0)(0 0 -45)))
(1.374 ((-2.9999864 0 0)(0 0 -45)))
(1.375 ((-2.9999864 0 0)(0 0 -45)))
(1.376 ((-2.9999864 0 0)(0 0 -45)))
(1.377 ((-2.9999864 0 0)(0 0 -45)))
(1.378 ((-2.9999864 0 0)(0 0 -45)))
(1.379 ((-2.9999864 0 0)(0 0 -45)))
(1.38 ((-2.9999864 0 0)(0 0 -45)))
(1.381 ((-2.9999864 0 0)(0 0 -45)))
(1.382 ((-2.9999864 0 0)(0 0 -45)))
(1.383 ((-2.9999864 0 0)(0 0 -45)))
(1.384 ((-2.9999864 0 0)(0 0 -45)))
(1.385 ((-2.9999864 0 0)(0 0 -45)))
(1.386 ((-2.9999864 0 0)(0 0 -45)))
(1.387 ((-2.9999864 0 0)(0 0 -45)))
(1.388 ((-2.9999864 0 0)(0 0 -45)))
(1.389 ((-2.9999864 0 0)(0 0 -45)))
(1.39 ((-2.9999864 0 0)(0 0 -45)))
(1.391 ((-2.9999864 0 0)(0 0 -45)))
(1.392 ((-2.9999864 0 0)(0 0 -45)))
(1.393 ((-2.9999864 0 0)(0 0 -45)))
(1.394 ((-2.9999864 0 0)(0 0 -45)))
(1.395 ((-2.9999864 0 0)(0 0 -45)))
(1.396 ((-2.9999864 0 0)(0 0 -45)))
(1.397 ((-2.9999864 0 0)(0 0 -45)))
(1.398 ((-2.9999864 0 0)(0 0 -45)))
(1.399 ((-2.9999864 0 0)(0 0 -45)))
(1.4 ((-2.9999864 0 0)(0 0 -45)))
(1.401 ((-2.9999864 0 0)(0 0 -45)))
(1.402 ((-2.9999864 0 0)(0 0 -45)))
(1.403 ((-2.9999864 0 0)(0 0 -45)))
(1.404 ((-2.9999864 0 0)(0 0 -45)))
(1.405 ((-2.9999864 0 0)(0 0 -45)))
(1.406 ((-2.9999864 0 0)(0 0 -45)))
(1.407 ((-2.9999864 0 0)(0 0 -45)))
(1.408 ((-2.9999864 0 0)(0 0 -45)))
(1.409 ((-2.9999864 0 0)(0 0 -45)))
(1.41 ((-2.9999864 0 0)(0 0 -45)))
(1.411 ((-2.9999864 0 0)(0 0 -45)))
(1.412 ((-2.9999864 0 0)(0 0 -45)))
(1.413 ((-2.9999864 0 0)(0 0 -45)))
(1.414 ((-2.9999864 0 0)(0 0 -45)))
(1.415 ((-2.9999864 0 0)(0 0 -45)))
(1.416 ((-2.9999864 0 0)(0 0 -45)))
(1.417 ((-2.9999864 0 0)(0 0 -45)))
(1.418 ((-2.9999864 0 0)(0 0 -45)))
(1.419 ((-2.9999864 0 0)(0 0 -45)))
(1.42 ((-2.9999864 0 0)(0 0 -45)))
(1.421 ((-2.9999864 0 0)(0 0 -45)))
(1.422 ((-2.9999864 0 0)(0 0 -45)))
(1.423 ((-2.9999864 0 0)(0 0 -45)))
(1.424 ((-2.9999864 0 0)(0 0 -45)))
(1.425 ((-2.9999864 0 0)(0 0 -45)))
(1.426 ((-2.9999864 0 0)(0 0 -45)))
(1.427 ((-2.9999864 0 0)(0 0 -45)))
(1.428 ((-2.9999864 0 0)(0 0 -45)))
(1.429 ((-2.9999864 0 0)(0 0 -45)))
(1.43 ((-2.9999864 0 0)(0 0 -45)))
(1.431 ((-2.9999864 0 0)(0 0 -45)))
(1.432 ((-2.9999864 0 0)(0 0 -45)))
(1.433 ((-2.9999864 0 0)(0 0 -45)))
(1.434 ((-2.9999864 0 0)(0 0 -45)))
(1.435 ((-2.9999864 0 0)(0 0 -45)))
(1.436 ((-2.9999864 0 0)(0 0 -45)))
(1.437 ((-2.9999864 0 0)(0 0 -45)))
(1.438 ((-2.9999864 0 0)(0 0 -45)))
(1.439 ((-2.9999864 0 0)(0 0 -45)))
(1.44 ((-2.9999864 0 0)(0 0 -45)))
(1.441 ((-2.9999864 0 0)(0 0 -45)))
(1.442 ((-2.9999864 0 0)(0 0 -45)))
(1.443 ((-2.9999864 0 0)(0 0 -45)))
(1.444 ((-2.9999864 0 0)(0 0 -45)))
(1.445 ((-2.9999864 0 0)(0 0 -45)))
(1.446 ((-2.9999864 0 0)(0 0 -45)))
(1.447 ((-2.9999864 0 0)(0 0 -45)))
(1.448 ((-2.9999864 0 0)(0 0 -45)))
(1.449 ((-2.9999864 0 0)(0 0 -45)))
(1.45 ((-2.9999864 0 0)(0 0 -45)))
(1.451 ((-2.9999864 0 0)(0 0 -45)))
(1.452 ((-2.9999864 0 0)(0 0 -45)))
(1.453 ((-2.9999864 0 0)(0 0 -45)))
(1.454 ((-2.9999864 0 0)(0 0 -45)))
(1.455 ((-2.9999864 0 0)(0 0 -45)))
(1.456 ((-2.9999864 0 0)(0 0 -45)))
(1.457 ((-2.9999864 0 0)(0 0 -45)))
(1.458 ((-2.9999864 0 0)(0 0 -45)))
(1.459 ((-2.9999864 0 0)(0 0 -45)))
(1.46 ((-2.9999864 0 0)(0 0 -45)))
(1.461 ((-2.9999864 0 0)(0 0 -45)))
(1.462 ((-2.9999864 0 0)(0 0 -45)))
(1.463 ((-2.9999864 0 0)(0 0 -45)))
(1.464 ((-2.9999864 0 0)(0 0 -45)))
(1.465 ((-2.9999864 0 0)(0 0 -45)))
(1.466 ((-2.9999864 0 0)(0 0 -45)))
(1.467 ((-2.9999864 0 0)(0 0 -45)))
(1.468 ((-2.9999864 0 0)(0 0 -45)))
(1.469 ((-2.9999864 0 0)(0 0 -45)))
(1.47 ((-2.9999864 0 0)(0 0 -45)))
(1.471 ((-2.9999864 0 0)(0 0 -45)))
(1.472 ((-2.9999864 0 0)(0 0 -45)))
(1.473 ((-2.9999864 0 0)(0 0 -45)))
(1.474 ((-2.9999864 0 0)(0 0 -45)))
(1.475 ((-2.9999864 0 0)(0 0 -45)))
(1.476 ((-2.9999864 0 0)(0 0 -45)))
(1.477 ((-2.9999864 0 0)(0 0 -45)))
(1.478 ((-2.9999864 0 0)(0 0 -45)))
(1.479 ((-2.9999864 0 0)(0 0 -45)))
(1.48 ((-2.9999864 0 0)(0 0 -45)))
(1.481 ((-2.9999864 0 0)(0 0 -45)))
(1.482 ((-2.9999864 0 0)(0 0 -45)))
(1.483 ((-2.9999864 0 0)(0 0 -45)))
(1.484 ((-2.9999864 0 0)(0 0 -45)))
(1.485 ((-2.9999864 0 0)(0 0 -45)))
(1.486 ((-2.9999864 0 0)(0 0 -45)))
(1.487 ((-2.9999864 0 0)(0 0 -45)))
(1.488 ((-2.9999864 0 0)(0 0 -45)))
(1.489 ((-2.9999864 0 0)(0 0 -45)))
(1.49 ((-2.9999864 0 0)(0 0 -45)))
(1.491 ((-2.9999864 0 0)(0 0 -45)))
(1.492 ((-2.9999864 0 0)(0 0 -45)))
(1.493 ((-2.9999864 0 0)(0 0 -45)))
(1.494 ((-2.9999864 0 0)(0 0 -45)))
(1.495 ((-2.9999864 0 0)(0 0 -45)))
(1.496 ((-2.9999864 0 0)(0 0 -45)))
(1.497 ((-2.9999864 0 0)(0 0 -45)))
(1.498 ((-2.9999864 0 0)(0 0 -45)))
(1.499 ((-2.9999864 0 0)(0 0 -45)))
(1.5 ((-2.9999864 0 0)(0 0 -45)))
(1.501 ((-2.9999864 0 0)(0 0 -45)))
(1.502 ((-2.9999864 0 0)(0 0 -45)))
(1.503 ((-2.9999864 0 0)(0 0 -45)))
(1.504 ((-2.9999864 0 0)(0 0 -45)))
(1.505 ((-2.9999864 0 0)(0 0 -45)))
(1.506 ((-2.9999864 0 0)(0 0 -45)))
(1.507 ((-2.9999864 0 0)(0 0 -45)))
(1.508 ((-2.9999864 0 0)(0 0 -45)))
(1.509 ((-2.9999864 0 0)(0 0 -45)))
(1.51 ((-2.9999864 0 0)(0 0 -45)))
(1.511 ((-2.9999864 0 0)(0 0 -45)))
(1.512 ((-2.9999864 0 0)(0 0 -45)))
(1.513 ((-2.9999864 0 0)(0 0 -45)))
(1.514 ((-2.9999864 0 0)(0 0 -45)))
(1.515 ((-2.9999864 0 0)(0 0 -45)))
(1.516 ((-2.9999864 0 0)(0 0 -45)))
(1.517 ((-2.9999864 0 0)(0 0 -45)))
(1.518 ((-2.9999864 0 0)(0 0 -45)))
(1.519 ((-2.9999864 0 0)(0 0 -45)))
(1.52 ((-2.9999864 0 0)(0 0 -45)))
(1.521 ((-2.9999864 0 0)(0 0 -45)))
(1.522 ((-2.9999864 0 0)(0 0 -45)))
(1.523 ((-2.9999864 0 0)(0 0 -45)))
(1.524 ((-2.9999864 0 0)(0 0 -45)))
(1.525 ((-2.9999864 0 0)(0 0 -45)))
(1.526 ((-2.9999864 0 0)(0 0 -45)))
(1.527 ((-2.9999864 0 0)(0 0 -45)))
(1.528 ((-2.9999864 0 0)(0 0 -45)))
(1.529 ((-2.9999864 0 0)(0 0 -45)))
(1.53 ((-2.9999864 0 0)(0 0 -45)))
(1.531 ((-2.9999864 0 0)(0 0 -45)))
(1.532 ((-2.9999864 0 0)(0 0 -45)))
(1.533 ((-2.9999864 0 0)(0 0 -45)))
(1.534 ((-2.9999864 0 0)(0 0 -45)))
(1.535 ((-2.9999864 0 0)(0 0 -45)))
(1.536 ((-2.9999864 0 0)(0 0 -45)))
(1.537 ((-2.9999864 0 0)(0 0 -45)))
(1.538 ((-2.9999864 0 0)(0 0 -45)))
(1.539 ((-2.9999864 0 0)(0 0 -45)))
(1.54 ((-2.9999864 0 0)(0 0 -45)))
(1.541 ((-2.9999864 0 0)(0 0 -45)))
(1.542 ((-2.9999864 0 0)(0 0 -45)))
(1.543 ((-2.9999864 0 0)(0 0 -45)))
(1.544 ((-2.9999864 0 0)(0 0 -45)))
(1.545 ((-2.9999864 0 0)(0 0 -45)))
(1.546 ((-2.9999864 0 0)(0 0 -45)))
(1.547 ((-2.9999864 0 0)(0 0 -45)))
(1.548 ((-2.9999864 0 0)(0 0 -45)))
(1.549 ((-2.9999864 0 0)(0 0 -45)))
(1.55 ((-2.9999864 0 0)(0 0 -45)))
(1.551 ((-2.9999864 0 0)(0 0 -45)))
(1.552 ((-2.9999864 0 0)(0 0 -45)))
(1.553 ((-2.9999864 0 0)(0 0 -45)))
(1.554 ((-2.9999864 0 0)(0 0 -45)))
(1.555 ((-2.9999864 0 0)(0 0 -45)))
(1.556 ((-2.9999864 0 0)(0 0 -45)))
(1.557 ((-2.9999864 0 0)(0 0 -45)))
(1.558 ((-2.9999864 0 0)(0 0 -45)))
(1.559 ((-2.9999864 0 0)(0 0 -45)))
(1.56 ((-2.9999864 0 0)(0 0 -45)))
(1.561 ((-2.9999864 0 0)(0 0 -45)))
(1.562 ((-2.9999864 0 0)(0 0 -45)))
(1.563 ((-2.9999864 0 0)(0 0 -45)))
(1.564 ((-2.9999864 0 0)(0 0 -45)))
(1.565 ((-2.9999864 0 0)(0 0 -45)))
(1.566 ((-2.9999864 0 0)(0 0 -45)))
(1.567 ((-2.9999864 0 0)(0 0 -45)))
(1.568 ((-2.9999864 0 0)(0 0 -45)))
(1.569 ((-2.9999864 0 0)(0 0 -45)))
(1.57 ((-2.9999864 0 0)(0 0 -45)))
(1.571 ((-2.9999864 0 0)(0 0 -45)))
(1.572 ((-2.9999864 0 0)(0 0 -45)))
(1.573 ((-2.9999864 0 0)(0 0 -45)))
(1.574 ((-2.9999864 0 0)(0 0 -45)))
(1.575 ((-2.9999864 0 0)(0 0 -45)))
(1.576 ((-2.9999864 0 0)(0 0 -45)))
(1.577 ((-2.9999864 0 0)(0 0 -45)))
(1.578 ((-2.9999864 0 0)(0 0 -45)))
(1.579 ((-2.9999864 0 0)(0 0 -45)))
(1.58 ((-2.9999864 0 0)(0 0 -45)))
(1.581 ((-2.9999864 0 0)(0 0 -45)))
(1.582 ((-2.9999864 0 0)(0 0 -45)))
(1.583 ((-2.9999864 0 0)(0 0 -45)))
(1.584 ((-2.9999864 0 0)(0 0 -45)))
(1.585 ((-2.9999864 0 0)(0 0 -45)))
(1.586 ((-2.9999864 0 0)(0 0 -45)))
(1.587 ((-2.9999864 0 0)(0 0 -45)))
(1.588 ((-2.9999864 0 0)(0 0 -45)))
(1.589 ((-2.9999864 0 0)(0 0 -45)))
(1.59 ((-2.9999864 0 0)(0 0 -45)))
(1.591 ((-2.9999864 0 0)(0 0 -45)))
(1.592 ((-2.9999864 0 0)(0 0 -45)))
(1.593 ((-2.9999864 0 0)(0 0 -45)))
(1.594 ((-2.9999864 0 0)(0 0 -45)))
(1.595 ((-2.9999864 0 0)(0 0 -45)))
(1.596 ((-2.9999864 0 0)(0 0 -45)))
(1.597 ((-2.9999864 0 0)(0 0 -45)))
(1.598 ((-2.9999864 0 0)(0 0 -45)))
(1.599 ((-2.9999864 0 0)(0 0 -45)))
(1.6 ((-2.9999864 0 0)(0 0 -45)))
(1.601 ((-2.9999864 0 0)(0 0 -45)))
(1.602 ((-2.9999864 0 0)(0 0 -45)))
(1.603 ((-2.9999864 0 0)(0 0 -45)))
(1.604 ((-2.9999864 0 0)(0 0 -45)))
(1.605 ((-2.9999864 0 0)(0 0 -45)))
(1.606 ((-2.9999864 0 0)(0 0 -45)))
(1.607 ((-2.9999864 0 0)(0 0 -45)))
(1.608 ((-2.9999864 0 0)(0 0 -45)))
(1.609 ((-2.9999864 0 0)(0 0 -45)))
(1.61 ((-2.9999864 0 0)(0 0 -45)))
(1.611 ((-2.9999864 0 0)(0 0 -45)))
(1.612 ((-2.9999864 0 0)(0 0 -45)))
(1.613 ((-2.9999864 0 0)(0 0 -45)))
(1.614 ((-2.9999864 0 0)(0 0 -45)))
(1.615 ((-2.9999864 0 0)(0 0 -45)))
(1.616 ((-2.9999864 0 0)(0 0 -45)))
(1.617 ((-2.9999864 0 0)(0 0 -45)))
(1.618 ((-2.9999864 0 0)(0 0 -45)))
(1.619 ((-2.9999864 0 0)(0 0 -45)))
(1.62 ((-2.9999864 0 0)(0 0 -45)))
(1.621 ((-2.9999864 0 0)(0 0 -45)))
(1.622 ((-2.9999864 0 0)(0 0 -45)))
(1.623 ((-2.9999864 0 0)(0 0 -45)))
(1.624 ((-2.9999864 0 0)(0 0 -45)))
(1.625 ((-2.9999864 0 0)(0 0 -45)))
(1.626 ((-2.9999864 0 0)(0 0 -45)))
(1.627 ((-2.9999864 0 0)(0 0 -45)))
(1.628 ((-2.9999864 0 0)(0 0 -45)))
(1.629 ((-2.9999864 0 0)(0 0 -45)))
(1.63 ((-2.9999864 0 0)(0 0 -45)))
(1.631 ((-2.9999864 0 0)(0 0 -45)))
(1.632 ((-2.9999864 0 0)(0 0 -45)))
(1.633 ((-2.9999864 0 0)(0 0 -45)))
(1.634 ((-2.9999864 0 0)(0 0 -45)))
(1.635 ((-2.9999864 0 0)(0 0 -45)))
(1.636 ((-2.9999864 0 0)(0 0 -45)))
(1.637 ((-2.9999864 0 0)(0 0 -45)))
(1.638 ((-2.9999864 0 0)(0 0 -45)))
(1.639 ((-2.9999864 0 0)(0 0 -45)))
(1.64 ((-2.9999864 0 0)(0 0 -45)))
(1.641 ((-2.9999864 0 0)(0 0 -45)))
(1.642 ((-2.9999864 0 0)(0 0 -45)))
(1.643 ((-2.9999864 0 0)(0 0 -45)))
(1.644 ((-2.9999864 0 0)(0 0 -45)))
(1.645 ((-2.9999864 0 0)(0 0 -45)))
(1.646 ((-2.9999864 0 0)(0 0 -45)))
(1.647 ((-2.9999864 0 0)(0 0 -45)))
(1.648 ((-2.9999864 0 0)(0 0 -45)))
(1.649 ((-2.9999864 0 0)(0 0 -45)))
(1.65 ((-2.9999864 0 0)(0 0 -45)))
(1.651 ((-2.9999864 0 0)(0 0 -45)))
(1.652 ((-2.9999864 0 0)(0 0 -45)))
(1.653 ((-2.9999864 0 0)(0 0 -45)))
(1.654 ((-2.9999864 0 0)(0 0 -45)))
(1.655 ((-2.9999864 0 0)(0 0 -45)))
(1.656 ((-2.9999864 0 0)(0 0 -45)))
(1.657 ((-2.9999864 0 0)(0 0 -45)))
(1.658 ((-2.9999864 0 0)(0 0 -45)))
(1.659 ((-2.9999864 0 0)(0 0 -45)))
(1.66 ((-2.9999864 0 0)(0 0 -45)))
(1.661 ((-2.9999864 0 0)(0 0 -45)))
(1.662 ((-2.9999864 0 0)(0 0 -45)))
(1.663 ((-2.9999864 0 0)(0 0 -45)))
(1.664 ((-2.9999864 0 0)(0 0 -45)))
(1.665 ((-2.9999864 0 0)(0 0 -45)))
(1.666 ((-2.9999864 0 0)(0 0 -45)))
(1.667 ((-2.9999864 0 0)(0 0 -45)))
(1.668 ((-2.9999864 0 0)(0 0 -45)))
(1.669 ((-2.9999864 0 0)(0 0 -45)))
(1.67 ((-2.9999864 0 0)(0 0 -45)))
(1.671 ((-2.9999864 0 0)(0 0 -45)))
(1.672 ((-2.9999864 0 0)(0 0 -45)))
(1.673 ((-2.9999864 0 0)(0 0 -45)))
(1.674 ((-2.9999864 0 0)(0 0 -45)))
(1.675 ((-2.9999864 0 0)(0 0 -45)))
(1.676 ((-2.9999864 0 0)(0 0 -45)))
(1.677 ((-2.9999864 0 0)(0 0 -45)))
(1.678 ((-2.9999864 0 0)(0 0 -45)))
(1.679 ((-2.9999864 0 0)(0 0 -45)))
(1.68 ((-2.9999864 0 0)(0 0 -45)))
(1.681 ((-2.9999864 0 0)(0 0 -45)))
(1.682 ((-2.9999864 0 0)(0 0 -45)))
(1.683 ((-2.9999864 0 0)(0 0 -45)))
(1.684 ((-2.9999864 0 0)(0 0 -45)))
(1.685 ((-2.9999864 0 0)(0 0 -45)))
(1.686 ((-2.9999864 0 0)(0 0 -45)))
(1.687 ((-2.9999864 0 0)(0 0 -45)))
(1.688 ((-2.9999864 0 0)(0 0 -45)))
(1.689 ((-2.9999864 0 0)(0 0 -45)))
(1.69 ((-2.9999864 0 0)(0 0 -45)))
(1.691 ((-2.9999864 0 0)(0 0 -45)))
(1.692 ((-2.9999864 0 0)(0 0 -45)))
(1.693 ((-2.9999864 0 0)(0 0 -45)))
(1.694 ((-2.9999864 0 0)(0 0 -45)))
(1.695 ((-2.9999864 0 0)(0 0 -45)))
(1.696 ((-2.9999864 0 0)(0 0 -45)))
(1.697 ((-2.9999864 0 0)(0 0 -45)))
(1.698 ((-2.9999864 0 0)(0 0 -45)))
(1.699 ((-2.9999864 0 0)(0 0 -45)))
(1.7 ((-2.9999864 0 0)(0 0 -45)))
(1.701 ((-2.9999864 0 0)(0 0 -45)))
(1.702 ((-2.9999864 0 0)(0 0 -45)))
(1.703 ((-2.9999864 0 0)(0 0 -45)))
(1.704 ((-2.9999864 0 0)(0 0 -45)))
(1.705 ((-2.9999864 0 0)(0 0 -45)))
(1.706 ((-2.9999864 0 0)(0 0 -45)))
(1.707 ((-2.9999864 0 0)(0 0 -45)))
(1.708 ((-2.9999864 0 0)(0 0 -45)))
(1.709 ((-2.9999864 0 0)(0 0 -45)))
(1.71 ((-2.9999864 0 0)(0 0 -45)))
(1.711 ((-2.9999864 0 0)(0 0 -45)))
(1.712 ((-2.9999864 0 0)(0 0 -45)))
(1.713 ((-2.9999864 0 0)(0 0 -45)))
(1.714 ((-2.9999864 0 0)(0 0 -45)))
(1.715 ((-2.9999864 0 0)(0 0 -45)))
(1.716 ((-2.9999864 0 0)(0 0 -45)))
(1.717 ((-2.9999864 0 0)(0 0 -45)))
(1.718 ((-2.9999864 0 0)(0 0 -45)))
(1.719 ((-2.9999864 0 0)(0 0 -45)))
(1.72 ((-2.9999864 0 0)(0 0 -45)))
(1.721 ((-2.9999864 0 0)(0 0 -45)))
(1.722 ((-2.9999864 0 0)(0 0 -45)))
(1.723 ((-2.9999864 0 0)(0 0 -45)))
(1.724 ((-2.9999864 0 0)(0 0 -45)))
(1.725 ((-2.9999864 0 0)(0 0 -45)))
(1.726 ((-2.9999864 0 0)(0 0 -45)))
(1.727 ((-2.9999864 0 0)(0 0 -45)))
(1.728 ((-2.9999864 0 0)(0 0 -45)))
(1.729 ((-2.9999864 0 0)(0 0 -45)))
(1.73 ((-2.9999864 0 0)(0 0 -45)))
(1.731 ((-2.9999864 0 0)(0 0 -45)))
(1.732 ((-2.9999864 0 0)(0 0 -45)))
(1.733 ((-2.9999864 0 0)(0 0 -45)))
(1.734 ((-2.9999864 0 0)(0 0 -45)))
(1.735 ((-2.9999864 0 0)(0 0 -45)))
(1.736 ((-2.9999864 0 0)(0 0 -45)))
(1.737 ((-2.9999864 0 0)(0 0 -45)))
(1.738 ((-2.9999864 0 0)(0 0 -45)))
(1.739 ((-2.9999864 0 0)(0 0 -45)))
(1.74 ((-2.9999864 0 0)(0 0 -45)))
(1.741 ((-2.9999864 0 0)(0 0 -45)))
(1.742 ((-2.9999864 0 0)(0 0 -45)))
(1.743 ((-2.9999864 0 0)(0 0 -45)))
(1.744 ((-2.9999864 0 0)(0 0 -45)))
(1.745 ((-2.9999864 0 0)(0 0 -45)))
(1.746 ((-2.9999864 0 0)(0 0 -45)))
(1.747 ((-2.9999864 0 0)(0 0 -45)))
(1.748 ((-2.9999864 0 0)(0 0 -45)))
(1.749 ((-2.9999864 0 0)(0 0 -45)))
(1.75 ((-2.9999864 0 0)(0 0 -45)))
(1.751 ((-2.9999864 0 0)(0 0 -45)))
(1.752 ((-2.9999864 0 0)(0 0 -45)))
(1.753 ((-2.9999864 0 0)(0 0 -45)))
(1.754 ((-2.9999864 0 0)(0 0 -45)))
(1.755 ((-2.9999864 0 0)(0 0 -45)))
(1.756 ((-2.9999864 0 0)(0 0 -45)))
(1.757 ((-2.9999864 0 0)(0 0 -45)))
(1.758 ((-2.9999864 0 0)(0 0 -45)))
(1.759 ((-2.9999864 0 0)(0 0 -45)))
(1.76 ((-2.9999864 0 0)(0 0 -45)))
(1.761 ((-2.9999864 0 0)(0 0 -45)))
(1.762 ((-2.9999864 0 0)(0 0 -45)))
(1.763 ((-2.9999864 0 0)(0 0 -45)))
(1.764 ((-2.9999864 0 0)(0 0 -45)))
(1.765 ((-2.9999864 0 0)(0 0 -45)))
(1.766 ((-2.9999864 0 0)(0 0 -45)))
(1.767 ((-2.9999864 0 0)(0 0 -45)))
(1.768 ((-2.9999864 0 0)(0 0 -45)))
(1.769 ((-2.9999864 0 0)(0 0 -45)))
(1.77 ((-2.9999864 0 0)(0 0 -45)))
(1.771 ((-2.9999864 0 0)(0 0 -45)))
(1.772 ((-2.9999864 0 0)(0 0 -45)))
(1.773 ((-2.9999864 0 0)(0 0 -45)))
(1.774 ((-2.9999864 0 0)(0 0 -45)))
(1.775 ((-2.9999864 0 0)(0 0 -45)))
(1.776 ((-2.9999864 0 0)(0 0 -45)))
(1.777 ((-2.9999864 0 0)(0 0 -45)))
(1.778 ((-2.9999864 0 0)(0 0 -45)))
(1.779 ((-2.9999864 0 0)(0 0 -45)))
(1.78 ((-2.9999864 0 0)(0 0 -45)))
(1.781 ((-2.9999864 0 0)(0 0 -45)))
(1.782 ((-2.9999864 0 0)(0 0 -45)))
(1.783 ((-2.9999864 0 0)(0 0 -45)))
(1.784 ((-2.9999864 0 0)(0 0 -45)))
(1.785 ((-2.9999864 0 0)(0 0 -45)))
(1.786 ((-2.9999864 0 0)(0 0 -45)))
(1.787 ((-2.9999864 0 0)(0 0 -45)))
(1.788 ((-2.9999864 0 0)(0 0 -45)))
(1.789 ((-2.9999864 0 0)(0 0 -45)))
(1.79 ((-2.9999864 0 0)(0 0 -45)))
(1.791 ((-2.9999864 0 0)(0 0 -45)))
(1.792 ((-2.9999864 0 0)(0 0 -45)))
(1.793 ((-2.9999864 0 0)(0 0 -45)))
(1.794 ((-2.9999864 0 0)(0 0 -45)))
(1.795 ((-2.9999864 0 0)(0 0 -45)))
(1.796 ((-2.9999864 0 0)(0 0 -45)))
(1.797 ((-2.9999864 0 0)(0 0 -45)))
(1.798 ((-2.9999864 0 0)(0 0 -45)))
(1.799 ((-2.9999864 0 0)(0 0 -45)))
(1.8 ((-2.9999864 0 0)(0 0 -45)))
(1.801 ((-2.9999864 0 0)(0 0 -45)))
(1.802 ((-2.9999864 0 0)(0 0 -45)))
(1.803 ((-2.9999864 0 0)(0 0 -45)))
(1.804 ((-2.9999864 0 0)(0 0 -45)))
(1.805 ((-2.9999864 0 0)(0 0 -45)))
(1.806 ((-2.9999864 0 0)(0 0 -45)))
(1.807 ((-2.9999864 0 0)(0 0 -45)))
(1.808 ((-2.9999864 0 0)(0 0 -45)))
(1.809 ((-2.9999864 0 0)(0 0 -45)))
(1.81 ((-2.9999864 0 0)(0 0 -45)))
(1.811 ((-2.9999864 0 0)(0 0 -45)))
(1.812 ((-2.9999864 0 0)(0 0 -45)))
(1.813 ((-2.9999864 0 0)(0 0 -45)))
(1.814 ((-2.9999864 0 0)(0 0 -45)))
(1.815 ((-2.9999864 0 0)(0 0 -45)))
(1.816 ((-2.9999864 0 0)(0 0 -45)))
(1.817 ((-2.9999864 0 0)(0 0 -45)))
(1.818 ((-2.9999864 0 0)(0 0 -45)))
(1.819 ((-2.9999864 0 0)(0 0 -45)))
(1.82 ((-2.9999864 0 0)(0 0 -45)))
(1.821 ((-2.9999864 0 0)(0 0 -45)))
(1.822 ((-2.9999864 0 0)(0 0 -45)))
(1.823 ((-2.9999864 0 0)(0 0 -45)))
(1.824 ((-2.9999864 0 0)(0 0 -45)))
(1.825 ((-2.9999864 0 0)(0 0 -45)))
(1.826 ((-2.9999864 0 0)(0 0 -45)))
(1.827 ((-2.9999864 0 0)(0 0 -45)))
(1.828 ((-2.9999864 0 0)(0 0 -45)))
(1.829 ((-2.9999864 0 0)(0 0 -45)))
(1.83 ((-2.9999864 0 0)(0 0 -45)))
(1.831 ((-2.9999864 0 0)(0 0 -45)))
(1.832 ((-2.9999864 0 0)(0 0 -45)))
(1.833 ((-2.9999864 0 0)(0 0 -45)))
(1.834 ((-2.9999864 0 0)(0 0 -45)))
(1.835 ((-2.9999864 0 0)(0 0 -45)))
(1.836 ((-2.9999864 0 0)(0 0 -45)))
(1.837 ((-2.9999864 0 0)(0 0 -45)))
(1.838 ((-2.9999864 0 0)(0 0 -45)))
(1.839 ((-2.9999864 0 0)(0 0 -45)))
(1.84 ((-2.9999864 0 0)(0 0 -45)))
(1.841 ((-2.9999864 0 0)(0 0 -45)))
(1.842 ((-2.9999864 0 0)(0 0 -45)))
(1.843 ((-2.9999864 0 0)(0 0 -45)))
(1.844 ((-2.9999864 0 0)(0 0 -45)))
(1.845 ((-2.9999864 0 0)(0 0 -45)))
(1.846 ((-2.9999864 0 0)(0 0 -45)))
(1.847 ((-2.9999864 0 0)(0 0 -45)))
(1.848 ((-2.9999864 0 0)(0 0 -45)))
(1.849 ((-2.9999864 0 0)(0 0 -45)))
(1.85 ((-2.9999864 0 0)(0 0 -45)))
(1.851 ((-2.9999864 0 0)(0 0 -45)))
(1.852 ((-2.9999864 0 0)(0 0 -45)))
(1.853 ((-2.9999864 0 0)(0 0 -45)))
(1.854 ((-2.9999864 0 0)(0 0 -45)))
(1.855 ((-2.9999864 0 0)(0 0 -45)))
(1.856 ((-2.9999864 0 0)(0 0 -45)))
(1.857 ((-2.9999864 0 0)(0 0 -45)))
(1.858 ((-2.9999864 0 0)(0 0 -45)))
(1.859 ((-2.9999864 0 0)(0 0 -45)))
(1.86 ((-2.9999864 0 0)(0 0 -45)))
(1.861 ((-2.9999864 0 0)(0 0 -45)))
(1.862 ((-2.9999864 0 0)(0 0 -45)))
(1.863 ((-2.9999864 0 0)(0 0 -45)))
(1.864 ((-2.9999864 0 0)(0 0 -45)))
(1.865 ((-2.9999864 0 0)(0 0 -45)))
(1.866 ((-2.9999864 0 0)(0 0 -45)))
(1.867 ((-2.9999864 0 0)(0 0 -45)))
(1.868 ((-2.9999864 0 0)(0 0 -45)))
(1.869 ((-2.9999864 0 0)(0 0 -45)))
(1.87 ((-2.9999864 0 0)(0 0 -45)))
(1.871 ((-2.9999864 0 0)(0 0 -45)))
(1.872 ((-2.9999864 0 0)(0 0 -45)))
(1.873 ((-2.9999864 0 0)(0 0 -45)))
(1.874 ((-2.9999864 0 0)(0 0 -45)))
(1.875 ((-2.9999864 0 0)(0 0 -45)))
(1.876 ((-2.9999864 0 0)(0 0 -45)))
(1.877 ((-2.9999864 0 0)(0 0 -45)))
(1.878 ((-2.9999864 0 0)(0 0 -45)))
(1.879 ((-2.9999864 0 0)(0 0 -45)))
(1.88 ((-2.9999864 0 0)(0 0 -45)))
(1.881 ((-2.9999864 0 0)(0 0 -45)))
(1.882 ((-2.9999864 0 0)(0 0 -45)))
(1.883 ((-2.9999864 0 0)(0 0 -45)))
(1.884 ((-2.9999864 0 0)(0 0 -45)))
(1.885 ((-2.9999864 0 0)(0 0 -45)))
(1.886 ((-2.9999864 0 0)(0 0 -45)))
(1.887 ((-2.9999864 0 0)(0 0 -45)))
(1.888 ((-2.9999864 0 0)(0 0 -45)))
(1.889 ((-2.9999864 0 0)(0 0 -45)))
(1.89 ((-2.9999864 0 0)(0 0 -45)))
(1.891 ((-2.9999864 0 0)(0 0 -45)))
(1.892 ((-2.9999864 0 0)(0 0 -45)))
(1.893 ((-2.9999864 0 0)(0 0 -45)))
(1.894 ((-2.9999864 0 0)(0 0 -45)))
(1.895 ((-2.9999864 0 0)(0 0 -45)))
(1.896 ((-2.9999864 0 0)(0 0 -45)))
(1.897 ((-2.9999864 0 0)(0 0 -45)))
(1.898 ((-2.9999864 0 0)(0 0 -45)))
(1.899 ((-2.9999864 0 0)(0 0 -45)))
(1.9 ((-2.9999864 0 0)(0 0 -45)))
(1.901 ((-2.9999864 0 0)(0 0 -45)))
(1.902 ((-2.9999864 0 0)(0 0 -45)))
(1.903 ((-2.9999864 0 0)(0 0 -45)))
(1.904 ((-2.9999864 0 0)(0 0 -45)))
(1.905 ((-2.9999864 0 0)(0 0 -45)))
(1.906 ((-2.9999864 0 0)(0 0 -45)))
(1.907 ((-2.9999864 0 0)(0 0 -45)))
(1.908 ((-2.9999864 0 0)(0 0 -45)))
(1.909 ((-2.9999864 0 0)(0 0 -45)))
(1.91 ((-2.9999864 0 0)(0 0 -45)))
(1.911 ((-2.9999864 0 0)(0 0 -45)))
(1.912 ((-2.9999864 0 0)(0 0 -45)))
(1.913 ((-2.9999864 0 0)(0 0 -45)))
(1.914 ((-2.9999864 0 0)(0 0 -45)))
(1.915 ((-2.9999864 0 0)(0 0 -45)))
(1.916 ((-2.9999864 0 0)(0 0 -45)))
(1.917 ((-2.9999864 0 0)(0 0 -45)))
(1.918 ((-2.9999864 0 0)(0 0 -45)))
(1.919 ((-2.9999864 0 0)(0 0 -45)))
(1.92 ((-2.9999864 0 0)(0 0 -45)))
(1.921 ((-2.9999864 0 0)(0 0 -45)))
(1.922 ((-2.9999864 0 0)(0 0 -45)))
(1.923 ((-2.9999864 0 0)(0 0 -45)))
(1.924 ((-2.9999864 0 0)(0 0 -45)))
(1.925 ((-2.9999864 0 0)(0 0 -45)))
(1.926 ((-2.9999864 0 0)(0 0 -45)))
(1.927 ((-2.9999864 0 0)(0 0 -45)))
(1.928 ((-2.9999864 0 0)(0 0 -45)))
(1.929 ((-2.9999864 0 0)(0 0 -45)))
(1.93 ((-2.9999864 0 0)(0 0 -45)))
(1.931 ((-2.9999864 0 0)(0 0 -45)))
(1.932 ((-2.9999864 0 0)(0 0 -45)))
(1.933 ((-2.9999864 0 0)(0 0 -45)))
(1.934 ((-2.9999864 0 0)(0 0 -45)))
(1.935 ((-2.9999864 0 0)(0 0 -45)))
(1.936 ((-2.9999864 0 0)(0 0 -45)))
(1.937 ((-2.9999864 0 0)(0 0 -45)))
(1.938 ((-2.9999864 0 0)(0 0 -45)))
(1.939 ((-2.9999864 0 0)(0 0 -45)))
(1.94 ((-2.9999864 0 0)(0 0 -45)))
(1.941 ((-2.9999864 0 0)(0 0 -45)))
(1.942 ((-2.9999864 0 0)(0 0 -45)))
(1.943 ((-2.9999864 0 0)(0 0 -45)))
(1.944 ((-2.9999864 0 0)(0 0 -45)))
(1.945 ((-2.9999864 0 0)(0 0 -45)))
(1.946 ((-2.9999864 0 0)(0 0 -45)))
(1.947 ((-2.9999864 0 0)(0 0 -45)))
(1.948 ((-2.9999864 0 0)(0 0 -45)))
(1.949 ((-2.9999864 0 0)(0 0 -45)))
(1.95 ((-2.9999864 0 0)(0 0 -45)))
(1.951 ((-2.9999864 0 0)(0 0 -45)))
(1.952 ((-2.9999864 0 0)(0 0 -45)))
(1.953 ((-2.9999864 0 0)(0 0 -45)))
(1.954 ((-2.9999864 0 0)(0 0 -45)))
(1.955 ((-2.9999864 0 0)(0 0 -45)))
(1.956 ((-2.9999864 0 0)(0 0 -45)))
(1.957 ((-2.9999864 0 0)(0 0 -45)))
(1.958 ((-2.9999864 0 0)(0 0 -45)))
(1.959 ((-2.9999864 0 0)(0 0 -45)))
(1.96 ((-2.9999864 0 0)(0 0 -45)))
(1.961 ((-2.9999864 0 0)(0 0 -45)))
(1.962 ((-2.9999864 0 0)(0 0 -45)))
(1.963 ((-2.9999864 0 0)(0 0 -45)))
(1.964 ((-2.9999864 0 0)(0 0 -45)))
(1.965 ((-2.9999864 0 0)(0 0 -45)))
(1.966 ((-2.9999864 0 0)(0 0 -45)))
(1.967 ((-2.9999864 0 0)(0 0 -45)))
(1.968 ((-2.9999864 0 0)(0 0 -45)))
(1.969 ((-2.9999864 0 0)(0 0 -45)))
(1.97 ((-2.9999864 0 0)(0 0 -45)))
(1.971 ((-2.9999864 0 0)(0 0 -45)))
(1.972 ((-2.9999864 0 0)(0 0 -45)))
(1.973 ((-2.9999864 0 0)(0 0 -45)))
(1.974 ((-2.9999864 0 0)(0 0 -45)))
(1.975 ((-2.9999864 0 0)(0 0 -45)))
(1.976 ((-2.9999864 0 0)(0 0 -45)))
(1.977 ((-2.9999864 0 0)(0 0 -45)))
(1.978 ((-2.9999864 0 0)(0 0 -45)))
(1.979 ((-2.9999864 0 0)(0 0 -45)))
(1.98 ((-2.9999864 0 0)(0 0 -45)))
(1.981 ((-2.9999864 0 0)(0 0 -45)))
(1.982 ((-2.9999864 0 0)(0 0 -45)))
(1.983 ((-2.9999864 0 0)(0 0 -45)))
(1.984 ((-2.9999864 0 0)(0 0 -45)))
(1.985 ((-2.9999864 0 0)(0 0 -45)))
(1.986 ((-2.9999864 0 0)(0 0 -45)))
(1.987 ((-2.9999864 0 0)(0 0 -45)))
(1.988 ((-2.9999864 0 0)(0 0 -45)))
(1.989 ((-2.9999864 0 0)(0 0 -45)))
(1.99 ((-2.9999864 0 0)(0 0 -45)))
(1.991 ((-2.9999864 0 0)(0 0 -45)))
(1.992 ((-2.9999864 0 0)(0 0 -45)))
(1.993 ((-2.9999864 0 0)(0 0 -45)))
(1.994 ((-2.9999864 0 0)(0 0 -45)))
(1.995 ((-2.9999864 0 0)(0 0 -45)))
(1.996 ((-2.9999864 0 0)(0 0 -45)))
(1.997 ((-2.9999864 0 0)(0 0 -45)))
(1.998 ((-2.9999864 0 0)(0 0 -45)))
(1.999 ((-2.9999864 0 0)(0 0 -45)))
(2 ((-2.9999864 0 0)(0 0 -45)))
(2.001 ((-2.9999864 0 0)(0 0 -45)))
(2.002 ((-2.9999864 0 0)(0 0 -45)))
(2.003 ((-2.9999864 0 0)(0 0 -45)))
(2.004 ((-2.9999864 0 0)(0 0 -45)))
(2.005 ((-2.9999864 0 0)(0 0 -45)))
(2.006 ((-2.9999864 0 0)(0 0 -45)))
(2.007 ((-2.9999864 0 0)(0 0 -45)))
(2.008 ((-2.9999864 0 0)(0 0 -45)))
(2.009 ((-2.9999864 0 0)(0 0 -45)))
(2.01 ((-2.9999864 0 0)(0 0 -45)))
(2.011 ((-2.9999864 0 0)(0 0 -45)))
(2.012 ((-2.9999864 0 0)(0 0 -45)))
(2.013 ((-2.9999864 0 0)(0 0 -45)))
(2.014 ((-2.9999864 0 0)(0 0 -45)))
(2.015 ((-2.9999864 0 0)(0 0 -45)))
(2.016 ((-2.9999864 0 0)(0 0 -45)))
(2.017 ((-2.9999864 0 0)(0 0 -45)))
(2.018 ((-2.9999864 0 0)(0 0 -45)))
(2.019 ((-2.9999864 0 0)(0 0 -45)))
(2.02 ((-2.9999864 0 0)(0 0 -45)))
(2.021 ((-2.9999864 0 0)(0 0 -45)))
(2.022 ((-2.9999864 0 0)(0 0 -45)))
(2.023 ((-2.9999864 0 0)(0 0 -45)))
(2.024 ((-2.9999864 0 0)(0 0 -45)))
(2.025 ((-2.9999864 0 0)(0 0 -45)))
(2.026 ((-2.9999864 0 0)(0 0 -45)))
(2.027 ((-2.9999864 0 0)(0 0 -45)))
(2.028 ((-2.9999864 0 0)(0 0 -45)))
(2.029 ((-2.9999864 0 0)(0 0 -45)))
(2.03 ((-2.9999864 0 0)(0 0 -45)))
(2.031 ((-2.9999864 0 0)(0 0 -45)))
(2.032 ((-2.9999864 0 0)(0 0 -45)))
(2.033 ((-2.9999864 0 0)(0 0 -45)))
(2.034 ((-2.9999864 0 0)(0 0 -45)))
(2.035 ((-2.9999864 0 0)(0 0 -45)))
(2.036 ((-2.9999864 0 0)(0 0 -45)))
(2.037 ((-2.9999864 0 0)(0 0 -45)))
(2.038 ((-2.9999864 0 0)(0 0 -45)))
(2.039 ((-2.9999864 0 0)(0 0 -45)))
(2.04 ((-2.9999864 0 0)(0 0 -45)))
(2.041 ((-2.9999864 0 0)(0 0 -45)))
(2.042 ((-2.9999864 0 0)(0 0 -45)))
(2.043 ((-2.9999864 0 0)(0 0 -45)))
(2.044 ((-2.9999864 0 0)(0 0 -45)))
(2.045 ((-2.9999864 0 0)(0 0 -45)))
(2.046 ((-2.9999864 0 0)(0 0 -45)))
(2.047 ((-2.9999864 0 0)(0 0 -45)))
(2.048 ((-2.9999864 0 0)(0 0 -45)))
(2.049 ((-2.9999864 0 0)(0 0 -45)))
(2.05 ((-2.9999864 0 0)(0 0 -45)))
(2.051 ((-2.9999864 0 0)(0 0 -45)))
(2.052 ((-2.9999864 0 0)(0 0 -45)))
(2.053 ((-2.9999864 0 0)(0 0 -45)))
(2.054 ((-2.9999864 0 0)(0 0 -45)))
(2.055 ((-2.9999864 0 0)(0 0 -45)))
(2.056 ((-2.9999864 0 0)(0 0 -45)))
(2.057 ((-2.9999864 0 0)(0 0 -45)))
(2.058 ((-2.9999864 0 0)(0 0 -45)))
(2.059 ((-2.9999864 0 0)(0 0 -45)))
(2.06 ((-2.9999864 0 0)(0 0 -45)))
(2.061 ((-2.9999864 0 0)(0 0 -45)))
(2.062 ((-2.9999864 0 0)(0 0 -45)))
(2.063 ((-2.9999864 0 0)(0 0 -45)))
(2.064 ((-2.9999864 0 0)(0 0 -45)))
(2.065 ((-2.9999864 0 0)(0 0 -45)))
(2.066 ((-2.9999864 0 0)(0 0 -45)))
(2.067 ((-2.9999864 0 0)(0 0 -45)))
(2.068 ((-2.9999864 0 0)(0 0 -45)))
(2.069 ((-2.9999864 0 0)(0 0 -45)))
(2.07 ((-2.9999864 0 0)(0 0 -45)))
(2.071 ((-2.9999864 0 0)(0 0 -45)))
(2.072 ((-2.9999864 0 0)(0 0 -45)))
(2.073 ((-2.9999864 0 0)(0 0 -45)))
(2.074 ((-2.9999864 0 0)(0 0 -45)))
(2.075 ((-2.9999864 0 0)(0 0 -45)))
(2.076 ((-2.9999864 0 0)(0 0 -45)))
(2.077 ((-2.9999864 0 0)(0 0 -45)))
(2.078 ((-2.9999864 0 0)(0 0 -45)))
(2.079 ((-2.9999864 0 0)(0 0 -45)))
(2.08 ((-2.9999864 0 0)(0 0 -45)))
(2.081 ((-2.9999864 0 0)(0 0 -45)))
(2.082 ((-2.9999864 0 0)(0 0 -45)))
(2.083 ((-2.9999864 0 0)(0 0 -45)))
(2.084 ((-2.9999864 0 0)(0 0 -45)))
(2.085 ((-2.9999864 0 0)(0 0 -45)))
(2.086 ((-2.9999864 0 0)(0 0 -45)))
(2.087 ((-2.9999864 0 0)(0 0 -45)))
(2.088 ((-2.9999864 0 0)(0 0 -45)))
(2.089 ((-2.9999864 0 0)(0 0 -45)))
(2.09 ((-2.9999864 0 0)(0 0 -45)))
(2.091 ((-2.9999864 0 0)(0 0 -45)))
(2.092 ((-2.9999864 0 0)(0 0 -45)))
(2.093 ((-2.9999864 0 0)(0 0 -45)))
(2.094 ((-2.9999864 0 0)(0 0 -45)))
(2.095 ((-2.9999864 0 0)(0 0 -45)))
(2.096 ((-2.9999864 0 0)(0 0 -45)))
(2.097 ((-2.9999864 0 0)(0 0 -45)))
(2.098 ((-2.9999864 0 0)(0 0 -45)))
(2.099 ((-2.9999864 0 0)(0 0 -45)))
)
