2100
(
(0 ((-0 0 0)(0 0 -0)))
(0.001 ((-5.9740241e-06 0 0)(0 0 -1.2981092e-16)))
(0.002 ((-1.3254354e-05 0 0)(0 0 4.9303807e-32)))
(0.003 ((-2.2122761e-05 0 0)(0 0 -6.8549224e-16)))
(0.004 ((-3.2919305e-05 0 0)(0 0 -1.3299884e-15)))
(0.005 ((-4.605403e-05 0 0)(0 0 -1.3231657e-15)))
(0.006 ((-6.2019838e-05 0 0)(0 0 -7.0596039e-16)))
(0.007 ((-8.1407295e-05 0 0)(0 0 7.5049888e-17)))
(0.008 ((-0.00010492114 0 0)(0 0 -7.056018e-16)))
(0.009 ((-0.00013339835 0 0)(0 0 -1.3246001e-15)))
(0.01 ((-0.00016782736 0 0)(0 0 -1.3246095e-15)))
(0.011 ((-0.00020936764 0 0)(0 0 -7.0557353e-16)))
(0.012 ((-0.00025936873 0 0)(0 0 7.4946228e-17)))
(0.013 ((-0.00031938713 0 0)(0 0 -7.0557402e-16)))
(0.014 ((-0.00039119932 0 0)(0 0 -1.3246075e-15)))
(0.015 ((-0.00047680873 0 0)(0 0 -1.3246075e-15)))
(0.016 ((-0.00057844458 0 0)(0 0 -7.0557402e-16)))
(0.017 ((-0.00069855043 0 0)(0 0 7.494622e-17)))
(0.018 ((-0.00083976138 0 0)(0 0 -7.055735e-16)))
(0.019 ((-0.0010048694 0 0)(0 0 -1.3246096e-15)))
(0.02 ((-0.0011967778 0 0)(0 0 -1.3245997e-15)))
(0.021 ((-0.0014184482 0 0)(0 0 -7.0560334e-16)))
(0.022 ((-0.0016728419 0 0)(0 0 7.5055647e-17)))
(0.023 ((-0.0019628624 0 0)(0 0 -7.0598188e-16)))
(0.024 ((-0.0022913016 0 0)(0 0 -1.3230855e-15)))
(0.025 ((-0.0026607946 0 0)(0 0 -1.3302878e-15)))
(0.026 ((-0.0030737849 0 0)(0 0 -6.8437504e-16)))
(0.027 ((-0.0035325019 0 0)(0 0 -4.1694382e-18)))
(0.028 ((-0.0040389489 0 0)(0 0 -1.1425037e-16)))
(0.029 ((-0.0045949023 0 0)(0 0 -5.8072783e-17)))
(0.03 ((-0.0052019188 0 0)(0 0 -1.7270219e-16)))
(0.031 ((-0.0058613478 0 0)(0 0 5.2569733e-16)))
(0.032 ((-0.0065743488 0 0)(0 0 1.1033829e-15)))
(0.033 ((-0.0073419103 0 0)(0 0 1.6469548e-15)))
(0.034 ((-0.0081648692 0 0)(0 0 2.4476951e-15)))
(0.035 ((-0.0090439302 0 0)(0 0 1.6617568e-15)))
(0.036 ((-0.009979684 0 0)(0 0 1.0441751e-15)))
(0.037 ((-0.010972623 0 0)(0 0 1.0437861e-15)))
(0.038 ((-0.012023158 0 0)(0 0 1.6629238e-15)))
(0.039 ((-0.013131629 0 0)(0 0 2.4434163e-15)))
(0.04 ((-0.014298317 0 0)(0 0 1.6629033e-15)))
(0.041 ((-0.015523455 0 0)(0 0 1.0438679e-15)))
(0.042 ((-0.016807235 0 0)(0 0 1.0438684e-15)))
(0.043 ((-0.018149814 0 0)(0 0 1.6629017e-15)))
(0.044 ((-0.019551323 0 0)(0 0 2.4434222e-15)))
(0.045 ((-0.021011868 0 0)(0 0 1.6629017e-15)))
(0.046 ((-0.022531537 0 0)(0 0 1.0438683e-15)))
(0.047 ((-0.024110402 0 0)(0 0 1.0438683e-15)))
(0.048 ((-0.025748523 0 0)(0 0 1.6629017e-15)))
(0.049 ((-0.027445947 0 0)(0 0 2.4434222e-15)))
(0.05 ((-0.029202715 0 0)(0 0 1.6629017e-15)))
(0.051 ((-0.031018859 0 0)(0 0 1.0438684e-15)))
(0.052 ((-0.032894406 0 0)(0 0 1.0438679e-15)))
(0.053 ((-0.034829378 0 0)(0 0 1.6629033e-15)))
(0.054 ((-0.036823792 0 0)(0 0 2.4434162e-15)))
(0.055 ((-0.038877664 0 0)(0 0 1.6629238e-15)))
(0.056 ((-0.040991005 0 0)(0 0 1.0437859e-15)))
(0.057 ((-0.043163825 0 0)(0 0 1.0441756e-15)))
(0.058 ((-0.045396133 0 0)(0 0 1.6617548e-15)))
(0.059 ((-0.047687934 0 0)(0 0 2.4477026e-15)))
(0.06 ((-0.050039235 0 0)(0 0 1.6469271e-15)))
(0.061 ((-0.05245004 0 0)(0 0 1.1034865e-15)))
(0.062 ((-0.054920352 0 0)(0 0 5.2531043e-16)))
(0.063 ((-0.057450175 0 0)(0 0 -1.7125827e-16)))
(0.064 ((-0.06003951 0 0)(0 0 -6.3461557e-17)))
(0.065 ((-0.06268836 0 0)(0 0 -9.4139188e-17)))
(0.066 ((-0.065396727 0 0)(0 0 -7.9225379e-17)))
(0.067 ((-0.068164611 0 0)(0 0 -1.0820298e-16)))
(0.068 ((-0.070992014 0 0)(0 0 -7.2063798e-18)))
(0.069 ((-0.073878937 0 0)(0 0 -6.7827466e-16)))
(0.07 ((-0.07682538 0 0)(0 0 -1.3516523e-15)))
(0.071 ((-0.079831345 0 0)(0 0 -1.2437275e-15)))
(0.072 ((-0.08289683 0 0)(0 0 -1.2981086e-15)))
(0.073 ((-0.086021838 0 0)(0 0 -1.1885091e-15)))
(0.074 ((-0.089206368 0 0)(0 0 -1.8685857e-15)))
(0.075 ((-0.092450421 0 0)(0 0 -2.514533e-15)))
(0.076 ((-0.095753996 0 0)(0 0 -2.5073214e-15)))
(0.077 ((-0.099117094 0 0)(0 0 -1.8902203e-15)))
(0.078 ((-0.10253971 0 0)(0 0 -1.1091823e-15)))
(0.079 ((-0.10602186 0 0)(0 0 -1.8898407e-15)))
(0.08 ((-0.10956353 0 0)(0 0 -2.5088396e-15)))
(0.081 ((-0.11316472 0 0)(0 0 -2.5088397e-15)))
(0.082 ((-0.11682543 0 0)(0 0 -1.8898407e-15)))
(0.083 ((-0.12054567 0 0)(0 0 -1.1091824e-15)))
(0.084 ((-0.12432542 0 0)(0 0 -1.8902197e-15)))
(0.085 ((-0.12816471 0 0)(0 0 -2.5073234e-15)))
(0.086 ((-0.13206351 0 0)(0 0 -2.5145257e-15)))
(0.087 ((-0.13602184 0 0)(0 0 -1.8686129e-15)))
(0.088 ((-0.14003969 0 0)(0 0 -1.1884073e-15)))
(0.089 ((-0.14411706 0 0)(0 0 -1.2984883e-15)))
(0.09 ((-0.14825395 0 0)(0 0 -1.2423107e-15)))
(0.091 ((-0.15245037 0 0)(0 0 -1.3569401e-15)))
(0.092 ((-0.1567063 0 0)(0 0 -6.5854057e-16)))
(0.093 ((-0.16102175 0 0)(0 0 -8.0855017e-17)))
(0.094 ((-0.16539673 0 0)(0 0 4.6271695e-16)))
(0.095 ((-0.16983122 0 0)(0 0 1.2634572e-15)))
(0.096 ((-0.17432522 0 0)(0 0 4.775189e-16)))
(0.097 ((-0.17887875 0 0)(0 0 -1.4006283e-16)))
(0.098 ((-0.18349178 0 0)(0 0 -1.4045181e-16)))
(0.099 ((-0.18816433 0 0)(0 0 4.7868586e-16)))
(0.1 ((-0.19289638 0 0)(0 0 1.2591784e-15)))
(0.101 ((-0.19768793 0 0)(0 0 4.7866542e-16)))
(0.102 ((-0.20253899 0 0)(0 0 -1.4037003e-16)))
(0.103 ((-0.20744954 0 0)(0 0 -1.403695e-16)))
(0.104 ((-0.21241958 0 0)(0 0 4.786638e-16)))
(0.105 ((-0.21744909 0 0)(0 0 1.2591843e-15)))
(0.106 ((-0.22253808 0 0)(0 0 4.7866383e-16)))
(0.107 ((-0.22768652 0 0)(0 0 -1.4036961e-16)))
(0.108 ((-0.23289441 0 0)(0 0 -1.4036961e-16)))
(0.109 ((-0.23816172 0 0)(0 0 4.7866383e-16)))
(0.11 ((-0.24348843 0 0)(0 0 1.2591843e-15)))
(0.111 ((-0.24887452 0 0)(0 0 4.786638e-16)))
(0.112 ((-0.25431995 0 0)(0 0 -1.403695e-16)))
(0.113 ((-0.25982469 0 0)(0 0 -1.4037003e-16)))
(0.114 ((-0.26538868 0 0)(0 0 4.7866542e-16)))
(0.115 ((-0.27101187 0 0)(0 0 1.2591784e-15)))
(0.116 ((-0.27669418 0 0)(0 0 4.7868586e-16)))
(0.117 ((-0.28243553 0 0)(0 0 -1.4045181e-16)))
(0.118 ((-0.28823581 0 0)(0 0 -1.4006283e-16)))
(0.119 ((-0.29409488 0 0)(0 0 4.775189e-16)))
(0.12 ((-0.3000126 0 0)(0 0 1.2634572e-15)))
(0.121 ((-0.30598877 0 0)(0 0 4.6271695e-16)))
(0.122 ((-0.31202316 0 0)(0 0 -8.0855017e-17)))
(0.123 ((-0.31811548 0 0)(0 0 -6.5854057e-16)))
(0.124 ((-0.3242654 0 0)(0 0 -1.3569401e-15)))
(0.125 ((-0.3304725 0 0)(0 0 -1.2423107e-15)))
(0.126 ((-0.3367363 0 0)(0 0 -1.2984883e-15)))
(0.127 ((-0.3430562 0 0)(0 0 -1.1884073e-15)))
(0.128 ((-0.34943149 0 0)(0 0 -1.8686129e-15)))
(0.129 ((-0.35586135 0 0)(0 0 -2.5145257e-15)))
(0.13 ((-0.36234478 0 0)(0 0 -2.5073234e-15)))
(0.131 ((-0.36888062 0 0)(0 0 -1.8902198e-15)))
(0.132 ((-0.37546752 0 0)(0 0 -1.1091822e-15)))
(0.133 ((-0.38210393 0 0)(0 0 -1.8898412e-15)))
(0.134 ((-0.38878807 0 0)(0 0 -2.5088375e-15)))
(0.135 ((-0.39551794 0 0)(0 0 -2.5088475e-15)))
(0.136 ((-0.4022913 0 0)(0 0 -1.8898114e-15)))
(0.137 ((-0.40910572 0 0)(0 0 -1.1092917e-15)))
(0.138 ((-0.41595856 0 0)(0 0 -1.8898119e-15)))
(0.139 ((-0.42284702 0 0)(0 0 -2.5088454e-15)))
(0.14 ((-0.42976821 0 0)(0 0 -2.5088454e-15)))
(0.141 ((-0.43671916 0 0)(0 0 -1.8898119e-15)))
(0.142 ((-0.4436969 0 0)(0 0 -1.1092917e-15)))
(0.143 ((-0.45069855 0 0)(0 0 -1.8898114e-15)))
(0.144 ((-0.4577213 0 0)(0 0 -2.5088475e-15)))
(0.145 ((-0.46476252 0 0)(0 0 -2.5088375e-15)))
(0.146 ((-0.47181977 0 0)(0 0 -1.8898412e-15)))
(0.147 ((-0.47889082 0 0)(0 0 -1.1091822e-15)))
(0.148 ((-0.48597365 0 0)(0 0 -1.8902198e-15)))
(0.149 ((-0.49306651 0 0)(0 0 -2.5073234e-15)))
(0.15 ((-0.50016783 0 0)(0 0 -2.5145257e-15)))
(0.151 ((-0.50727626 0 0)(0 0 -1.8686129e-15)))
(0.152 ((-0.51439064 0 0)(0 0 -1.1884073e-15)))
(0.153 ((-0.52150998 0 0)(0 0 -1.2984883e-15)))
(0.154 ((-0.52863345 0 0)(0 0 -1.2423107e-15)))
(0.155 ((-0.53576034 0 0)(0 0 -1.3569401e-15)))
(0.156 ((-0.54289006 0 0)(0 0 -6.5854057e-16)))
(0.157 ((-0.55002212 0 0)(0 0 -8.0855017e-17)))
(0.158 ((-0.55715611 0 0)(0 0 4.6271695e-16)))
(0.159 ((-0.56429169 0 0)(0 0 1.2634572e-15)))
(0.16 ((-0.57142857 0 0)(0 0 4.775189e-16)))
(0.161 ((-0.57856653 0 0)(0 0 -1.4006283e-16)))
(0.162 ((-0.58570537 0 0)(0 0 -1.4045181e-16)))
(0.163 ((-0.59284493 0 0)(0 0 4.7868586e-16)))
(0.164 ((-0.59998509 0 0)(0 0 1.2591784e-15)))
(0.165 ((-0.60712574 0 0)(0 0 4.7866541e-16)))
(0.166 ((-0.61426678 0 0)(0 0 -1.4037003e-16)))
(0.167 ((-0.62140815 0 0)(0 0 -1.4036951e-16)))
(0.168 ((-0.62854979 0 0)(0 0 4.7866384e-16)))
(0.169 ((-0.63569166 0 0)(0 0 1.2591841e-15)))
(0.17 ((-0.6428337 0 0)(0 0 4.7866436e-16)))
(0.171 ((-0.64997589 0 0)(0 0 -1.403716e-16)))
(0.172 ((-0.6571182 0 0)(0 0 -1.403622e-16)))
(0.173 ((-0.66426061 0 0)(0 0 4.7863617e-16)))
(0.174 ((-0.6714031 0 0)(0 0 1.2592875e-15)))
(0.175 ((-0.67854565 0 0)(0 0 4.7827848e-16)))
(0.176 ((-0.68568827 0 0)(0 0 -1.3893145e-16)))
(0.177 ((-0.69283092 0 0)(0 0 -1.4573688e-16)))
(0.178 ((-0.69997361 0 0)(0 0 4.9869476e-16)))
(0.179 ((-0.70711634 0 0)(0 0 1.1844278e-15)))
(0.18 ((-0.71425908 0 0)(0 0 1.0537182e-15)))
(0.181 ((-0.72140185 0 0)(0 0 1.1868832e-15)))
(0.182 ((-0.72854463 0 0)(0 0 4.8887332e-16)))
(0.183 ((-0.73568743 0 0)(0 0 -1.0890648e-16)))
(0.184 ((-0.74283024 0 0)(0 0 -5.7249108e-16)))
(0.185 ((-0.74997305 0 0)(0 0 -1.969146e-15)))
(0.186 ((-0.75711588 0 0)(0 0 -2.43225e-15)))
(0.187 ((-0.76425871 0 0)(0 0 -3.0319522e-15)))
(0.188 ((-0.77140154 0 0)(0 0 -3.7227532e-15)))
(0.189 ((-0.77854438 0 0)(0 0 -3.6165014e-15)))
(0.19 ((-0.78568722 0 0)(0 0 -3.6467669e-15)))
(0.191 ((-0.79283007 0 0)(0 0 -3.6319566e-15)))
(0.192 ((-0.79997291 0 0)(0 0 -3.6609324e-15)))
(0.193 ((-0.80711576 0 0)(0 0 -3.5598394e-15)))
(0.194 ((-0.81425861 0 0)(0 0 -4.2312951e-15)))
(0.195 ((-0.82140146 0 0)(0 0 -4.9032196e-15)))
(0.196 ((-0.82854432 0 0)(0 0 -4.80072e-15)))
(0.197 ((-0.83568717 0 0)(0 0 -4.8348534e-15)))
(0.198 ((-0.84283003 0 0)(0 0 -4.8008195e-15)))
(0.199 ((-0.84997288 0 0)(0 0 -4.9028216e-15)))
(0.2 ((-0.85711573 0 0)(0 0 -4.2327877e-15)))
(0.201 ((-0.86425859 0 0)(0 0 -3.5542672e-15)))
(0.202 ((-0.87140145 0 0)(0 0 -3.6817287e-15)))
(0.203 ((-0.8785443 0 0)(0 0 -3.5543436e-15)))
(0.204 ((-0.88568716 0 0)(0 0 -4.232482e-15)))
(0.205 ((-0.89283001 0 0)(0 0 -4.9039677e-15)))
(0.206 ((-0.89997287 0 0)(0 0 -4.7965406e-15)))
(0.207 ((-0.90711573 0 0)(0 0 -4.8508228e-15)))
(0.208 ((-0.91425858 0 0)(0 0 -4.7411212e-15)))
(0.209 ((-0.92140144 0 0)(0 0 -5.4217051e-15)))
(0.21 ((-0.9285443 0 0)(0 0 -6.0657252e-15)))
(0.211 ((-0.93568716 0 0)(0 0 -6.065715e-15)))
(0.212 ((-0.94283001 0 0)(0 0 -5.4217356e-15)))
(0.213 ((-0.94997287 0 0)(0 0 -4.7410093e-15)))
(0.214 ((-0.95711573 0 0)(0 0 -4.8512397e-15)))
(0.215 ((-0.96425858 0 0)(0 0 -4.794985e-15)))
(0.216 ((-0.97140144 0 0)(0 0 -4.9097733e-15)))
(0.217 ((-0.9785443 0 0)(0 0 -4.2108154e-15)))
(0.218 ((-0.98568715 0 0)(0 0 -3.6352044e-15)))
(0.219 ((-0.99283001 0 0)(0 0 -3.0838928e-15)))
(0.22 ((-0.99997287 0 0)(0 0 -2.3120366e-15)))
(0.221 ((-1.0071157 0 0)(0 0 -2.9901782e-15)))
(0.222 ((-1.0142586 0 0)(0 0 -4.3061222e-15)))
(0.223 ((-1.0214014 0 0)(0 0 -4.8775128e-15)))
(0.224 ((-1.0285443 0 0)(0 0 -4.8287202e-15)))
(0.225 ((-1.0356872 0 0)(0 0 -4.7485596e-15)))
(0.226 ((-1.04283 0 0)(0 0 -5.4140541e-15)))
(0.227 ((-1.0499729 0 0)(0 0 -6.0888908e-15)))
(0.228 ((-1.0571157 0 0)(0 0 -5.9807038e-15)))
(0.229 ((-1.0642586 0 0)(0 0 -6.0346745e-15)))
(0.23 ((-1.0714014 0 0)(0 0 -5.9269786e-15)))
(0.231 ((-1.0785443 0 0)(0 0 -6.5998512e-15)))
(0.232 ((-1.0856872 0 0)(0 0 -7.2727109e-15)))
(0.233 ((-1.09283 0 0)(0 0 -7.1650536e-15)))
(0.234 ((-1.0999729 0 0)(0 0 -7.2188824e-15)))
(0.235 ((-1.1071157 0 0)(0 0 -7.1112245e-15)))
(0.236 ((-1.1142586 0 0)(0 0 -7.7840869e-15)))
(0.237 ((-1.1214014 0 0)(0 0 -8.4569494e-15)))
(0.238 ((-1.1285443 0 0)(0 0 -8.3492914e-15)))
(0.239 ((-1.1356872 0 0)(0 0 -8.4031203e-15)))
(0.24 ((-1.14283 0 0)(0 0 -8.2954625e-15)))
(0.241 ((-1.1499729 0 0)(0 0 -8.9683244e-15)))
(0.242 ((-1.1571157 0 0)(0 0 -9.6411888e-15)))
(0.243 ((-1.1642586 0 0)(0 0 -9.5335235e-15)))
(0.244 ((-1.1714014 0 0)(0 0 -9.5873797e-15)))
(0.245 ((-1.1785443 0 0)(0 0 -9.4796202e-15)))
(0.246 ((-1.1856872 0 0)(0 0 -1.0152861e-14)))
(0.247 ((-1.19283 0 0)(0 0 -1.082431e-14)))
(0.248 ((-1.1999729 0 0)(0 0 -1.0721929e-14)))
(0.249 ((-1.2071157 0 0)(0 0 -1.0756065e-14)))
(0.25 ((-1.2142586 0 0)(0 0 -1.0721902e-14)))
(0.251 ((-1.2214014 0 0)(0 0 -1.0824419e-14)))
(0.252 ((-1.2285443 0 0)(0 0 -1.0152453e-14)))
(0.253 ((-1.2356872 0 0)(0 0 -9.4811442e-15)))
(0.254 ((-1.24283 0 0)(0 0 -9.581692e-15)))
(0.255 ((-1.2499729 0 0)(0 0 -9.5547503e-15)))
(0.256 ((-1.2571157 0 0)(0 0 -9.5619693e-15)))
(0.257 ((-1.2642586 0 0)(0 0 -9.560035e-15)))
(0.258 ((-1.2714014 0 0)(0 0 -9.5605533e-15)))
(0.259 ((-1.2785443 0 0)(0 0 -9.5604144e-15)))
(0.26 ((-1.2856872 0 0)(0 0 -9.5604516e-15)))
(0.261 ((-1.29283 0 0)(0 0 -9.5604417e-15)))
(0.262 ((-1.2999729 0 0)(0 0 -9.5604443e-15)))
(0.263 ((-1.3071157 0 0)(0 0 -9.5604436e-15)))
(0.264 ((-1.3142586 0 0)(0 0 -9.5604438e-15)))
(0.265 ((-1.3214014 0 0)(0 0 -9.5604437e-15)))
(0.266 ((-1.3285443 0 0)(0 0 -9.5604438e-15)))
(0.267 ((-1.3356872 0 0)(0 0 -9.5604438e-15)))
(0.268 ((-1.34283 0 0)(0 0 -9.5604438e-15)))
(0.269 ((-1.3499729 0 0)(0 0 -9.5604438e-15)))
(0.27 ((-1.3571157 0 0)(0 0 -9.5604438e-15)))
(0.271 ((-1.3642586 0 0)(0 0 -9.5604438e-15)))
(0.272 ((-1.3714014 0 0)(0 0 -9.5604437e-15)))
(0.273 ((-1.3785443 0 0)(0 0 -9.5604438e-15)))
(0.274 ((-1.3856872 0 0)(0 0 -9.5604436e-15)))
(0.275 ((-1.39283 0 0)(0 0 -9.5604443e-15)))
(0.276 ((-1.3999729 0 0)(0 0 -9.5604417e-15)))
(0.277 ((-1.4071157 0 0)(0 0 -9.5604516e-15)))
(0.278 ((-1.4142586 0 0)(0 0 -9.5604144e-15)))
(0.279 ((-1.4214014 0 0)(0 0 -9.5605532e-15)))
(0.28 ((-1.4285443 0 0)(0 0 -9.5600354e-15)))
(0.281 ((-1.4356872 0 0)(0 0 -9.5619679e-15)))
(0.282 ((-1.44283 0 0)(0 0 -9.5547555e-15)))
(0.283 ((-1.4499729 0 0)(0 0 -9.5816726e-15)))
(0.284 ((-1.4571157 0 0)(0 0 -9.4812166e-15)))
(0.285 ((-1.4642586 0 0)(0 0 -1.0152183e-14)))
(0.286 ((-1.4714014 0 0)(0 0 -1.0825427e-14)))
(0.287 ((-1.4785443 0 0)(0 0 -1.0718139e-14)))
(0.288 ((-1.4856872 0 0)(0 0 -1.0770105e-14)))
(0.289 ((-1.49283 0 0)(0 0 -1.066953e-14)))
(0.29 ((-1.4999729 0 0)(0 0 -1.1315925e-14)))
(0.291 ((-1.5071157 0 0)(0 0 -1.2087575e-14)))
(0.292 ((-1.5142586 0 0)(0 0 -1.1315172e-14)))
(0.293 ((-1.5214014 0 0)(0 0 -1.0672539e-14)))
(0.294 ((-1.5285443 0 0)(0 0 -1.075882e-14)))
(0.295 ((-1.5356872 0 0)(0 0 -1.0760271e-14)))
(0.296 ((-1.54283 0 0)(0 0 -1.0668187e-14)))
(0.297 ((-1.5499729 0 0)(0 0 -1.1331131e-14)))
(0.298 ((-1.5571157 0 0)(0 0 -1.2028092e-14)))
(0.299 ((-1.5642586 0 0)(0 0 -1.1833957e-14)))
(0.3 ((-1.5714014 0 0)(0 0 -1.2505655e-14)))
(0.301 ((-1.5785443 0 0)(0 0 -1.3269655e-14)))
(0.302 ((-1.5856872 0 0)(0 0 -1.2502551e-14)))
(0.303 ((-1.59283 0 0)(0 0 -1.1846373e-14)))
(0.304 ((-1.5999729 0 0)(0 0 -1.1981535e-14)))
(0.305 ((-1.6071157 0 0)(0 0 -1.1652976e-14)))
(0.306 ((-1.6142586 0 0)(0 0 -1.120372e-14)))
(0.307 ((-1.6214014 0 0)(0 0 -1.1997036e-14)))
(0.308 ((-1.6285443 0 0)(0 0 -1.2233625e-14)))
(0.309 ((-1.6356872 0 0)(0 0 -1.2418338e-14)))
(0.31 ((-1.64283 0 0)(0 0 -1.3515314e-14)))
(0.311 ((-1.6499729 0 0)(0 0 -1.367965e-14)))
(0.312 ((-1.6571157 0 0)(0 0 -1.3997746e-14)))
(0.313 ((-1.6642586 0 0)(0 0 -1.433738e-14)))
(0.314 ((-1.6714014 0 0)(0 0 -1.4289075e-14)))
(0.315 ((-1.6785443 0 0)(0 0 -1.4290691e-14)))
(0.316 ((-1.6856872 0 0)(0 0 -1.4332531e-14)))
(0.317 ((-1.69283 0 0)(0 0 -1.4015525e-14)))
(0.318 ((-1.6999729 0 0)(0 0 -1.3613384e-14)))
(0.319 ((-1.7071157 0 0)(0 0 -1.4058657e-14)))
(0.32 ((-1.7142586 0 0)(0 0 -1.4011973e-14)))
(0.321 ((-1.7214014 0 0)(0 0 -1.3901465e-14)))
(0.322 ((-1.7285443 0 0)(0 0 -1.468624e-14)))
(0.323 ((-1.7356872 0 0)(0 0 -1.4618244e-14)))
(0.324 ((-1.74283 0 0)(0 0 -1.4253482e-14)))
(0.325 ((-1.7499729 0 0)(0 0 -1.4300228e-14)))
(0.326 ((-1.7571157 0 0)(0 0 -1.4329976e-14)))
(0.327 ((-1.7642586 0 0)(0 0 -1.401621e-14)))
(0.328 ((-1.7714014 0 0)(0 0 -1.3613201e-14)))
(0.329 ((-1.7785443 0 0)(0 0 -1.4058706e-14)))
(0.33 ((-1.7856872 0 0)(0 0 -1.4011962e-14)))
(0.331 ((-1.79283 0 0)(0 0 -1.390146e-14)))
(0.332 ((-1.7999729 0 0)(0 0 -1.4686273e-14)))
(0.333 ((-1.8071157 0 0)(0 0 -1.4618118e-14)))
(0.334 ((-1.8142586 0 0)(0 0 -1.4253956e-14)))
(0.335 ((-1.8214014 0 0)(0 0 -1.4298462e-14)))
(0.336 ((-1.8285443 0 0)(0 0 -1.433657e-14)))
(0.337 ((-1.8356872 0 0)(0 0 -1.3991602e-14)))
(0.338 ((-1.84283 0 0)(0 0 -1.3705037e-14)))
(0.339 ((-1.8499729 0 0)(0 0 -1.3419909e-14)))
(0.34 ((-1.8571157 0 0)(0 0 -1.3070628e-14)))
(0.341 ((-1.8642586 0 0)(0 0 -1.3124553e-14)))
(0.342 ((-1.8714014 0 0)(0 0 -1.3110104e-14)))
(0.343 ((-1.8785443 0 0)(0 0 -1.3113977e-14)))
(0.344 ((-1.8856872 0 0)(0 0 -1.3112933e-14)))
(0.345 ((-1.89283 0 0)(0 0 -1.3113234e-14)))
(0.346 ((-1.8999729 0 0)(0 0 -1.3113076e-14)))
(0.347 ((-1.9071157 0 0)(0 0 -1.3113407e-14)))
(0.348 ((-1.9142586 0 0)(0 0 -1.3112241e-14)))
(0.349 ((-1.9214014 0 0)(0 0 -1.3116574e-14)))
(0.35 ((-1.9285443 0 0)(0 0 -1.3100407e-14)))
(0.351 ((-1.9356872 0 0)(0 0 -1.3160741e-14)))
(0.352 ((-1.94283 0 0)(0 0 -1.2787544e-14)))
(0.353 ((-1.9499729 0 0)(0 0 -1.2739701e-14)))
(0.354 ((-1.9571157 0 0)(0 0 -1.3452298e-14)))
(0.355 ((-1.9642586 0 0)(0 0 -1.3758379e-14)))
(0.356 ((-1.9714014 0 0)(0 0 -1.3449783e-14)))
(0.357 ((-1.9785443 0 0)(0 0 -1.274976e-14)))
(0.358 ((-1.9856872 0 0)(0 0 -1.2749825e-14)))
(0.359 ((-1.99283 0 0)(0 0 -1.3449586e-14)))
(0.36 ((-1.9999729 0 0)(0 0 -1.3759103e-14)))
(0.361 ((-2.0071157 0 0)(0 0 -1.3449602e-14)))
(0.362 ((-2.0142586 0 0)(0 0 -1.274976e-14)))
(0.363 ((-2.0214014 0 0)(0 0 -1.2750005e-14)))
(0.364 ((-2.0285443 0 0)(0 0 -1.3448868e-14)))
(0.365 ((-2.0356872 0 0)(0 0 -1.3761796e-14)))
(0.366 ((-2.04283 0 0)(0 0 -1.3439548e-14)))
(0.367 ((-2.0499729 0 0)(0 0 -1.2787285e-14)))
(0.368 ((-2.0571157 0 0)(0 0 -1.246193e-14)))
(0.369 ((-2.0642586 0 0)(0 0 -1.2787285e-14)))
(0.37 ((-2.0714014 0 0)(0 0 -1.3439549e-14)))
(0.371 ((-2.0785443 0 0)(0 0 -1.3761792e-14)))
(0.372 ((-2.0856872 0 0)(0 0 -1.3448882e-14)))
(0.373 ((-2.09283 0 0)(0 0 -1.2749953e-14)))
(0.374 ((-2.0999729 0 0)(0 0 -1.2749953e-14)))
(0.375 ((-2.1071157 0 0)(0 0 -1.3448882e-14)))
(0.376 ((-2.1142586 0 0)(0 0 -1.3761792e-14)))
(0.377 ((-2.1214014 0 0)(0 0 -1.3439549e-14)))
(0.378 ((-2.1285443 0 0)(0 0 -1.2787285e-14)))
(0.379 ((-2.1356872 0 0)(0 0 -1.246193e-14)))
(0.38 ((-2.14283 0 0)(0 0 -1.2787285e-14)))
(0.381 ((-2.1499729 0 0)(0 0 -1.3439548e-14)))
(0.382 ((-2.1571157 0 0)(0 0 -1.3761796e-14)))
(0.383 ((-2.1642586 0 0)(0 0 -1.3448868e-14)))
(0.384 ((-2.1714014 0 0)(0 0 -1.2750005e-14)))
(0.385 ((-2.1785443 0 0)(0 0 -1.274976e-14)))
(0.386 ((-2.1856872 0 0)(0 0 -1.3449603e-14)))
(0.387 ((-2.19283 0 0)(0 0 -1.3759102e-14)))
(0.388 ((-2.1999729 0 0)(0 0 -1.344959e-14)))
(0.389 ((-2.2071157 0 0)(0 0 -1.2749812e-14)))
(0.39 ((-2.2142586 0 0)(0 0 -1.2749812e-14)))
(0.391 ((-2.2214014 0 0)(0 0 -1.344959e-14)))
(0.392 ((-2.2285443 0 0)(0 0 -1.3759102e-14)))
(0.393 ((-2.2356872 0 0)(0 0 -1.3449603e-14)))
(0.394 ((-2.24283 0 0)(0 0 -1.274976e-14)))
(0.395 ((-2.2499729 0 0)(0 0 -1.2750005e-14)))
(0.396 ((-2.2571157 0 0)(0 0 -1.3448868e-14)))
(0.397 ((-2.2642586 0 0)(0 0 -1.3761796e-14)))
(0.398 ((-2.2714014 0 0)(0 0 -1.3439548e-14)))
(0.399 ((-2.2785443 0 0)(0 0 -1.2787285e-14)))
(0.4 ((-2.2856872 0 0)(0 0 -1.246193e-14)))
(0.401 ((-2.29283 0 0)(0 0 -1.2787285e-14)))
(0.402 ((-2.2999729 0 0)(0 0 -1.3439549e-14)))
(0.403 ((-2.3071157 0 0)(0 0 -1.3761792e-14)))
(0.404 ((-2.3142586 0 0)(0 0 -1.3448882e-14)))
(0.405 ((-2.3214014 0 0)(0 0 -1.2749953e-14)))
(0.406 ((-2.3285443 0 0)(0 0 -1.2749953e-14)))
(0.407 ((-2.3356872 0 0)(0 0 -1.3448881e-14)))
(0.408 ((-2.34283 0 0)(0 0 -1.3761793e-14)))
(0.409 ((-2.3499729 0 0)(0 0 -1.3439546e-14)))
(0.41 ((-2.3571157 0 0)(0 0 -1.2787296e-14)))
(0.411 ((-2.3642586 0 0)(0 0 -1.2461888e-14)))
(0.412 ((-2.3714014 0 0)(0 0 -1.2787442e-14)))
(0.413 ((-2.3785443 0 0)(0 0 -1.3438962e-14)))
(0.414 ((-2.3856872 0 0)(0 0 -1.3763982e-14)))
(0.415 ((-2.39283 0 0)(0 0 -1.3440707e-14)))
(0.416 ((-2.3999729 0 0)(0 0 -1.2780461e-14)))
(0.417 ((-2.4071157 0 0)(0 0 -1.2488067e-14)))
(0.418 ((-2.4142586 0 0)(0 0 -1.2541531e-14)))
(0.419 ((-2.4214014 0 0)(0 0 -1.2472041e-14)))
(0.42 ((-2.4285443 0 0)(0 0 -1.2844565e-14)))
(0.421 ((-2.4356872 0 0)(0 0 -1.2904258e-14)))
(0.422 ((-2.44283 0 0)(0 0 -1.2144932e-14)))
(0.423 ((-2.4499729 0 0)(0 0 -1.2161949e-14)))
(0.424 ((-2.4571157 0 0)(0 0 -1.2853205e-14)))
(0.425 ((-2.4642586 0 0)(0 0 -1.3179787e-14)))
(0.426 ((-2.4714014 0 0)(0 0 -1.281053e-14)))
(0.427 ((-2.4785443 0 0)(0 0 -1.2480679e-14)))
(0.428 ((-2.4856872 0 0)(0 0 -1.2541014e-14)))
(0.429 ((-2.49283 0 0)(0 0 -1.2481497e-14)))
(0.43 ((-2.4999729 0 0)(0 0 -1.280726e-14)))
(0.431 ((-2.5071157 0 0)(0 0 -1.3192051e-14)))
(0.432 ((-2.5142586 0 0)(0 0 -1.280742e-14)))
(0.433 ((-2.5214014 0 0)(0 0 -1.2480856e-14)))
(0.434 ((-2.5285443 0 0)(0 0 -1.2543417e-14)))
(0.435 ((-2.5356872 0 0)(0 0 -1.2471709e-14)))
(0.436 ((-2.54283 0 0)(0 0 -1.2844009e-14)))
(0.437 ((-2.5499729 0 0)(0 0 -1.2906813e-14)))
(0.438 ((-2.5571157 0 0)(0 0 -1.2135266e-14)))
(0.439 ((-2.5642586 0 0)(0 0 -1.2198055e-14)))
(0.44 ((-2.5714014 0 0)(0 0 -1.2570418e-14)))
(0.441 ((-2.5785443 0 0)(0 0 -1.2498473e-14)))
(0.442 ((-2.5856872 0 0)(0 0 -1.256192e-14)))
(0.443 ((-2.59283 0 0)(0 0 -1.2232049e-14)))
(0.444 ((-2.5999729 0 0)(0 0 -1.1859757e-14)))
(0.445 ((-2.6071157 0 0)(0 0 -1.2198499e-14)))
(0.446 ((-2.6142586 0 0)(0 0 -1.2844152e-14)))
(0.447 ((-2.6214014 0 0)(0 0 -1.3179452e-14)))
(0.448 ((-2.6285443 0 0)(0 0 -1.2820924e-14)))
(0.449 ((-2.6356872 0 0)(0 0 -1.2439441e-14)))
(0.45 ((-2.64283 0 0)(0 0 -1.2843602e-14)))
(0.451 ((-2.6499729 0 0)(0 0 -1.3088738e-14)))
(0.452 ((-2.6571157 0 0)(0 0 -1.3480389e-14)))
(0.453 ((-2.6642586 0 0)(0 0 -1.3148946e-14)))
(0.454 ((-2.6714014 0 0)(0 0 -1.2454742e-14)))
(0.455 ((-2.6785443 0 0)(0 0 -1.2454375e-14)))
(0.456 ((-2.6856872 0 0)(0 0 -1.3150049e-14)))
(0.457 ((-2.69283 0 0)(0 0 -1.3476345e-14)))
(0.458 ((-2.6999729 0 0)(0 0 -1.3103812e-14)))
(0.459 ((-2.7071157 0 0)(0 0 -1.2787353e-14)))
(0.46 ((-2.7142586 0 0)(0 0 -1.2797395e-14)))
(0.461 ((-2.7214014 0 0)(0 0 -1.3073684e-14)))
(0.462 ((-2.7285443 0 0)(0 0 -1.3734844e-14)))
(0.463 ((-2.7356872 0 0)(0 0 -1.4070569e-14)))
(0.464 ((-2.74283 0 0)(0 0 -1.3694835e-14)))
(0.465 ((-2.7499729 0 0)(0 0 -1.3381748e-14)))
(0.466 ((-2.7571157 0 0)(0 0 -1.3381503e-14)))
(0.467 ((-2.7642586 0 0)(0 0 -1.3695571e-14)))
(0.468 ((-2.7714014 0 0)(0 0 -1.4067871e-14)))
(0.469 ((-2.7785443 0 0)(0 0 -1.37449e-14)))
(0.47 ((-2.7856872 0 0)(0 0 -1.3036159e-14)))
(0.471 ((-2.79283 0 0)(0 0 -1.308547e-14)))
(0.472 ((-2.7999729 0 0)(0 0 -1.3448935e-14)))
(0.473 ((-2.8071157 0 0)(0 0 -1.3426061e-14)))
(0.474 ((-2.8142586 0 0)(0 0 -1.3154094e-14)))
(0.475 ((-2.8214014 0 0)(0 0 -1.248848e-14)))
(0.476 ((-2.8285443 0 0)(0 0 -1.2166248e-14)))
(0.477 ((-2.8356872 0 0)(0 0 -1.2492461e-14)))
(0.478 ((-2.84283 0 0)(0 0 -1.3138169e-14)))
(0.479 ((-2.8499729 0 0)(0 0 -1.3485778e-14)))
(0.48 ((-2.8571157 0 0)(0 0 -1.3077961e-14)))
(0.481 ((-2.8642586 0 0)(0 0 -1.2881324e-14)))
(0.482 ((-2.8714014 0 0)(0 0 -1.2151301e-14)))
(0.483 ((-2.8785443 0 0)(0 0 -1.2159405e-14)))
(0.484 ((-2.8856872 0 0)(0 0 -1.2857012e-14)))
(0.485 ((-2.89283 0 0)(0 0 -1.3167106e-14)))
(0.486 ((-2.8999729 0 0)(0 0 -1.2857451e-14)))
(0.487 ((-2.9071157 0 0)(0 0 -1.215765e-14)))
(0.488 ((-2.9142586 0 0)(0 0 -1.2157884e-14)))
(0.489 ((-2.9214014 0 0)(0 0 -1.2856749e-14)))
(0.49 ((-2.9285443 0 0)(0 0 -1.3169677e-14)))
(0.491 ((-2.9356872 0 0)(0 0 -1.2847429e-14)))
(0.492 ((-2.94283 0 0)(0 0 -1.2195166e-14)))
(0.493 ((-2.9499729 0 0)(0 0 -1.1869811e-14)))
(0.494 ((-2.9571157 0 0)(0 0 -1.2195166e-14)))
(0.495 ((-2.9642586 0 0)(0 0 -1.284743e-14)))
(0.496 ((-2.9714014 0 0)(0 0 -1.3169673e-14)))
(0.497 ((-2.9785443 0 0)(0 0 -1.2856763e-14)))
(0.498 ((-2.9856872 0 0)(0 0 -1.2157834e-14)))
(0.499 ((-2.99283 0 0)(0 0 -1.2157834e-14)))
(0.5 ((-2.9999729 0 0)(0 0 -1.2856763e-14)))
(0.501 ((-3.0071157 0 0)(0 0 -1.3169673e-14)))
(0.502 ((-3.0142586 0 0)(0 0 -1.284743e-14)))
(0.503 ((-3.0214014 0 0)(0 0 -1.2195166e-14)))
(0.504 ((-3.0285443 0 0)(0 0 -1.1869811e-14)))
(0.505 ((-3.0356872 0 0)(0 0 -1.2195166e-14)))
(0.506 ((-3.04283 0 0)(0 0 -1.2847429e-14)))
(0.507 ((-3.0499729 0 0)(0 0 -1.3169677e-14)))
(0.508 ((-3.0571157 0 0)(0 0 -1.2856749e-14)))
(0.509 ((-3.0642586 0 0)(0 0 -1.2157886e-14)))
(0.51 ((-3.0714014 0 0)(0 0 -1.2157641e-14)))
(0.511 ((-3.0785443 0 0)(0 0 -1.2857484e-14)))
(0.512 ((-3.0856872 0 0)(0 0 -1.3166983e-14)))
(0.513 ((-3.09283 0 0)(0 0 -1.2857471e-14)))
(0.514 ((-3.0999729 0 0)(0 0 -1.2157693e-14)))
(0.515 ((-3.1071157 0 0)(0 0 -1.2157693e-14)))
(0.516 ((-3.1142586 0 0)(0 0 -1.2857471e-14)))
(0.517 ((-3.1214014 0 0)(0 0 -1.3166983e-14)))
(0.518 ((-3.1285443 0 0)(0 0 -1.2857484e-14)))
(0.519 ((-3.1356872 0 0)(0 0 -1.2157641e-14)))
(0.52 ((-3.14283 0 0)(0 0 -1.2157886e-14)))
(0.521 ((-3.1499729 0 0)(0 0 -1.2856749e-14)))
(0.522 ((-3.1571157 0 0)(0 0 -1.3169677e-14)))
(0.523 ((-3.1642586 0 0)(0 0 -1.2847429e-14)))
(0.524 ((-3.1714014 0 0)(0 0 -1.2195166e-14)))
(0.525 ((-3.1785443 0 0)(0 0 -1.186981e-14)))
(0.526 ((-3.1856872 0 0)(0 0 -1.219517e-14)))
(0.527 ((-3.19283 0 0)(0 0 -1.2847415e-14)))
(0.528 ((-3.1999729 0 0)(0 0 -1.3169728e-14)))
(0.529 ((-3.2071157 0 0)(0 0 -1.2856557e-14)))
(0.53 ((-3.2142586 0 0)(0 0 -1.2158601e-14)))
(0.531 ((-3.2214014 0 0)(0 0 -1.2154971e-14)))
(0.532 ((-3.2285443 0 0)(0 0 -1.2867448e-14)))
(0.533 ((-3.2356872 0 0)(0 0 -1.3129794e-14)))
(0.534 ((-3.24283 0 0)(0 0 -1.3144291e-14)))
(0.535 ((-3.2499729 0 0)(0 0 -1.2823955e-14)))
(0.536 ((-3.2571157 0 0)(0 0 -1.2462474e-14)))
(0.537 ((-3.2642586 0 0)(0 0 -1.2748437e-14)))
(0.538 ((-3.2714014 0 0)(0 0 -1.3742424e-14)))
(0.539 ((-3.2785443 0 0)(0 0 -1.4365495e-14)))
(0.54 ((-3.2856872 0 0)(0 0 -1.428391e-14)))
(0.541 ((-3.29283 0 0)(0 0 -1.4283238e-14)))
(0.542 ((-3.2999729 0 0)(0 0 -1.4515538e-14)))
(0.543 ((-3.3071157 0 0)(0 0 -1.5511396e-14)))
(0.544 ((-3.3142586 0 0)(0 0 -1.6180647e-14)))
(0.545 ((-3.3214014 0 0)(0 0 -1.576444e-14)))
(0.546 ((-3.3285443 0 0)(0 0 -1.5427749e-14)))
(0.547 ((-3.3356872 0 0)(0 0 -1.5710421e-14)))
(0.548 ((-3.34283 0 0)(0 0 -1.6692782e-14)))
(0.549 ((-3.3499729 0 0)(0 0 -1.7365646e-14)))
(0.55 ((-3.3571157 0 0)(0 0 -1.6948483e-14)))
(0.551 ((-3.3642586 0 0)(0 0 -1.6612004e-14)))
(0.552 ((-3.3714014 0 0)(0 0 -1.6894787e-14)))
(0.553 ((-3.3785443 0 0)(0 0 -1.7876491e-14)))
(0.554 ((-3.3856872 0 0)(0 0 -1.8551873e-14)))
(0.555 ((-3.39283 0 0)(0 0 -1.8125295e-14)))
(0.556 ((-3.3999729 0 0)(0 0 -1.7823957e-14)))
(0.557 ((-3.4071157 0 0)(0 0 -1.7827559e-14)))
(0.558 ((-3.4142586 0 0)(0 0 -1.8114489e-14)))
(0.559 ((-3.4214014 0 0)(0 0 -1.8739524e-14)))
(0.56 ((-3.4285443 0 0)(0 0 -1.9357138e-14)))
(0.561 ((-3.4356872 0 0)(0 0 -1.9666332e-14)))
(0.562 ((-3.44283 0 0)(0 0 -1.95883e-14)))
(0.563 ((-3.4499729 0 0)(0 0 -1.9887293e-14)))
(0.564 ((-3.4571157 0 0)(0 0 -2.054571e-14)))
(0.565 ((-3.4642586 0 0)(0 0 -2.0869703e-14)))
(0.566 ((-3.4714014 0 0)(0 0 -2.0543639e-14)))
(0.567 ((-3.4785443 0 0)(0 0 -1.9895575e-14)))
(0.568 ((-3.4856872 0 0)(0 0 -1.9557242e-14)))
(0.569 ((-3.49283 0 0)(0 0 -1.993031e-14)))
(0.57 ((-3.4999729 0 0)(0 0 -2.0256669e-14)))
(0.571 ((-3.5071157 0 0)(0 0 -2.0206492e-14)))
(0.572 ((-3.5142586 0 0)(0 0 -2.022887e-14)))
(0.573 ((-3.5214014 0 0)(0 0 -2.0189537e-14)))
(0.574 ((-3.5285443 0 0)(0 0 -2.0472519e-14)))
(0.575 ((-3.5356872 0 0)(0 0 -2.1156282e-14)))
(0.576 ((-3.54283 0 0)(0 0 -2.1394902e-14)))
(0.577 ((-3.5499729 0 0)(0 0 -2.1681044e-14)))
(0.578 ((-3.5571157 0 0)(0 0 -2.2074213e-14)))
(0.579 ((-3.5642586 0 0)(0 0 -2.1695693e-14)))
(0.58 ((-3.5714014 0 0)(0 0 -2.1336307e-14)))
(0.581 ((-3.5785443 0 0)(0 0 -2.1672076e-14)))
(0.582 ((-3.5856872 0 0)(0 0 -2.2316712e-14)))
(0.583 ((-3.59283 0 0)(0 0 -2.2659052e-14)))
(0.584 ((-3.5999729 0 0)(0 0 -2.2273385e-14)))
(0.585 ((-3.6071157 0 0)(0 0 -2.1993416e-14)))
(0.586 ((-3.6142586 0 0)(0 0 -2.1722599e-14)))
(0.587 ((-3.6214014 0 0)(0 0 -2.1309479e-14)))
(0.588 ((-3.6285443 0 0)(0 0 -2.1752482e-14)))
(0.589 ((-3.6356872 0 0)(0 0 -2.1725858e-14)))
(0.59 ((-3.64283 0 0)(0 0 -2.1389348e-14)))
(0.591 ((-3.6499729 0 0)(0 0 -2.1133686e-14)))
(0.592 ((-3.6571157 0 0)(0 0 -2.0716486e-14)))
(0.593 ((-3.6642586 0 0)(0 0 -2.1160651e-14)))
(0.594 ((-3.6714014 0 0)(0 0 -2.1133459e-14)))
(0.595 ((-3.6785443 0 0)(0 0 -2.0798062e-14)))
(0.596 ((-3.6856872 0 0)(0 0 -2.0538514e-14)))
(0.597 ((-3.69283 0 0)(0 0 -2.0135746e-14)))
(0.598 ((-3.6999729 0 0)(0 0 -2.052607e-14)))
(0.599 ((-3.7071157 0 0)(0 0 -2.0847838e-14)))
(0.6 ((-3.7142586 0 0)(0 0 -2.0798771e-14)))
(0.601 ((-3.7214014 0 0)(0 0 -2.0821302e-14)))
(0.602 ((-3.7285443 0 0)(0 0 -2.0780242e-14)))
(0.603 ((-3.7356872 0 0)(0 0 -2.1069982e-14)))
(0.604 ((-3.74283 0 0)(0 0 -2.1728441e-14)))
(0.605 ((-3.7499729 0 0)(0 0 -2.2061519e-14)))
(0.606 ((-3.7571157 0 0)(0 0 -2.1699072e-14)))
(0.607 ((-3.7642586 0 0)(0 0 -2.1335486e-14)))
(0.608 ((-3.7714014 0 0)(0 0 -2.1671981e-14)))
(0.609 ((-3.7785443 0 0)(0 0 -2.2317914e-14)))
(0.61 ((-3.7856872 0 0)(0 0 -2.2654341e-14)))
(0.611 ((-3.79283 0 0)(0 0 -2.2291025e-14)))
(0.612 ((-3.7999729 0 0)(0 0 -2.1927565e-14)))
(0.613 ((-3.8071157 0 0)(0 0 -2.2264426e-14)))
(0.614 ((-3.8142586 0 0)(0 0 -2.2908769e-14)))
(0.615 ((-3.8214014 0 0)(0 0 -2.3251187e-14)))
(0.616 ((-3.8285443 0 0)(0 0 -2.28655e-14)))
(0.617 ((-3.8356872 0 0)(0 0 -2.2585534e-14)))
(0.618 ((-3.84283 0 0)(0 0 -2.2314727e-14)))
(0.619 ((-3.8499729 0 0)(0 0 -2.1901566e-14)))
(0.62 ((-3.8571157 0 0)(0 0 -2.2344718e-14)))
(0.621 ((-3.8642586 0 0)(0 0 -2.2317538e-14)))
(0.622 ((-3.8714014 0 0)(0 0 -2.1983106e-14)))
(0.623 ((-3.8785443 0 0)(0 0 -2.1719687e-14)))
(0.624 ((-3.8856872 0 0)(0 0 -2.133144e-14)))
(0.625 ((-3.89283 0 0)(0 0 -2.1593532e-14)))
(0.626 ((-3.8999729 0 0)(0 0 -2.1451515e-14)))
(0.627 ((-3.9071157 0 0)(0 0 -2.0795301e-14)))
(0.628 ((-3.9142586 0 0)(0 0 -2.0231504e-14)))
(0.629 ((-3.9214014 0 0)(0 0 -1.9590191e-14)))
(0.63 ((-3.9285443 0 0)(0 0 -1.9314555e-14)))
(0.631 ((-3.9356872 0 0)(0 0 -1.9208042e-14)))
(0.632 ((-3.94283 0 0)(0 0 -1.8873523e-14)))
(0.633 ((-3.9499729 0 0)(0 0 -1.8615769e-14)))
(0.634 ((-3.9571157 0 0)(0 0 -1.8130931e-14)))
(0.635 ((-3.9642586 0 0)(0 0 -1.7811534e-14)))
(0.636 ((-3.9714014 0 0)(0 0 -1.7871616e-14)))
(0.637 ((-3.9785443 0 0)(0 0 -1.772864e-14)))
(0.638 ((-3.9856872 0 0)(0 0 -1.7278271e-14)))
(0.639 ((-3.99283 0 0)(0 0 -1.6632202e-14)))
(0.64 ((-3.9999729 0 0)(0 0 -1.6336176e-14)))
(0.641 ((-4.0071157 0 0)(0 0 -1.6389991e-14)))
(0.642 ((-4.0142586 0 0)(0 0 -1.6248713e-14)))
(0.643 ((-4.0214014 0 0)(0 0 -1.5797818e-14)))
(0.644 ((-4.0285443 0 0)(0 0 -1.5152157e-14)))
(0.645 ((-4.0356872 0 0)(0 0 -1.4855027e-14)))
(0.646 ((-4.04283 0 0)(0 0 -1.491285e-14)))
(0.647 ((-4.0499729 0 0)(0 0 -1.4756644e-14)))
(0.648 ((-4.0571157 0 0)(0 0 -1.4435466e-14)))
(0.649 ((-4.0642586 0 0)(0 0 -1.4174043e-14)))
(0.65 ((-4.0714014 0 0)(0 0 -1.3690541e-14)))
(0.651 ((-4.0785443 0 0)(0 0 -1.3369464e-14)))
(0.652 ((-4.0856872 0 0)(0 0 -1.3434932e-14)))
(0.653 ((-4.09283 0 0)(0 0 -1.3272094e-14)))
(0.654 ((-4.0999729 0 0)(0 0 -1.2969801e-14)))
(0.655 ((-4.1071157 0 0)(0 0 -1.2639468e-14)))
(0.656 ((-4.1142586 0 0)(0 0 -1.2634767e-14)))
(0.657 ((-4.1214014 0 0)(0 0 -1.2983904e-14)))
(0.658 ((-4.1285443 0 0)(0 0 -1.3146367e-14)))
(0.659 ((-4.1356872 0 0)(0 0 -1.2961543e-14)))
(0.66 ((-4.14283 0 0)(0 0 -1.2798228e-14)))
(0.661 ((-4.1499729 0 0)(0 0 -1.2822148e-14)))
(0.662 ((-4.1571157 0 0)(0 0 -1.2815768e-14)))
(0.663 ((-4.1642586 0 0)(0 0 -1.2817366e-14)))
(0.664 ((-4.1714014 0 0)(0 0 -1.2817354e-14)))
(0.665 ((-4.1785443 0 0)(0 0 -1.2815804e-14)))
(0.666 ((-4.1856872 0 0)(0 0 -1.2822017e-14)))
(0.667 ((-4.19283 0 0)(0 0 -1.2798717e-14)))
(0.668 ((-4.1999729 0 0)(0 0 -1.2959718e-14)))
(0.669 ((-4.2071157 0 0)(0 0 -1.3153176e-14)))
(0.67 ((-4.2142586 0 0)(0 0 -1.2958492e-14)))
(0.671 ((-4.2214014 0 0)(0 0 -1.2803622e-14)))
(0.672 ((-4.2285443 0 0)(0 0 -1.2803622e-14)))
(0.673 ((-4.2356872 0 0)(0 0 -1.2958492e-14)))
(0.674 ((-4.24283 0 0)(0 0 -1.3153176e-14)))
(0.675 ((-4.2499729 0 0)(0 0 -1.2959718e-14)))
(0.676 ((-4.2571157 0 0)(0 0 -1.2798717e-14)))
(0.677 ((-4.2642586 0 0)(0 0 -1.2822017e-14)))
(0.678 ((-4.2714014 0 0)(0 0 -1.2815804e-14)))
(0.679 ((-4.2785443 0 0)(0 0 -1.2817357e-14)))
(0.68 ((-4.2856872 0 0)(0 0 -1.2817357e-14)))
(0.681 ((-4.29283 0 0)(0 0 -1.2815804e-14)))
(0.682 ((-4.2999729 0 0)(0 0 -1.2822016e-14)))
(0.683 ((-4.3071157 0 0)(0 0 -1.2798718e-14)))
(0.684 ((-4.3142586 0 0)(0 0 -1.2959712e-14)))
(0.685 ((-4.3214014 0 0)(0 0 -1.3153198e-14)))
(0.686 ((-4.3285443 0 0)(0 0 -1.295841e-14)))
(0.687 ((-4.3356872 0 0)(0 0 -1.2803928e-14)))
(0.688 ((-4.34283 0 0)(0 0 -1.2802481e-14)))
(0.689 ((-4.3499729 0 0)(0 0 -1.2962751e-14)))
(0.69 ((-4.3571157 0 0)(0 0 -1.3137282e-14)))
(0.691 ((-4.3642586 0 0)(0 0 -1.309305e-14)))
(0.692 ((-4.3714014 0 0)(0 0 -1.3243477e-14)))
(0.693 ((-4.3785443 0 0)(0 0 -1.3574181e-14)))
(0.694 ((-4.3856872 0 0)(0 0 -1.3729265e-14)))
(0.695 ((-4.39283 0 0)(0 0 -1.3666402e-14)))
(0.696 ((-4.3999729 0 0)(0 0 -1.3984816e-14)))
(0.697 ((-4.4071157 0 0)(0 0 -1.4476364e-14)))
(0.698 ((-4.4142586 0 0)(0 0 -1.4708264e-14)))
(0.699 ((-4.4214014 0 0)(0 0 -1.5287517e-14)))
(0.7 ((-4.4285443 0 0)(0 0 -1.6365333e-14)))
(0.701 ((-4.4356872 0 0)(0 0 -1.7544037e-14)))
(0.702 ((-4.44283 0 0)(0 0 -1.8856832e-14)))
(0.703 ((-4.4499729 0 0)(0 0 -2.0494568e-14)))
(0.704 ((-4.4571157 0 0)(0 0 -2.240079e-14)))
(0.705 ((-4.4642586 0 0)(0 0 -2.4758501e-14)))
(0.706 ((-4.4714014 0 0)(0 0 -2.7706305e-14)))
(0.707 ((-4.4785443 0 0)(0 0 -3.1394961e-14)))
(0.708 ((-4.4856872 0 0)(0 0 -3.5971009e-14)))
(0.709 ((-4.49283 0 0)(0 0 -4.1585706e-14)))
(0.71 ((-4.4999729 0 0)(0 0 -4.8375667e-14)))
(0.711 ((-4.5071157 0 0)(0 0 -5.6605364e-14)))
(0.712 ((-4.5142586 0 0)(0 0 -6.6930665e-14)))
(0.713 ((-4.5214014 0 0)(0 0 -7.9794296e-14)))
(0.714 ((-4.5285443 0 0)(0 0 -9.5434023e-14)))
(0.715 ((-4.5356872 0 0)(0 0 -1.1445446e-13)))
(0.716 ((-4.54283 0 0)(0 0 -1.377521e-13)))
(0.717 ((-4.5499729 0 0)(0 0 -1.663914e-13)))
(0.718 ((-4.5571157 0 0)(0 0 -2.0136126e-13)))
(0.719 ((-4.5642586 0 0)(0 0 -2.4400696e-13)))
(0.72 ((-4.5714014 0 0)(0 0 -2.9595203e-13)))
(0.721 ((-4.5785443 0 0)(0 0 -3.5920104e-13)))
(0.722 ((-4.5856872 0 0)(0 0 -4.3669476e-13)))
(0.723 ((-4.59283 0 0)(0 0 -5.3124485e-13)))
(0.724 ((-4.5999729 0 0)(0 0 -6.4687153e-13)))
(0.725 ((-4.6071157 0 0)(0 0 -7.8858907e-13)))
(0.726 ((-4.6142586 0 0)(0 0 -9.6133403e-13)))
(0.727 ((-4.6214014 0 0)(0 0 -1.1722463e-12)))
(0.728 ((-4.6285443 0 0)(0 0 -1.4304622e-12)))
(0.729 ((-4.6356872 0 0)(0 0 -1.7461055e-12)))
(0.73 ((-4.64283 0 0)(0 0 -2.1311994e-12)))
(0.731 ((-4.6499729 0 0)(0 0 -2.6010239e-12)))
(0.732 ((-4.6571157 0 0)(0 0 -3.1752501e-12)))
(0.733 ((-4.6642586 0 0)(0 0 -3.8768576e-12)))
(0.734 ((-4.6714014 0 0)(0 0 -4.7334047e-12)))
(0.735 ((-4.6785443 0 0)(0 0 -5.7797661e-12)))
(0.736 ((-4.6856872 0 0)(0 0 -7.057755e-12)))
(0.737 ((-4.69283 0 0)(0 0 -8.6185227e-12)))
(0.738 ((-4.6999729 0 0)(0 0 -1.0525033e-11)))
(0.739 ((-4.7071157 0 0)(0 0 -1.2853606e-11)))
(0.74 ((-4.7142586 0 0)(0 0 -1.5697848e-11)))
(0.741 ((-4.7214014 0 0)(0 0 -1.9171825e-11)))
(0.742 ((-4.7285443 0 0)(0 0 -2.3414518e-11)))
(0.743 ((-4.7356872 0 0)(0 0 -2.8596751e-11)))
(0.744 ((-4.74283 0 0)(0 0 -3.4926905e-11)))
(0.745 ((-4.7499729 0 0)(0 0 -4.2658657e-11)))
(0.746 ((-4.7571157 0 0)(0 0 -5.2101991e-11)))
(0.747 ((-4.7642586 0 0)(0 0 -6.3635721e-11)))
(0.748 ((-4.7714014 0 0)(0 0 -7.7723221e-11)))
(0.749 ((-4.7785443 0 0)(0 0 -9.4930018e-11)))
(0.75 ((-4.7856872 0 0)(0 0 -1.1594634e-10)))
(0.751 ((-4.79283 0 0)(0 0 -1.4161575e-10)))
(0.752 ((-4.7999729 0 0)(0 0 -1.7296827e-10)))
(0.753 ((-4.8071157 0 0)(0 0 -2.1126247e-10)))
(0.754 ((-4.8142586 0 0)(0 0 -2.5803532e-10)))
(0.755 ((-4.8214014 0 0)(0 0 -3.151633e-10)))
(0.756 ((-4.8285443 0 0)(0 0 -3.8493955e-10)))
(0.757 ((-4.8356872 0 0)(0 0 -4.7016492e-10)))
(0.758 ((-4.84283 0 0)(0 0 -5.7425913e-10)))
(0.759 ((-4.8499729 0 0)(0 0 -7.0139991e-10)))
(0.76 ((-4.8571157 0 0)(0 0 -8.5669026e-10)))
(0.761 ((-4.8642586 0 0)(0 0 -1.0463624e-09)))
(0.762 ((-4.8714014 0 0)(0 0 -1.2780284e-09)))
(0.763 ((-4.8785443 0 0)(0 0 -1.5609856e-09)))
(0.764 ((-4.8856872 0 0)(0 0 -1.9065906e-09)))
(0.765 ((-4.89283 0 0)(0 0 -2.3287137e-09)))
(0.766 ((-4.8999729 0 0)(0 0 -2.8442958e-09)))
(0.767 ((-4.9071157 0 0)(0 0 -3.4740292e-09)))
(0.768 ((-4.9142586 0 0)(0 0 -4.2431872e-09)))
(0.769 ((-4.9214014 0 0)(0 0 -5.1826389e-09)))
(0.77 ((-4.9285443 0 0)(0 0 -6.330088e-09)))
(0.771 ((-4.9356872 0 0)(0 0 -7.7315854e-09)))
(0.772 ((-4.94283 0 0)(0 0 -9.4433786e-09)))
(0.773 ((-4.9499729 0 0)(0 0 -1.1534167e-08)))
(0.774 ((-4.9571157 0 0)(0 0 -1.4087862e-08)))
(0.775 ((-4.9642586 0 0)(0 0 -1.7206952e-08)))
(0.776 ((-4.9714014 0 0)(0 0 -2.1016617e-08)))
(0.777 ((-4.9785443 0 0)(0 0 -2.5669752e-08)))
(0.778 ((-4.9856872 0 0)(0 0 -3.1353105e-08)))
(0.779 ((-4.99283 0 0)(0 0 -3.8294767e-08)))
(0.78 ((-4.9999729 0 0)(0 0 -4.6773332e-08)))
(0.781 ((-5.0071157 0 0)(0 0 -5.7129075e-08)))
(0.782 ((-5.0142586 0 0)(0 0 -6.9777607e-08)))
(0.783 ((-5.0214014 0 0)(0 0 -8.5226559e-08)))
(0.784 ((-5.0285443 0 0)(0 0 -1.0409595e-07)))
(0.785 ((-5.0356872 0 0)(0 0 -1.2714308e-07)))
(0.786 ((-5.04283 0 0)(0 0 -1.552929e-07)))
(0.787 ((-5.0499729 0 0)(0 0 -1.8967517e-07)))
(0.788 ((-5.0571157 0 0)(0 0 -2.3166977e-07)))
(0.789 ((-5.0642586 0 0)(0 0 -2.8296209e-07)))
(0.79 ((-5.0714014 0 0)(0 0 -3.4561066e-07)))
(0.791 ((-5.0785443 0 0)(0 0 -4.2212979e-07)))
(0.792 ((-5.0856872 0 0)(0 0 -5.1559046e-07)))
(0.793 ((-5.09283 0 0)(0 0 -6.2974357e-07)))
(0.794 ((-5.0999729 0 0)(0 0 -7.6917046e-07)))
(0.795 ((-5.1071157 0 0)(0 0 -9.3946683e-07)))
(0.796 ((-5.1142586 0 0)(0 0 -1.1474672e-06)))
(0.797 ((-5.1214014 0 0)(0 0 -1.4015194e-06)))
(0.798 ((-5.1285443 0 0)(0 0 -1.7118194e-06)))
(0.799 ((-5.1356871 0 0)(0 0 -2.0908204e-06)))
(0.8 ((-5.14283 0 0)(0 0 -2.5537331e-06)))
(0.801 ((-5.1499729 0 0)(0 0 -3.1191356e-06)))
(0.802 ((-5.1571157 0 0)(0 0 -3.8097192e-06)))
(0.803 ((-5.1642586 0 0)(0 0 -4.6531992e-06)))
(0.804 ((-5.1714014 0 0)(0 0 -5.6834268e-06)))
(0.805 ((-5.1785443 0 0)(0 0 -6.9417479e-06)))
(0.806 ((-5.1856871 0 0)(0 0 -8.4786622e-06)))
(0.807 ((-5.19283 0 0)(0 0 -1.035585e-05)))
(0.808 ((-5.1999728 0 0)(0 0 -1.2648646e-05)))
(0.809 ((-5.2071157 0 0)(0 0 -1.5449065e-05)))
(0.81 ((-5.2142585 0 0)(0 0 -1.8869491e-05)))
(0.811 ((-5.2214014 0 0)(0 0 -2.3047191e-05)))
(0.812 ((-5.2285442 0 0)(0 0 -2.8149816e-05)))
(0.813 ((-5.235687 0 0)(0 0 -3.4382134e-05)))
(0.814 ((-5.2428299 0 0)(0 0 -4.199424e-05)))
(0.815 ((-5.2499727 0 0)(0 0 -5.1291593e-05)))
(0.816 ((-5.2571155 0 0)(0 0 -6.2647264e-05)))
(0.817 ((-5.2642583 0 0)(0 0 -7.6516901e-05)))
(0.818 ((-5.2714011 0 0)(0 0 -9.3457e-05)))
(0.819 ((-5.2785439 0 0)(0 0 -0.00011414721)))
(0.82 ((-5.2856867 0 0)(0 0 -0.0001394176)))
(0.821 ((-5.2928294 0 0)(0 0 -0.00017028187)))
(0.822 ((-5.2999721 0 0)(0 0 -0.00020797802)))
(0.823 ((-5.3071148 0 0)(0 0 -0.00025401787)))
(0.824 ((-5.3142575 0 0)(0 0 -0.00031024761)))
(0.825 ((-5.3214001 0 0)(0 0 -0.0003789216)))
(0.826 ((-5.3285426 0 0)(0 0 -0.00046279249)))
(0.827 ((-5.3356851 0 0)(0 0 -0.00056522112)))
(0.828 ((-5.3428275 0 0)(0 0 -0.00069031057)))
(0.829 ((-5.3499699 0 0)(0 0 -0.0008430696)))
(0.83 ((-5.357112 0 0)(0 0 -0.0010296118)))
(0.831 ((-5.3642541 0 0)(0 0 -0.001257398)))
(0.832 ((-5.3713959 0 0)(0 0 -0.001535532)))
(0.833 ((-5.3785376 0 0)(0 0 -0.0018751192)))
(0.834 ((-5.385679 0 0)(0 0 -0.0022897037)))
(0.835 ((-5.39282 0 0)(0 0 -0.0027957978)))
(0.836 ((-5.3999606 0 0)(0 0 -0.0034135248)))
(0.837 ((-5.4071008 0 0)(0 0 -0.0041673962)))
(0.838 ((-5.4142404 0 0)(0 0 -0.0050872512)))
(0.839 ((-5.4213792 0 0)(0 0 -0.0062093877)))
(0.84 ((-5.4285172 0 0)(0 0 -0.0075779217)))
(0.841 ((-5.435654 0 0)(0 0 -0.0092464131)))
(0.842 ((-5.4427896 0 0)(0 0 -0.011279803)))
(0.843 ((-5.4499236 0 0)(0 0 -0.013756706)))
(0.844 ((-5.4570557 0 0)(0 0 -0.016772108)))
(0.845 ((-5.4641854 0 0)(0 0 -0.02044051)))
(0.846 ((-5.4713123 0 0)(0 0 -0.024899552)))
(0.847 ((-5.4784358 0 0)(0 0 -0.030314136)))
(0.848 ((-5.4855551 0 0)(0 0 -0.03688103)))
(0.849 ((-5.4926695 0 0)(0 0 -0.044833908)))
(0.85 ((-5.4997779 0 0)(0 0 -0.054448696)))
(0.851 ((-5.5068792 0 0)(0 0 -0.066049033)))
(0.852 ((-5.5139721 0 0)(0 0 -0.080011548)))
(0.853 ((-5.5210549 0 0)(0 0 -0.096770546)))
(0.854 ((-5.528126 0 0)(0 0 -0.11682159)))
(0.855 ((-5.5351832 0 0)(0 0 -0.14072338)))
(0.856 ((-5.5422244 0 0)(0 0 -0.16909734)))
(0.857 ((-5.5492472 0 0)(0 0 -0.20262429)))
(0.858 ((-5.5562488 0 0)(0 0 -0.24203796)))
(0.859 ((-5.5632266 0 0)(0 0 -0.28811505)))
(0.86 ((-5.5701775 0 0)(0 0 -0.34166242)))
(0.861 ((-5.5770987 0 0)(0 0 -0.40350177)))
(0.862 ((-5.5839872 0 0)(0 0 -0.47445318)))
(0.863 ((-5.59084 0 0)(0 0 -0.55531848)))
(0.864 ((-5.5976544 0 0)(0 0 -0.64686583)))
(0.865 ((-5.6044278 0 0)(0 0 -0.74981651)))
(0.866 ((-5.6111577 0 0)(0 0 -0.86483454)))
(0.867 ((-5.6178418 0 0)(0 0 -0.99251953)))
(0.868 ((-5.6244782 0 0)(0 0 -1.1334025)))
(0.869 ((-5.6310651 0 0)(0 0 -1.2879445)))
(0.87 ((-5.637601 0 0)(0 0 -1.4565372)))
(0.871 ((-5.6440844 0 0)(0 0 -1.6395046)))
(0.872 ((-5.6505142 0 0)(0 0 -1.8371064)))
(0.873 ((-5.6568895 0 0)(0 0 -2.0495404)))
(0.874 ((-5.6632094 0 0)(0 0 -2.2769459)))
(0.875 ((-5.6694732 0 0)(0 0 -2.5194052)))
(0.876 ((-5.6756803 0 0)(0 0 -2.7769458)))
(0.877 ((-5.6818303 0 0)(0 0 -3.0495403)))
(0.878 ((-5.6879226 0 0)(0 0 -3.3371062)))
(0.879 ((-5.693957 0 0)(0 0 -3.6395044)))
(0.88 ((-5.6999331 0 0)(0 0 -3.9565369)))
(0.881 ((-5.7058509 0 0)(0 0 -4.2879442)))
(0.882 ((-5.7117099 0 0)(0 0 -4.633402)))
(0.883 ((-5.7175102 0 0)(0 0 -4.9925189)))
(0.884 ((-5.7232516 0 0)(0 0 -5.3648338)))
(0.885 ((-5.7289339 0 0)(0 0 -5.7498156)))
(0.886 ((-5.7345571 0 0)(0 0 -6.1468647)))
(0.887 ((-5.740121 0 0)(0 0 -6.5553171)))
(0.888 ((-5.7456258 0 0)(0 0 -6.9744515)))
(0.889 ((-5.7510712 0 0)(0 0 -7.4034997)))
(0.89 ((-5.7564573 0 0)(0 0 -7.8416599)))
(0.891 ((-5.761784 0 0)(0 0 -8.2881119)))
(0.892 ((-5.7670513 0 0)(0 0 -8.7420342)))
(0.893 ((-5.7722592 0 0)(0 0 -9.2026196)))
(0.894 ((-5.7774077 0 0)(0 0 -9.6690917)))
(0.895 ((-5.7824966 0 0)(0 0 -10.140716)))
(0.896 ((-5.7875262 0 0)(0 0 -10.616813)))
(0.897 ((-5.7924962 0 0)(0 0 -11.09676)))
(0.898 ((-5.7974067 0 0)(0 0 -11.579999)))
(0.899 ((-5.8022578 0 0)(0 0 -12.066034)))
(0.9 ((-5.8070494 0 0)(0 0 -12.55443)))
(0.901 ((-5.8117814 0 0)(0 0 -13.044811)))
(0.902 ((-5.816454 0 0)(0 0 -13.536853)))
(0.903 ((-5.821067 0 0)(0 0 -14.03028)))
(0.904 ((-5.8256205 0 0)(0 0 -14.524858)))
(0.905 ((-5.8301145 0 0)(0 0 -15.020389)))
(0.906 ((-5.834549 0 0)(0 0 -15.516709)))
(0.907 ((-5.838924 0 0)(0 0 -16.01368)))
(0.908 ((-5.8432394 0 0)(0 0 -16.511186)))
(0.909 ((-5.8474954 0 0)(0 0 -17.009132)))
(0.91 ((-5.8516918 0 0)(0 0 -17.507439)))
(0.911 ((-5.8558287 0 0)(0 0 -18.006039)))
(0.912 ((-5.859906 0 0)(0 0 -18.504879)))
(0.913 ((-5.8639239 0 0)(0 0 -19.003913)))
(0.914 ((-5.8678822 0 0)(0 0 -19.503103)))
(0.915 ((-5.871781 0 0)(0 0 -20.002417)))
(0.916 ((-5.8756203 0 0)(0 0 -20.501827)))
(0.917 ((-5.8794001 0 0)(0 0 -21.00131)))
(0.918 ((-5.8831203 0 0)(0 0 -21.500845)))
(0.919 ((-5.886781 0 0)(0 0 -22.000414)))
(0.92 ((-5.8903822 0 0)(0 0 -22.5)))
(0.921 ((-5.8939239 0 0)(0 0 -22.999586)))
(0.922 ((-5.897406 0 0)(0 0 -23.499155)))
(0.923 ((-5.9008286 0 0)(0 0 -23.99869)))
(0.924 ((-5.9041917 0 0)(0 0 -24.498173)))
(0.925 ((-5.9074953 0 0)(0 0 -24.997583)))
(0.926 ((-5.9107394 0 0)(0 0 -25.496897)))
(0.927 ((-5.9139239 0 0)(0 0 -25.996087)))
(0.928 ((-5.9170489 0 0)(0 0 -26.495121)))
(0.929 ((-5.9201144 0 0)(0 0 -26.993961)))
(0.93 ((-5.9231204 0 0)(0 0 -27.492561)))
(0.931 ((-5.9260668 0 0)(0 0 -27.990868)))
(0.932 ((-5.9289537 0 0)(0 0 -28.488814)))
(0.933 ((-5.9317811 0 0)(0 0 -28.98632)))
(0.934 ((-5.934549 0 0)(0 0 -29.483291)))
(0.935 ((-5.9372574 0 0)(0 0 -29.979611)))
(0.936 ((-5.9399062 0 0)(0 0 -30.475142)))
(0.937 ((-5.9424956 0 0)(0 0 -30.96972)))
(0.938 ((-5.9450254 0 0)(0 0 -31.463147)))
(0.939 ((-5.9474957 0 0)(0 0 -31.955189)))
(0.94 ((-5.9499065 0 0)(0 0 -32.44557)))
(0.941 ((-5.9522578 0 0)(0 0 -32.933966)))
(0.942 ((-5.9545496 0 0)(0 0 -33.420001)))
(0.943 ((-5.9567819 0 0)(0 0 -33.90324)))
(0.944 ((-5.9589547 0 0)(0 0 -34.383187)))
(0.945 ((-5.9610681 0 0)(0 0 -34.859284)))
(0.946 ((-5.9631219 0 0)(0 0 -35.330908)))
(0.947 ((-5.9651164 0 0)(0 0 -35.79738)))
(0.948 ((-5.9670513 0 0)(0 0 -36.257966)))
(0.949 ((-5.9689269 0 0)(0 0 -36.711888)))
(0.95 ((-5.970743 0 0)(0 0 -37.15834)))
(0.951 ((-5.9724998 0 0)(0 0 -37.5965)))
(0.952 ((-5.9741972 0 0)(0 0 -38.025549)))
(0.953 ((-5.9758353 0 0)(0 0 -38.444683)))
(0.954 ((-5.9774142 0 0)(0 0 -38.853135)))
(0.955 ((-5.9789339 0 0)(0 0 -39.250184)))
(0.956 ((-5.9803944 0 0)(0 0 -39.635166)))
(0.957 ((-5.9817959 0 0)(0 0 -40.007481)))
(0.958 ((-5.9831385 0 0)(0 0 -40.366598)))
(0.959 ((-5.9844223 0 0)(0 0 -40.712056)))
(0.96 ((-5.9856474 0 0)(0 0 -41.043463)))
(0.961 ((-5.9868141 0 0)(0 0 -41.360496)))
(0.962 ((-5.9879226 0 0)(0 0 -41.662894)))
(0.963 ((-5.9889731 0 0)(0 0 -41.95046)))
(0.964 ((-5.9899661 0 0)(0 0 -42.223054)))
(0.965 ((-5.9909018 0 0)(0 0 -42.480595)))
(0.966 ((-5.9917809 0 0)(0 0 -42.723054)))
(0.967 ((-5.9926038 0 0)(0 0 -42.95046)))
(0.968 ((-5.9933714 0 0)(0 0 -43.162894)))
(0.969 ((-5.9940844 0 0)(0 0 -43.360495)))
(0.97 ((-5.9947438 0 0)(0 0 -43.543463)))
(0.971 ((-5.9953508 0 0)(0 0 -43.712055)))
(0.972 ((-5.9959068 0 0)(0 0 -43.866597)))
(0.973 ((-5.9964132 0 0)(0 0 -44.00748)))
(0.974 ((-5.996872 0 0)(0 0 -44.135165)))
(0.975 ((-5.9972849 0 0)(0 0 -44.250183)))
(0.976 ((-5.9976544 0 0)(0 0 -44.353134)))
(0.977 ((-5.9979829 0 0)(0 0 -44.444682)))
(0.978 ((-5.9982729 0 0)(0 0 -44.525547)))
(0.979 ((-5.9985273 0 0)(0 0 -44.596498)))
(0.98 ((-5.998749 0 0)(0 0 -44.658338)))
(0.981 ((-5.9989409 0 0)(0 0 -44.711885)))
(0.982 ((-5.999106 0 0)(0 0 -44.757962)))
(0.983 ((-5.9992472 0 0)(0 0 -44.797376)))
(0.984 ((-5.9993673 0 0)(0 0 -44.830903)))
(0.985 ((-5.9994689 0 0)(0 0 -44.859277)))
(0.986 ((-5.9995545 0 0)(0 0 -44.883178)))
(0.987 ((-5.9996264 0 0)(0 0 -44.903229)))
(0.988 ((-5.9996864 0 0)(0 0 -44.919988)))
(0.989 ((-5.9997364 0 0)(0 0 -44.933951)))
(0.99 ((-5.9997779 0 0)(0 0 -44.945551)))
(0.991 ((-5.9998123 0 0)(0 0 -44.955166)))
(0.992 ((-5.9998408 0 0)(0 0 -44.963119)))
(0.993 ((-5.9998643 0 0)(0 0 -44.969686)))
(0.994 ((-5.9998837 0 0)(0 0 -44.9751)))
(0.995 ((-5.9998997 0 0)(0 0 -44.979559)))
(0.996 ((-5.9999128 0 0)(0 0 -44.983228)))
(0.997 ((-5.9999236 0 0)(0 0 -44.986243)))
(0.998 ((-5.9999325 0 0)(0 0 -44.98872)))
(0.999 ((-5.9999398 0 0)(0 0 -44.990754)))
(1 ((-5.9999457 0 0)(0 0 -44.992422)))
(1.001 ((-5.9999506 0 0)(0 0 -44.993791)))
(1.002 ((-5.9999547 0 0)(0 0 -44.994913)))
(1.003 ((-5.9999579 0 0)(0 0 -44.995833)))
(1.004 ((-5.9999606 0 0)(0 0 -44.996586)))
(1.005 ((-5.9999629 0 0)(0 0 -44.997204)))
(1.006 ((-5.9999647 0 0)(0 0 -44.99771)))
(1.007 ((-5.9999662 0 0)(0 0 -44.998125)))
(1.008 ((-5.9999674 0 0)(0 0 -44.998464)))
(1.009 ((-5.9999684 0 0)(0 0 -44.998743)))
(1.01 ((-5.9999692 0 0)(0 0 -44.99897)))
(1.011 ((-5.9999699 0 0)(0 0 -44.999157)))
(1.012 ((-5.9999704 0 0)(0 0 -44.99931)))
(1.013 ((-5.9999708 0 0)(0 0 -44.999435)))
(1.014 ((-5.9999712 0 0)(0 0 -44.999537)))
(1.015 ((-5.9999715 0 0)(0 0 -44.999621)))
(1.016 ((-5.9999718 0 0)(0 0 -44.99969)))
(1.017 ((-5.999972 0 0)(0 0 -44.999746)))
(1.018 ((-5.9999721 0 0)(0 0 -44.999792)))
(1.019 ((-5.9999723 0 0)(0 0 -44.99983)))
(1.02 ((-5.9999724 0 0)(0 0 -44.999861)))
(1.021 ((-5.9999725 0 0)(0 0 -44.999886)))
(1.022 ((-5.9999725 0 0)(0 0 -44.999907)))
(1.023 ((-5.9999726 0 0)(0 0 -44.999923)))
(1.024 ((-5.9999726 0 0)(0 0 -44.999937)))
(1.025 ((-5.9999727 0 0)(0 0 -44.999949)))
(1.026 ((-5.9999727 0 0)(0 0 -44.999958)))
(1.027 ((-5.9999727 0 0)(0 0 -44.999966)))
(1.028 ((-5.9999728 0 0)(0 0 -44.999972)))
(1.029 ((-5.9999728 0 0)(0 0 -44.999977)))
(1.03 ((-5.9999728 0 0)(0 0 -44.999981)))
(1.031 ((-5.9999728 0 0)(0 0 -44.999985)))
(1.032 ((-5.9999728 0 0)(0 0 -44.999987)))
(1.033 ((-5.9999728 0 0)(0 0 -44.99999)))
(1.034 ((-5.9999728 0 0)(0 0 -44.999992)))
(1.035 ((-5.9999728 0 0)(0 0 -44.999993)))
(1.036 ((-5.9999728 0 0)(0 0 -44.999994)))
(1.037 ((-5.9999729 0 0)(0 0 -44.999995)))
(1.038 ((-5.9999729 0 0)(0 0 -44.999996)))
(1.039 ((-5.9999729 0 0)(0 0 -44.999997)))
(1.04 ((-5.9999729 0 0)(0 0 -44.999997)))
(1.041 ((-5.9999729 0 0)(0 0 -44.999998)))
(1.042 ((-5.9999729 0 0)(0 0 -44.999998)))
(1.043 ((-5.9999729 0 0)(0 0 -44.999999)))
(1.044 ((-5.9999729 0 0)(0 0 -44.999999)))
(1.045 ((-5.9999729 0 0)(0 0 -44.999999)))
(1.046 ((-5.9999729 0 0)(0 0 -44.999999)))
(1.047 ((-5.9999729 0 0)(0 0 -44.999999)))
(1.048 ((-5.9999729 0 0)(0 0 -44.999999)))
(1.049 ((-5.9999729 0 0)(0 0 -45)))
(1.05 ((-5.9999729 0 0)(0 0 -45)))
(1.051 ((-5.9999729 0 0)(0 0 -45)))
(1.052 ((-5.9999729 0 0)(0 0 -45)))
(1.053 ((-5.9999729 0 0)(0 0 -45)))
(1.054 ((-5.9999729 0 0)(0 0 -45)))
(1.055 ((-5.9999729 0 0)(0 0 -45)))
(1.056 ((-5.9999729 0 0)(0 0 -45)))
(1.057 ((-5.9999729 0 0)(0 0 -45)))
(1.058 ((-5.9999729 0 0)(0 0 -45)))
(1.059 ((-5.9999729 0 0)(0 0 -45)))
(1.06 ((-5.9999729 0 0)(0 0 -45)))
(1.061 ((-5.9999729 0 0)(0 0 -45)))
(1.062 ((-5.9999729 0 0)(0 0 -45)))
(1.063 ((-5.9999729 0 0)(0 0 -45)))
(1.064 ((-5.9999729 0 0)(0 0 -45)))
(1.065 ((-5.9999729 0 0)(0 0 -45)))
(1.066 ((-5.9999729 0 0)(0 0 -45)))
(1.067 ((-5.9999729 0 0)(0 0 -45)))
(1.068 ((-5.9999729 0 0)(0 0 -45)))
(1.069 ((-5.9999729 0 0)(0 0 -45)))
(1.07 ((-5.9999729 0 0)(0 0 -45)))
(1.071 ((-5.9999729 0 0)(0 0 -45)))
(1.072 ((-5.9999729 0 0)(0 0 -45)))
(1.073 ((-5.9999729 0 0)(0 0 -45)))
(1.074 ((-5.9999729 0 0)(0 0 -45)))
(1.075 ((-5.9999729 0 0)(0 0 -45)))
(1.076 ((-5.9999729 0 0)(0 0 -45)))
(1.077 ((-5.9999729 0 0)(0 0 -45)))
(1.078 ((-5.9999729 0 0)(0 0 -45)))
(1.079 ((-5.9999729 0 0)(0 0 -45)))
(1.08 ((-5.9999729 0 0)(0 0 -45)))
(1.081 ((-5.9999729 0 0)(0 0 -45)))
(1.082 ((-5.9999729 0 0)(0 0 -45)))
(1.083 ((-5.9999729 0 0)(0 0 -45)))
(1.084 ((-5.9999729 0 0)(0 0 -45)))
(1.085 ((-5.9999729 0 0)(0 0 -45)))
(1.086 ((-5.9999729 0 0)(0 0 -45)))
(1.087 ((-5.9999729 0 0)(0 0 -45)))
(1.088 ((-5.9999729 0 0)(0 0 -45)))
(1.089 ((-5.9999729 0 0)(0 0 -45)))
(1.09 ((-5.9999729 0 0)(0 0 -45)))
(1.091 ((-5.9999729 0 0)(0 0 -45)))
(1.092 ((-5.9999729 0 0)(0 0 -45)))
(1.093 ((-5.9999729 0 0)(0 0 -45)))
(1.094 ((-5.9999729 0 0)(0 0 -45)))
(1.095 ((-5.9999729 0 0)(0 0 -45)))
(1.096 ((-5.9999729 0 0)(0 0 -45)))
(1.097 ((-5.9999729 0 0)(0 0 -45)))
(1.098 ((-5.9999729 0 0)(0 0 -45)))
(1.099 ((-5.9999729 0 0)(0 0 -45)))
(1.1 ((-5.9999729 0 0)(0 0 -45)))
(1.101 ((-5.9999729 0 0)(0 0 -45)))
(1.102 ((-5.9999729 0 0)(0 0 -45)))
(1.103 ((-5.9999729 0 0)(0 0 -45)))
(1.104 ((-5.9999729 0 0)(0 0 -45)))
(1.105 ((-5.9999729 0 0)(0 0 -45)))
(1.106 ((-5.9999729 0 0)(0 0 -45)))
(1.107 ((-5.9999729 0 0)(0 0 -45)))
(1.108 ((-5.9999729 0 0)(0 0 -45)))
(1.109 ((-5.9999729 0 0)(0 0 -45)))
(1.11 ((-5.9999729 0 0)(0 0 -45)))
(1.111 ((-5.9999729 0 0)(0 0 -45)))
(1.112 ((-5.9999729 0 0)(0 0 -45)))
(1.113 ((-5.9999729 0 0)(0 0 -45)))
(1.114 ((-5.9999729 0 0)(0 0 -45)))
(1.115 ((-5.9999729 0 0)(0 0 -45)))
(1.116 ((-5.9999729 0 0)(0 0 -45)))
(1.117 ((-5.9999729 0 0)(0 0 -45)))
(1.118 ((-5.9999729 0 0)(0 0 -45)))
(1.119 ((-5.9999729 0 0)(0 0 -45)))
(1.12 ((-5.9999729 0 0)(0 0 -45)))
(1.121 ((-5.9999729 0 0)(0 0 -45)))
(1.122 ((-5.9999729 0 0)(0 0 -45)))
(1.123 ((-5.9999729 0 0)(0 0 -45)))
(1.124 ((-5.9999729 0 0)(0 0 -45)))
(1.125 ((-5.9999729 0 0)(0 0 -45)))
(1.126 ((-5.9999729 0 0)(0 0 -45)))
(1.127 ((-5.9999729 0 0)(0 0 -45)))
(1.128 ((-5.9999729 0 0)(0 0 -45)))
(1.129 ((-5.9999729 0 0)(0 0 -45)))
(1.13 ((-5.9999729 0 0)(0 0 -45)))
(1.131 ((-5.9999729 0 0)(0 0 -45)))
(1.132 ((-5.9999729 0 0)(0 0 -45)))
(1.133 ((-5.9999729 0 0)(0 0 -45)))
(1.134 ((-5.9999729 0 0)(0 0 -45)))
(1.135 ((-5.9999729 0 0)(0 0 -45)))
(1.136 ((-5.9999729 0 0)(0 0 -45)))
(1.137 ((-5.9999729 0 0)(0 0 -45)))
(1.138 ((-5.9999729 0 0)(0 0 -45)))
(1.139 ((-5.9999729 0 0)(0 0 -45)))
(1.14 ((-5.9999729 0 0)(0 0 -45)))
(1.141 ((-5.9999729 0 0)(0 0 -45)))
(1.142 ((-5.9999729 0 0)(0 0 -45)))
(1.143 ((-5.9999729 0 0)(0 0 -45)))
(1.144 ((-5.9999729 0 0)(0 0 -45)))
(1.145 ((-5.9999729 0 0)(0 0 -45)))
(1.146 ((-5.9999729 0 0)(0 0 -45)))
(1.147 ((-5.9999729 0 0)(0 0 -45)))
(1.148 ((-5.9999729 0 0)(0 0 -45)))
(1.149 ((-5.9999729 0 0)(0 0 -45)))
(1.15 ((-5.9999729 0 0)(0 0 -45)))
(1.151 ((-5.9999729 0 0)(0 0 -45)))
(1.152 ((-5.9999729 0 0)(0 0 -45)))
(1.153 ((-5.9999729 0 0)(0 0 -45)))
(1.154 ((-5.9999729 0 0)(0 0 -45)))
(1.155 ((-5.9999729 0 0)(0 0 -45)))
(1.156 ((-5.9999729 0 0)(0 0 -45)))
(1.157 ((-5.9999729 0 0)(0 0 -45)))
(1.158 ((-5.9999729 0 0)(0 0 -45)))
(1.159 ((-5.9999729 0 0)(0 0 -45)))
(1.16 ((-5.9999729 0 0)(0 0 -45)))
(1.161 ((-5.9999729 0 0)(0 0 -45)))
(1.162 ((-5.9999729 0 0)(0 0 -45)))
(1.163 ((-5.9999729 0 0)(0 0 -45)))
(1.164 ((-5.9999729 0 0)(0 0 -45)))
(1.165 ((-5.9999729 0 0)(0 0 -45)))
(1.166 ((-5.9999729 0 0)(0 0 -45)))
(1.167 ((-5.9999729 0 0)(0 0 -45)))
(1.168 ((-5.9999729 0 0)(0 0 -45)))
(1.169 ((-5.9999729 0 0)(0 0 -45)))
(1.17 ((-5.9999729 0 0)(0 0 -45)))
(1.171 ((-5.9999729 0 0)(0 0 -45)))
(1.172 ((-5.9999729 0 0)(0 0 -45)))
(1.173 ((-5.9999729 0 0)(0 0 -45)))
(1.174 ((-5.9999729 0 0)(0 0 -45)))
(1.175 ((-5.9999729 0 0)(0 0 -45)))
(1.176 ((-5.9999729 0 0)(0 0 -45)))
(1.177 ((-5.9999729 0 0)(0 0 -45)))
(1.178 ((-5.9999729 0 0)(0 0 -45)))
(1.179 ((-5.9999729 0 0)(0 0 -45)))
(1.18 ((-5.9999729 0 0)(0 0 -45)))
(1.181 ((-5.9999729 0 0)(0 0 -45)))
(1.182 ((-5.9999729 0 0)(0 0 -45)))
(1.183 ((-5.9999729 0 0)(0 0 -45)))
(1.184 ((-5.9999729 0 0)(0 0 -45)))
(1.185 ((-5.9999729 0 0)(0 0 -45)))
(1.186 ((-5.9999729 0 0)(0 0 -45)))
(1.187 ((-5.9999729 0 0)(0 0 -45)))
(1.188 ((-5.9999729 0 0)(0 0 -45)))
(1.189 ((-5.9999729 0 0)(0 0 -45)))
(1.19 ((-5.9999729 0 0)(0 0 -45)))
(1.191 ((-5.9999729 0 0)(0 0 -45)))
(1.192 ((-5.9999729 0 0)(0 0 -45)))
(1.193 ((-5.9999729 0 0)(0 0 -45)))
(1.194 ((-5.9999729 0 0)(0 0 -45)))
(1.195 ((-5.9999729 0 0)(0 0 -45)))
(1.196 ((-5.9999729 0 0)(0 0 -45)))
(1.197 ((-5.9999729 0 0)(0 0 -45)))
(1.198 ((-5.9999729 0 0)(0 0 -45)))
(1.199 ((-5.9999729 0 0)(0 0 -45)))
(1.2 ((-5.9999729 0 0)(0 0 -45)))
(1.201 ((-5.9999729 0 0)(0 0 -45)))
(1.202 ((-5.9999729 0 0)(0 0 -45)))
(1.203 ((-5.9999729 0 0)(0 0 -45)))
(1.204 ((-5.9999729 0 0)(0 0 -45)))
(1.205 ((-5.9999729 0 0)(0 0 -45)))
(1.206 ((-5.9999729 0 0)(0 0 -45)))
(1.207 ((-5.9999729 0 0)(0 0 -45)))
(1.208 ((-5.9999729 0 0)(0 0 -45)))
(1.209 ((-5.9999729 0 0)(0 0 -45)))
(1.21 ((-5.9999729 0 0)(0 0 -45)))
(1.211 ((-5.9999729 0 0)(0 0 -45)))
(1.212 ((-5.9999729 0 0)(0 0 -45)))
(1.213 ((-5.9999729 0 0)(0 0 -45)))
(1.214 ((-5.9999729 0 0)(0 0 -45)))
(1.215 ((-5.9999729 0 0)(0 0 -45)))
(1.216 ((-5.9999729 0 0)(0 0 -45)))
(1.217 ((-5.9999729 0 0)(0 0 -45)))
(1.218 ((-5.9999729 0 0)(0 0 -45)))
(1.219 ((-5.9999729 0 0)(0 0 -45)))
(1.22 ((-5.9999729 0 0)(0 0 -45)))
(1.221 ((-5.9999729 0 0)(0 0 -45)))
(1.222 ((-5.9999729 0 0)(0 0 -45)))
(1.223 ((-5.9999729 0 0)(0 0 -45)))
(1.224 ((-5.9999729 0 0)(0 0 -45)))
(1.225 ((-5.9999729 0 0)(0 0 -45)))
(1.226 ((-5.9999729 0 0)(0 0 -45)))
(1.227 ((-5.9999729 0 0)(0 0 -45)))
(1.228 ((-5.9999729 0 0)(0 0 -45)))
(1.229 ((-5.9999729 0 0)(0 0 -45)))
(1.23 ((-5.9999729 0 0)(0 0 -45)))
(1.231 ((-5.9999729 0 0)(0 0 -45)))
(1.232 ((-5.9999729 0 0)(0 0 -45)))
(1.233 ((-5.9999729 0 0)(0 0 -45)))
(1.234 ((-5.9999729 0 0)(0 0 -45)))
(1.235 ((-5.9999729 0 0)(0 0 -45)))
(1.236 ((-5.9999729 0 0)(0 0 -45)))
(1.237 ((-5.9999729 0 0)(0 0 -45)))
(1.238 ((-5.9999729 0 0)(0 0 -45)))
(1.239 ((-5.9999729 0 0)(0 0 -45)))
(1.24 ((-5.9999729 0 0)(0 0 -45)))
(1.241 ((-5.9999729 0 0)(0 0 -45)))
(1.242 ((-5.9999729 0 0)(0 0 -45)))
(1.243 ((-5.9999729 0 0)(0 0 -45)))
(1.244 ((-5.9999729 0 0)(0 0 -45)))
(1.245 ((-5.9999729 0 0)(0 0 -45)))
(1.246 ((-5.9999729 0 0)(0 0 -45)))
(1.247 ((-5.9999729 0 0)(0 0 -45)))
(1.248 ((-5.9999729 0 0)(0 0 -45)))
(1.249 ((-5.9999729 0 0)(0 0 -45)))
(1.25 ((-5.9999729 0 0)(0 0 -45)))
(1.251 ((-5.9999729 0 0)(0 0 -45)))
(1.252 ((-5.9999729 0 0)(0 0 -45)))
(1.253 ((-5.9999729 0 0)(0 0 -45)))
(1.254 ((-5.9999729 0 0)(0 0 -45)))
(1.255 ((-5.9999729 0 0)(0 0 -45)))
(1.256 ((-5.9999729 0 0)(0 0 -45)))
(1.257 ((-5.9999729 0 0)(0 0 -45)))
(1.258 ((-5.9999729 0 0)(0 0 -45)))
(1.259 ((-5.9999729 0 0)(0 0 -45)))
(1.26 ((-5.9999729 0 0)(0 0 -45)))
(1.261 ((-5.9999729 0 0)(0 0 -45)))
(1.262 ((-5.9999729 0 0)(0 0 -45)))
(1.263 ((-5.9999729 0 0)(0 0 -45)))
(1.264 ((-5.9999729 0 0)(0 0 -45)))
(1.265 ((-5.9999729 0 0)(0 0 -45)))
(1.266 ((-5.9999729 0 0)(0 0 -45)))
(1.267 ((-5.9999729 0 0)(0 0 -45)))
(1.268 ((-5.9999729 0 0)(0 0 -45)))
(1.269 ((-5.9999729 0 0)(0 0 -45)))
(1.27 ((-5.9999729 0 0)(0 0 -45)))
(1.271 ((-5.9999729 0 0)(0 0 -45)))
(1.272 ((-5.9999729 0 0)(0 0 -45)))
(1.273 ((-5.9999729 0 0)(0 0 -45)))
(1.274 ((-5.9999729 0 0)(0 0 -45)))
(1.275 ((-5.9999729 0 0)(0 0 -45)))
(1.276 ((-5.9999729 0 0)(0 0 -45)))
(1.277 ((-5.9999729 0 0)(0 0 -45)))
(1.278 ((-5.9999729 0 0)(0 0 -45)))
(1.279 ((-5.9999729 0 0)(0 0 -45)))
(1.28 ((-5.9999729 0 0)(0 0 -45)))
(1.281 ((-5.9999729 0 0)(0 0 -45)))
(1.282 ((-5.9999729 0 0)(0 0 -45)))
(1.283 ((-5.9999729 0 0)(0 0 -45)))
(1.284 ((-5.9999729 0 0)(0 0 -45)))
(1.285 ((-5.9999729 0 0)(0 0 -45)))
(1.286 ((-5.9999729 0 0)(0 0 -45)))
(1.287 ((-5.9999729 0 0)(0 0 -45)))
(1.288 ((-5.9999729 0 0)(0 0 -45)))
(1.289 ((-5.9999729 0 0)(0 0 -45)))
(1.29 ((-5.9999729 0 0)(0 0 -45)))
(1.291 ((-5.9999729 0 0)(0 0 -45)))
(1.292 ((-5.9999729 0 0)(0 0 -45)))
(1.293 ((-5.9999729 0 0)(0 0 -45)))
(1.294 ((-5.9999729 0 0)(0 0 -45)))
(1.295 ((-5.9999729 0 0)(0 0 -45)))
(1.296 ((-5.9999729 0 0)(0 0 -45)))
(1.297 ((-5.9999729 0 0)(0 0 -45)))
(1.298 ((-5.9999729 0 0)(0 0 -45)))
(1.299 ((-5.9999729 0 0)(0 0 -45)))
(1.3 ((-5.9999729 0 0)(0 0 -45)))
(1.301 ((-5.9999729 0 0)(0 0 -45)))
(1.302 ((-5.9999729 0 0)(0 0 -45)))
(1.303 ((-5.9999729 0 0)(0 0 -45)))
(1.304 ((-5.9999729 0 0)(0 0 -45)))
(1.305 ((-5.9999729 0 0)(0 0 -45)))
(1.306 ((-5.9999729 0 0)(0 0 -45)))
(1.307 ((-5.9999729 0 0)(0 0 -45)))
(1.308 ((-5.9999729 0 0)(0 0 -45)))
(1.309 ((-5.9999729 0 0)(0 0 -45)))
(1.31 ((-5.9999729 0 0)(0 0 -45)))
(1.311 ((-5.9999729 0 0)(0 0 -45)))
(1.312 ((-5.9999729 0 0)(0 0 -45)))
(1.313 ((-5.9999729 0 0)(0 0 -45)))
(1.314 ((-5.9999729 0 0)(0 0 -45)))
(1.315 ((-5.9999729 0 0)(0 0 -45)))
(1.316 ((-5.9999729 0 0)(0 0 -45)))
(1.317 ((-5.9999729 0 0)(0 0 -45)))
(1.318 ((-5.9999729 0 0)(0 0 -45)))
(1.319 ((-5.9999729 0 0)(0 0 -45)))
(1.32 ((-5.9999729 0 0)(0 0 -45)))
(1.321 ((-5.9999729 0 0)(0 0 -45)))
(1.322 ((-5.9999729 0 0)(0 0 -45)))
(1.323 ((-5.9999729 0 0)(0 0 -45)))
(1.324 ((-5.9999729 0 0)(0 0 -45)))
(1.325 ((-5.9999729 0 0)(0 0 -45)))
(1.326 ((-5.9999729 0 0)(0 0 -45)))
(1.327 ((-5.9999729 0 0)(0 0 -45)))
(1.328 ((-5.9999729 0 0)(0 0 -45)))
(1.329 ((-5.9999729 0 0)(0 0 -45)))
(1.33 ((-5.9999729 0 0)(0 0 -45)))
(1.331 ((-5.9999729 0 0)(0 0 -45)))
(1.332 ((-5.9999729 0 0)(0 0 -45)))
(1.333 ((-5.9999729 0 0)(0 0 -45)))
(1.334 ((-5.9999729 0 0)(0 0 -45)))
(1.335 ((-5.9999729 0 0)(0 0 -45)))
(1.336 ((-5.9999729 0 0)(0 0 -45)))
(1.337 ((-5.9999729 0 0)(0 0 -45)))
(1.338 ((-5.9999729 0 0)(0 0 -45)))
(1.339 ((-5.9999729 0 0)(0 0 -45)))
(1.34 ((-5.9999729 0 0)(0 0 -45)))
(1.341 ((-5.9999729 0 0)(0 0 -45)))
(1.342 ((-5.9999729 0 0)(0 0 -45)))
(1.343 ((-5.9999729 0 0)(0 0 -45)))
(1.344 ((-5.9999729 0 0)(0 0 -45)))
(1.345 ((-5.9999729 0 0)(0 0 -45)))
(1.346 ((-5.9999729 0 0)(0 0 -45)))
(1.347 ((-5.9999729 0 0)(0 0 -45)))
(1.348 ((-5.9999729 0 0)(0 0 -45)))
(1.349 ((-5.9999729 0 0)(0 0 -45)))
(1.35 ((-5.9999729 0 0)(0 0 -45)))
(1.351 ((-5.9999729 0 0)(0 0 -45)))
(1.352 ((-5.9999729 0 0)(0 0 -45)))
(1.353 ((-5.9999729 0 0)(0 0 -45)))
(1.354 ((-5.9999729 0 0)(0 0 -45)))
(1.355 ((-5.9999729 0 0)(0 0 -45)))
(1.356 ((-5.9999729 0 0)(0 0 -45)))
(1.357 ((-5.9999729 0 0)(0 0 -45)))
(1.358 ((-5.9999729 0 0)(0 0 -45)))
(1.359 ((-5.9999729 0 0)(0 0 -45)))
(1.36 ((-5.9999729 0 0)(0 0 -45)))
(1.361 ((-5.9999729 0 0)(0 0 -45)))
(1.362 ((-5.9999729 0 0)(0 0 -45)))
(1.363 ((-5.9999729 0 0)(0 0 -45)))
(1.364 ((-5.9999729 0 0)(0 0 -45)))
(1.365 ((-5.9999729 0 0)(0 0 -45)))
(1.366 ((-5.9999729 0 0)(0 0 -45)))
(1.367 ((-5.9999729 0 0)(0 0 -45)))
(1.368 ((-5.9999729 0 0)(0 0 -45)))
(1.369 ((-5.9999729 0 0)(0 0 -45)))
(1.37 ((-5.9999729 0 0)(0 0 -45)))
(1.371 ((-5.9999729 0 0)(0 0 -45)))
(1.372 ((-5.9999729 0 0)(0 0 -45)))
(1.373 ((-5.9999729 0 0)(0 0 -45)))
(1.374 ((-5.9999729 0 0)(0 0 -45)))
(1.375 ((-5.9999729 0 0)(0 0 -45)))
(1.376 ((-5.9999729 0 0)(0 0 -45)))
(1.377 ((-5.9999729 0 0)(0 0 -45)))
(1.378 ((-5.9999729 0 0)(0 0 -45)))
(1.379 ((-5.9999729 0 0)(0 0 -45)))
(1.38 ((-5.9999729 0 0)(0 0 -45)))
(1.381 ((-5.9999729 0 0)(0 0 -45)))
(1.382 ((-5.9999729 0 0)(0 0 -45)))
(1.383 ((-5.9999729 0 0)(0 0 -45)))
(1.384 ((-5.9999729 0 0)(0 0 -45)))
(1.385 ((-5.9999729 0 0)(0 0 -45)))
(1.386 ((-5.9999729 0 0)(0 0 -45)))
(1.387 ((-5.9999729 0 0)(0 0 -45)))
(1.388 ((-5.9999729 0 0)(0 0 -45)))
(1.389 ((-5.9999729 0 0)(0 0 -45)))
(1.39 ((-5.9999729 0 0)(0 0 -45)))
(1.391 ((-5.9999729 0 0)(0 0 -45)))
(1.392 ((-5.9999729 0 0)(0 0 -45)))
(1.393 ((-5.9999729 0 0)(0 0 -45)))
(1.394 ((-5.9999729 0 0)(0 0 -45)))
(1.395 ((-5.9999729 0 0)(0 0 -45)))
(1.396 ((-5.9999729 0 0)(0 0 -45)))
(1.397 ((-5.9999729 0 0)(0 0 -45)))
(1.398 ((-5.9999729 0 0)(0 0 -45)))
(1.399 ((-5.9999729 0 0)(0 0 -45)))
(1.4 ((-5.9999729 0 0)(0 0 -45)))
(1.401 ((-5.9999729 0 0)(0 0 -45)))
(1.402 ((-5.9999729 0 0)(0 0 -45)))
(1.403 ((-5.9999729 0 0)(0 0 -45)))
(1.404 ((-5.9999729 0 0)(0 0 -45)))
(1.405 ((-5.9999729 0 0)(0 0 -45)))
(1.406 ((-5.9999729 0 0)(0 0 -45)))
(1.407 ((-5.9999729 0 0)(0 0 -45)))
(1.408 ((-5.9999729 0 0)(0 0 -45)))
(1.409 ((-5.9999729 0 0)(0 0 -45)))
(1.41 ((-5.9999729 0 0)(0 0 -45)))
(1.411 ((-5.9999729 0 0)(0 0 -45)))
(1.412 ((-5.9999729 0 0)(0 0 -45)))
(1.413 ((-5.9999729 0 0)(0 0 -45)))
(1.414 ((-5.9999729 0 0)(0 0 -45)))
(1.415 ((-5.9999729 0 0)(0 0 -45)))
(1.416 ((-5.9999729 0 0)(0 0 -45)))
(1.417 ((-5.9999729 0 0)(0 0 -45)))
(1.418 ((-5.9999729 0 0)(0 0 -45)))
(1.419 ((-5.9999729 0 0)(0 0 -45)))
(1.42 ((-5.9999729 0 0)(0 0 -45)))
(1.421 ((-5.9999729 0 0)(0 0 -45)))
(1.422 ((-5.9999729 0 0)(0 0 -45)))
(1.423 ((-5.9999729 0 0)(0 0 -45)))
(1.424 ((-5.9999729 0 0)(0 0 -45)))
(1.425 ((-5.9999729 0 0)(0 0 -45)))
(1.426 ((-5.9999729 0 0)(0 0 -45)))
(1.427 ((-5.9999729 0 0)(0 0 -45)))
(1.428 ((-5.9999729 0 0)(0 0 -45)))
(1.429 ((-5.9999729 0 0)(0 0 -45)))
(1.43 ((-5.9999729 0 0)(0 0 -45)))
(1.431 ((-5.9999729 0 0)(0 0 -45)))
(1.432 ((-5.9999729 0 0)(0 0 -45)))
(1.433 ((-5.9999729 0 0)(0 0 -45)))
(1.434 ((-5.9999729 0 0)(0 0 -45)))
(1.435 ((-5.9999729 0 0)(0 0 -45)))
(1.436 ((-5.9999729 0 0)(0 0 -45)))
(1.437 ((-5.9999729 0 0)(0 0 -45)))
(1.438 ((-5.9999729 0 0)(0 0 -45)))
(1.439 ((-5.9999729 0 0)(0 0 -45)))
(1.44 ((-5.9999729 0 0)(0 0 -45)))
(1.441 ((-5.9999729 0 0)(0 0 -45)))
(1.442 ((-5.9999729 0 0)(0 0 -45)))
(1.443 ((-5.9999729 0 0)(0 0 -45)))
(1.444 ((-5.9999729 0 0)(0 0 -45)))
(1.445 ((-5.9999729 0 0)(0 0 -45)))
(1.446 ((-5.9999729 0 0)(0 0 -45)))
(1.447 ((-5.9999729 0 0)(0 0 -45)))
(1.448 ((-5.9999729 0 0)(0 0 -45)))
(1.449 ((-5.9999729 0 0)(0 0 -45)))
(1.45 ((-5.9999729 0 0)(0 0 -45)))
(1.451 ((-5.9999729 0 0)(0 0 -45)))
(1.452 ((-5.9999729 0 0)(0 0 -45)))
(1.453 ((-5.9999729 0 0)(0 0 -45)))
(1.454 ((-5.9999729 0 0)(0 0 -45)))
(1.455 ((-5.9999729 0 0)(0 0 -45)))
(1.456 ((-5.9999729 0 0)(0 0 -45)))
(1.457 ((-5.9999729 0 0)(0 0 -45)))
(1.458 ((-5.9999729 0 0)(0 0 -45)))
(1.459 ((-5.9999729 0 0)(0 0 -45)))
(1.46 ((-5.9999729 0 0)(0 0 -45)))
(1.461 ((-5.9999729 0 0)(0 0 -45)))
(1.462 ((-5.9999729 0 0)(0 0 -45)))
(1.463 ((-5.9999729 0 0)(0 0 -45)))
(1.464 ((-5.9999729 0 0)(0 0 -45)))
(1.465 ((-5.9999729 0 0)(0 0 -45)))
(1.466 ((-5.9999729 0 0)(0 0 -45)))
(1.467 ((-5.9999729 0 0)(0 0 -45)))
(1.468 ((-5.9999729 0 0)(0 0 -45)))
(1.469 ((-5.9999729 0 0)(0 0 -45)))
(1.47 ((-5.9999729 0 0)(0 0 -45)))
(1.471 ((-5.9999729 0 0)(0 0 -45)))
(1.472 ((-5.9999729 0 0)(0 0 -45)))
(1.473 ((-5.9999729 0 0)(0 0 -45)))
(1.474 ((-5.9999729 0 0)(0 0 -45)))
(1.475 ((-5.9999729 0 0)(0 0 -45)))
(1.476 ((-5.9999729 0 0)(0 0 -45)))
(1.477 ((-5.9999729 0 0)(0 0 -45)))
(1.478 ((-5.9999729 0 0)(0 0 -45)))
(1.479 ((-5.9999729 0 0)(0 0 -45)))
(1.48 ((-5.9999729 0 0)(0 0 -45)))
(1.481 ((-5.9999729 0 0)(0 0 -45)))
(1.482 ((-5.9999729 0 0)(0 0 -45)))
(1.483 ((-5.9999729 0 0)(0 0 -45)))
(1.484 ((-5.9999729 0 0)(0 0 -45)))
(1.485 ((-5.9999729 0 0)(0 0 -45)))
(1.486 ((-5.9999729 0 0)(0 0 -45)))
(1.487 ((-5.9999729 0 0)(0 0 -45)))
(1.488 ((-5.9999729 0 0)(0 0 -45)))
(1.489 ((-5.9999729 0 0)(0 0 -45)))
(1.49 ((-5.9999729 0 0)(0 0 -45)))
(1.491 ((-5.9999729 0 0)(0 0 -45)))
(1.492 ((-5.9999729 0 0)(0 0 -45)))
(1.493 ((-5.9999729 0 0)(0 0 -45)))
(1.494 ((-5.9999729 0 0)(0 0 -45)))
(1.495 ((-5.9999729 0 0)(0 0 -45)))
(1.496 ((-5.9999729 0 0)(0 0 -45)))
(1.497 ((-5.9999729 0 0)(0 0 -45)))
(1.498 ((-5.9999729 0 0)(0 0 -45)))
(1.499 ((-5.9999729 0 0)(0 0 -45)))
(1.5 ((-5.9999729 0 0)(0 0 -45)))
(1.501 ((-5.9999729 0 0)(0 0 -45)))
(1.502 ((-5.9999729 0 0)(0 0 -45)))
(1.503 ((-5.9999729 0 0)(0 0 -45)))
(1.504 ((-5.9999729 0 0)(0 0 -45)))
(1.505 ((-5.9999729 0 0)(0 0 -45)))
(1.506 ((-5.9999729 0 0)(0 0 -45)))
(1.507 ((-5.9999729 0 0)(0 0 -45)))
(1.508 ((-5.9999729 0 0)(0 0 -45)))
(1.509 ((-5.9999729 0 0)(0 0 -45)))
(1.51 ((-5.9999729 0 0)(0 0 -45)))
(1.511 ((-5.9999729 0 0)(0 0 -45)))
(1.512 ((-5.9999729 0 0)(0 0 -45)))
(1.513 ((-5.9999729 0 0)(0 0 -45)))
(1.514 ((-5.9999729 0 0)(0 0 -45)))
(1.515 ((-5.9999729 0 0)(0 0 -45)))
(1.516 ((-5.9999729 0 0)(0 0 -45)))
(1.517 ((-5.9999729 0 0)(0 0 -45)))
(1.518 ((-5.9999729 0 0)(0 0 -45)))
(1.519 ((-5.9999729 0 0)(0 0 -45)))
(1.52 ((-5.9999729 0 0)(0 0 -45)))
(1.521 ((-5.9999729 0 0)(0 0 -45)))
(1.522 ((-5.9999729 0 0)(0 0 -45)))
(1.523 ((-5.9999729 0 0)(0 0 -45)))
(1.524 ((-5.9999729 0 0)(0 0 -45)))
(1.525 ((-5.9999729 0 0)(0 0 -45)))
(1.526 ((-5.9999729 0 0)(0 0 -45)))
(1.527 ((-5.9999729 0 0)(0 0 -45)))
(1.528 ((-5.9999729 0 0)(0 0 -45)))
(1.529 ((-5.9999729 0 0)(0 0 -45)))
(1.53 ((-5.9999729 0 0)(0 0 -45)))
(1.531 ((-5.9999729 0 0)(0 0 -45)))
(1.532 ((-5.9999729 0 0)(0 0 -45)))
(1.533 ((-5.9999729 0 0)(0 0 -45)))
(1.534 ((-5.9999729 0 0)(0 0 -45)))
(1.535 ((-5.9999729 0 0)(0 0 -45)))
(1.536 ((-5.9999729 0 0)(0 0 -45)))
(1.537 ((-5.9999729 0 0)(0 0 -45)))
(1.538 ((-5.9999729 0 0)(0 0 -45)))
(1.539 ((-5.9999729 0 0)(0 0 -45)))
(1.54 ((-5.9999729 0 0)(0 0 -45)))
(1.541 ((-5.9999729 0 0)(0 0 -45)))
(1.542 ((-5.9999729 0 0)(0 0 -45)))
(1.543 ((-5.9999729 0 0)(0 0 -45)))
(1.544 ((-5.9999729 0 0)(0 0 -45)))
(1.545 ((-5.9999729 0 0)(0 0 -45)))
(1.546 ((-5.9999729 0 0)(0 0 -45)))
(1.547 ((-5.9999729 0 0)(0 0 -45)))
(1.548 ((-5.9999729 0 0)(0 0 -45)))
(1.549 ((-5.9999729 0 0)(0 0 -45)))
(1.55 ((-5.9999729 0 0)(0 0 -45)))
(1.551 ((-5.9999729 0 0)(0 0 -45)))
(1.552 ((-5.9999729 0 0)(0 0 -45)))
(1.553 ((-5.9999729 0 0)(0 0 -45)))
(1.554 ((-5.9999729 0 0)(0 0 -45)))
(1.555 ((-5.9999729 0 0)(0 0 -45)))
(1.556 ((-5.9999729 0 0)(0 0 -45)))
(1.557 ((-5.9999729 0 0)(0 0 -45)))
(1.558 ((-5.9999729 0 0)(0 0 -45)))
(1.559 ((-5.9999729 0 0)(0 0 -45)))
(1.56 ((-5.9999729 0 0)(0 0 -45)))
(1.561 ((-5.9999729 0 0)(0 0 -45)))
(1.562 ((-5.9999729 0 0)(0 0 -45)))
(1.563 ((-5.9999729 0 0)(0 0 -45)))
(1.564 ((-5.9999729 0 0)(0 0 -45)))
(1.565 ((-5.9999729 0 0)(0 0 -45)))
(1.566 ((-5.9999729 0 0)(0 0 -45)))
(1.567 ((-5.9999729 0 0)(0 0 -45)))
(1.568 ((-5.9999729 0 0)(0 0 -45)))
(1.569 ((-5.9999729 0 0)(0 0 -45)))
(1.57 ((-5.9999729 0 0)(0 0 -45)))
(1.571 ((-5.9999729 0 0)(0 0 -45)))
(1.572 ((-5.9999729 0 0)(0 0 -45)))
(1.573 ((-5.9999729 0 0)(0 0 -45)))
(1.574 ((-5.9999729 0 0)(0 0 -45)))
(1.575 ((-5.9999729 0 0)(0 0 -45)))
(1.576 ((-5.9999729 0 0)(0 0 -45)))
(1.577 ((-5.9999729 0 0)(0 0 -45)))
(1.578 ((-5.9999729 0 0)(0 0 -45)))
(1.579 ((-5.9999729 0 0)(0 0 -45)))
(1.58 ((-5.9999729 0 0)(0 0 -45)))
(1.581 ((-5.9999729 0 0)(0 0 -45)))
(1.582 ((-5.9999729 0 0)(0 0 -45)))
(1.583 ((-5.9999729 0 0)(0 0 -45)))
(1.584 ((-5.9999729 0 0)(0 0 -45)))
(1.585 ((-5.9999729 0 0)(0 0 -45)))
(1.586 ((-5.9999729 0 0)(0 0 -45)))
(1.587 ((-5.9999729 0 0)(0 0 -45)))
(1.588 ((-5.9999729 0 0)(0 0 -45)))
(1.589 ((-5.9999729 0 0)(0 0 -45)))
(1.59 ((-5.9999729 0 0)(0 0 -45)))
(1.591 ((-5.9999729 0 0)(0 0 -45)))
(1.592 ((-5.9999729 0 0)(0 0 -45)))
(1.593 ((-5.9999729 0 0)(0 0 -45)))
(1.594 ((-5.9999729 0 0)(0 0 -45)))
(1.595 ((-5.9999729 0 0)(0 0 -45)))
(1.596 ((-5.9999729 0 0)(0 0 -45)))
(1.597 ((-5.9999729 0 0)(0 0 -45)))
(1.598 ((-5.9999729 0 0)(0 0 -45)))
(1.599 ((-5.9999729 0 0)(0 0 -45)))
(1.6 ((-5.9999729 0 0)(0 0 -45)))
(1.601 ((-5.9999729 0 0)(0 0 -45)))
(1.602 ((-5.9999729 0 0)(0 0 -45)))
(1.603 ((-5.9999729 0 0)(0 0 -45)))
(1.604 ((-5.9999729 0 0)(0 0 -45)))
(1.605 ((-5.9999729 0 0)(0 0 -45)))
(1.606 ((-5.9999729 0 0)(0 0 -45)))
(1.607 ((-5.9999729 0 0)(0 0 -45)))
(1.608 ((-5.9999729 0 0)(0 0 -45)))
(1.609 ((-5.9999729 0 0)(0 0 -45)))
(1.61 ((-5.9999729 0 0)(0 0 -45)))
(1.611 ((-5.9999729 0 0)(0 0 -45)))
(1.612 ((-5.9999729 0 0)(0 0 -45)))
(1.613 ((-5.9999729 0 0)(0 0 -45)))
(1.614 ((-5.9999729 0 0)(0 0 -45)))
(1.615 ((-5.9999729 0 0)(0 0 -45)))
(1.616 ((-5.9999729 0 0)(0 0 -45)))
(1.617 ((-5.9999729 0 0)(0 0 -45)))
(1.618 ((-5.9999729 0 0)(0 0 -45)))
(1.619 ((-5.9999729 0 0)(0 0 -45)))
(1.62 ((-5.9999729 0 0)(0 0 -45)))
(1.621 ((-5.9999729 0 0)(0 0 -45)))
(1.622 ((-5.9999729 0 0)(0 0 -45)))
(1.623 ((-5.9999729 0 0)(0 0 -45)))
(1.624 ((-5.9999729 0 0)(0 0 -45)))
(1.625 ((-5.9999729 0 0)(0 0 -45)))
(1.626 ((-5.9999729 0 0)(0 0 -45)))
(1.627 ((-5.9999729 0 0)(0 0 -45)))
(1.628 ((-5.9999729 0 0)(0 0 -45)))
(1.629 ((-5.9999729 0 0)(0 0 -45)))
(1.63 ((-5.9999729 0 0)(0 0 -45)))
(1.631 ((-5.9999729 0 0)(0 0 -45)))
(1.632 ((-5.9999729 0 0)(0 0 -45)))
(1.633 ((-5.9999729 0 0)(0 0 -45)))
(1.634 ((-5.9999729 0 0)(0 0 -45)))
(1.635 ((-5.9999729 0 0)(0 0 -45)))
(1.636 ((-5.9999729 0 0)(0 0 -45)))
(1.637 ((-5.9999729 0 0)(0 0 -45)))
(1.638 ((-5.9999729 0 0)(0 0 -45)))
(1.639 ((-5.9999729 0 0)(0 0 -45)))
(1.64 ((-5.9999729 0 0)(0 0 -45)))
(1.641 ((-5.9999729 0 0)(0 0 -45)))
(1.642 ((-5.9999729 0 0)(0 0 -45)))
(1.643 ((-5.9999729 0 0)(0 0 -45)))
(1.644 ((-5.9999729 0 0)(0 0 -45)))
(1.645 ((-5.9999729 0 0)(0 0 -45)))
(1.646 ((-5.9999729 0 0)(0 0 -45)))
(1.647 ((-5.9999729 0 0)(0 0 -45)))
(1.648 ((-5.9999729 0 0)(0 0 -45)))
(1.649 ((-5.9999729 0 0)(0 0 -45)))
(1.65 ((-5.9999729 0 0)(0 0 -45)))
(1.651 ((-5.9999729 0 0)(0 0 -45)))
(1.652 ((-5.9999729 0 0)(0 0 -45)))
(1.653 ((-5.9999729 0 0)(0 0 -45)))
(1.654 ((-5.9999729 0 0)(0 0 -45)))
(1.655 ((-5.9999729 0 0)(0 0 -45)))
(1.656 ((-5.9999729 0 0)(0 0 -45)))
(1.657 ((-5.9999729 0 0)(0 0 -45)))
(1.658 ((-5.9999729 0 0)(0 0 -45)))
(1.659 ((-5.9999729 0 0)(0 0 -45)))
(1.66 ((-5.9999729 0 0)(0 0 -45)))
(1.661 ((-5.9999729 0 0)(0 0 -45)))
(1.662 ((-5.9999729 0 0)(0 0 -45)))
(1.663 ((-5.9999729 0 0)(0 0 -45)))
(1.664 ((-5.9999729 0 0)(0 0 -45)))
(1.665 ((-5.9999729 0 0)(0 0 -45)))
(1.666 ((-5.9999729 0 0)(0 0 -45)))
(1.667 ((-5.9999729 0 0)(0 0 -45)))
(1.668 ((-5.9999729 0 0)(0 0 -45)))
(1.669 ((-5.9999729 0 0)(0 0 -45)))
(1.67 ((-5.9999729 0 0)(0 0 -45)))
(1.671 ((-5.9999729 0 0)(0 0 -45)))
(1.672 ((-5.9999729 0 0)(0 0 -45)))
(1.673 ((-5.9999729 0 0)(0 0 -45)))
(1.674 ((-5.9999729 0 0)(0 0 -45)))
(1.675 ((-5.9999729 0 0)(0 0 -45)))
(1.676 ((-5.9999729 0 0)(0 0 -45)))
(1.677 ((-5.9999729 0 0)(0 0 -45)))
(1.678 ((-5.9999729 0 0)(0 0 -45)))
(1.679 ((-5.9999729 0 0)(0 0 -45)))
(1.68 ((-5.9999729 0 0)(0 0 -45)))
(1.681 ((-5.9999729 0 0)(0 0 -45)))
(1.682 ((-5.9999729 0 0)(0 0 -45)))
(1.683 ((-5.9999729 0 0)(0 0 -45)))
(1.684 ((-5.9999729 0 0)(0 0 -45)))
(1.685 ((-5.9999729 0 0)(0 0 -45)))
(1.686 ((-5.9999729 0 0)(0 0 -45)))
(1.687 ((-5.9999729 0 0)(0 0 -45)))
(1.688 ((-5.9999729 0 0)(0 0 -45)))
(1.689 ((-5.9999729 0 0)(0 0 -45)))
(1.69 ((-5.9999729 0 0)(0 0 -45)))
(1.691 ((-5.9999729 0 0)(0 0 -45)))
(1.692 ((-5.9999729 0 0)(0 0 -45)))
(1.693 ((-5.9999729 0 0)(0 0 -45)))
(1.694 ((-5.9999729 0 0)(0 0 -45)))
(1.695 ((-5.9999729 0 0)(0 0 -45)))
(1.696 ((-5.9999729 0 0)(0 0 -45)))
(1.697 ((-5.9999729 0 0)(0 0 -45)))
(1.698 ((-5.9999729 0 0)(0 0 -45)))
(1.699 ((-5.9999729 0 0)(0 0 -45)))
(1.7 ((-5.9999729 0 0)(0 0 -45)))
(1.701 ((-5.9999729 0 0)(0 0 -45)))
(1.702 ((-5.9999729 0 0)(0 0 -45)))
(1.703 ((-5.9999729 0 0)(0 0 -45)))
(1.704 ((-5.9999729 0 0)(0 0 -45)))
(1.705 ((-5.9999729 0 0)(0 0 -45)))
(1.706 ((-5.9999729 0 0)(0 0 -45)))
(1.707 ((-5.9999729 0 0)(0 0 -45)))
(1.708 ((-5.9999729 0 0)(0 0 -45)))
(1.709 ((-5.9999729 0 0)(0 0 -45)))
(1.71 ((-5.9999729 0 0)(0 0 -45)))
(1.711 ((-5.9999729 0 0)(0 0 -45)))
(1.712 ((-5.9999729 0 0)(0 0 -45)))
(1.713 ((-5.9999729 0 0)(0 0 -45)))
(1.714 ((-5.9999729 0 0)(0 0 -45)))
(1.715 ((-5.9999729 0 0)(0 0 -45)))
(1.716 ((-5.9999729 0 0)(0 0 -45)))
(1.717 ((-5.9999729 0 0)(0 0 -45)))
(1.718 ((-5.9999729 0 0)(0 0 -45)))
(1.719 ((-5.9999729 0 0)(0 0 -45)))
(1.72 ((-5.9999729 0 0)(0 0 -45)))
(1.721 ((-5.9999729 0 0)(0 0 -45)))
(1.722 ((-5.9999729 0 0)(0 0 -45)))
(1.723 ((-5.9999729 0 0)(0 0 -45)))
(1.724 ((-5.9999729 0 0)(0 0 -45)))
(1.725 ((-5.9999729 0 0)(0 0 -45)))
(1.726 ((-5.9999729 0 0)(0 0 -45)))
(1.727 ((-5.9999729 0 0)(0 0 -45)))
(1.728 ((-5.9999729 0 0)(0 0 -45)))
(1.729 ((-5.9999729 0 0)(0 0 -45)))
(1.73 ((-5.9999729 0 0)(0 0 -45)))
(1.731 ((-5.9999729 0 0)(0 0 -45)))
(1.732 ((-5.9999729 0 0)(0 0 -45)))
(1.733 ((-5.9999729 0 0)(0 0 -45)))
(1.734 ((-5.9999729 0 0)(0 0 -45)))
(1.735 ((-5.9999729 0 0)(0 0 -45)))
(1.736 ((-5.9999729 0 0)(0 0 -45)))
(1.737 ((-5.9999729 0 0)(0 0 -45)))
(1.738 ((-5.9999729 0 0)(0 0 -45)))
(1.739 ((-5.9999729 0 0)(0 0 -45)))
(1.74 ((-5.9999729 0 0)(0 0 -45)))
(1.741 ((-5.9999729 0 0)(0 0 -45)))
(1.742 ((-5.9999729 0 0)(0 0 -45)))
(1.743 ((-5.9999729 0 0)(0 0 -45)))
(1.744 ((-5.9999729 0 0)(0 0 -45)))
(1.745 ((-5.9999729 0 0)(0 0 -45)))
(1.746 ((-5.9999729 0 0)(0 0 -45)))
(1.747 ((-5.9999729 0 0)(0 0 -45)))
(1.748 ((-5.9999729 0 0)(0 0 -45)))
(1.749 ((-5.9999729 0 0)(0 0 -45)))
(1.75 ((-5.9999729 0 0)(0 0 -45)))
(1.751 ((-5.9999729 0 0)(0 0 -45)))
(1.752 ((-5.9999729 0 0)(0 0 -45)))
(1.753 ((-5.9999729 0 0)(0 0 -45)))
(1.754 ((-5.9999729 0 0)(0 0 -45)))
(1.755 ((-5.9999729 0 0)(0 0 -45)))
(1.756 ((-5.9999729 0 0)(0 0 -45)))
(1.757 ((-5.9999729 0 0)(0 0 -45)))
(1.758 ((-5.9999729 0 0)(0 0 -45)))
(1.759 ((-5.9999729 0 0)(0 0 -45)))
(1.76 ((-5.9999729 0 0)(0 0 -45)))
(1.761 ((-5.9999729 0 0)(0 0 -45)))
(1.762 ((-5.9999729 0 0)(0 0 -45)))
(1.763 ((-5.9999729 0 0)(0 0 -45)))
(1.764 ((-5.9999729 0 0)(0 0 -45)))
(1.765 ((-5.9999729 0 0)(0 0 -45)))
(1.766 ((-5.9999729 0 0)(0 0 -45)))
(1.767 ((-5.9999729 0 0)(0 0 -45)))
(1.768 ((-5.9999729 0 0)(0 0 -45)))
(1.769 ((-5.9999729 0 0)(0 0 -45)))
(1.77 ((-5.9999729 0 0)(0 0 -45)))
(1.771 ((-5.9999729 0 0)(0 0 -45)))
(1.772 ((-5.9999729 0 0)(0 0 -45)))
(1.773 ((-5.9999729 0 0)(0 0 -45)))
(1.774 ((-5.9999729 0 0)(0 0 -45)))
(1.775 ((-5.9999729 0 0)(0 0 -45)))
(1.776 ((-5.9999729 0 0)(0 0 -45)))
(1.777 ((-5.9999729 0 0)(0 0 -45)))
(1.778 ((-5.9999729 0 0)(0 0 -45)))
(1.779 ((-5.9999729 0 0)(0 0 -45)))
(1.78 ((-5.9999729 0 0)(0 0 -45)))
(1.781 ((-5.9999729 0 0)(0 0 -45)))
(1.782 ((-5.9999729 0 0)(0 0 -45)))
(1.783 ((-5.9999729 0 0)(0 0 -45)))
(1.784 ((-5.9999729 0 0)(0 0 -45)))
(1.785 ((-5.9999729 0 0)(0 0 -45)))
(1.786 ((-5.9999729 0 0)(0 0 -45)))
(1.787 ((-5.9999729 0 0)(0 0 -45)))
(1.788 ((-5.9999729 0 0)(0 0 -45)))
(1.789 ((-5.9999729 0 0)(0 0 -45)))
(1.79 ((-5.9999729 0 0)(0 0 -45)))
(1.791 ((-5.9999729 0 0)(0 0 -45)))
(1.792 ((-5.9999729 0 0)(0 0 -45)))
(1.793 ((-5.9999729 0 0)(0 0 -45)))
(1.794 ((-5.9999729 0 0)(0 0 -45)))
(1.795 ((-5.9999729 0 0)(0 0 -45)))
(1.796 ((-5.9999729 0 0)(0 0 -45)))
(1.797 ((-5.9999729 0 0)(0 0 -45)))
(1.798 ((-5.9999729 0 0)(0 0 -45)))
(1.799 ((-5.9999729 0 0)(0 0 -45)))
(1.8 ((-5.9999729 0 0)(0 0 -45)))
(1.801 ((-5.9999729 0 0)(0 0 -45)))
(1.802 ((-5.9999729 0 0)(0 0 -45)))
(1.803 ((-5.9999729 0 0)(0 0 -45)))
(1.804 ((-5.9999729 0 0)(0 0 -45)))
(1.805 ((-5.9999729 0 0)(0 0 -45)))
(1.806 ((-5.9999729 0 0)(0 0 -45)))
(1.807 ((-5.9999729 0 0)(0 0 -45)))
(1.808 ((-5.9999729 0 0)(0 0 -45)))
(1.809 ((-5.9999729 0 0)(0 0 -45)))
(1.81 ((-5.9999729 0 0)(0 0 -45)))
(1.811 ((-5.9999729 0 0)(0 0 -45)))
(1.812 ((-5.9999729 0 0)(0 0 -45)))
(1.813 ((-5.9999729 0 0)(0 0 -45)))
(1.814 ((-5.9999729 0 0)(0 0 -45)))
(1.815 ((-5.9999729 0 0)(0 0 -45)))
(1.816 ((-5.9999729 0 0)(0 0 -45)))
(1.817 ((-5.9999729 0 0)(0 0 -45)))
(1.818 ((-5.9999729 0 0)(0 0 -45)))
(1.819 ((-5.9999729 0 0)(0 0 -45)))
(1.82 ((-5.9999729 0 0)(0 0 -45)))
(1.821 ((-5.9999729 0 0)(0 0 -45)))
(1.822 ((-5.9999729 0 0)(0 0 -45)))
(1.823 ((-5.9999729 0 0)(0 0 -45)))
(1.824 ((-5.9999729 0 0)(0 0 -45)))
(1.825 ((-5.9999729 0 0)(0 0 -45)))
(1.826 ((-5.9999729 0 0)(0 0 -45)))
(1.827 ((-5.9999729 0 0)(0 0 -45)))
(1.828 ((-5.9999729 0 0)(0 0 -45)))
(1.829 ((-5.9999729 0 0)(0 0 -45)))
(1.83 ((-5.9999729 0 0)(0 0 -45)))
(1.831 ((-5.9999729 0 0)(0 0 -45)))
(1.832 ((-5.9999729 0 0)(0 0 -45)))
(1.833 ((-5.9999729 0 0)(0 0 -45)))
(1.834 ((-5.9999729 0 0)(0 0 -45)))
(1.835 ((-5.9999729 0 0)(0 0 -45)))
(1.836 ((-5.9999729 0 0)(0 0 -45)))
(1.837 ((-5.9999729 0 0)(0 0 -45)))
(1.838 ((-5.9999729 0 0)(0 0 -45)))
(1.839 ((-5.9999729 0 0)(0 0 -45)))
(1.84 ((-5.9999729 0 0)(0 0 -45)))
(1.841 ((-5.9999729 0 0)(0 0 -45)))
(1.842 ((-5.9999729 0 0)(0 0 -45)))
(1.843 ((-5.9999729 0 0)(0 0 -45)))
(1.844 ((-5.9999729 0 0)(0 0 -45)))
(1.845 ((-5.9999729 0 0)(0 0 -45)))
(1.846 ((-5.9999729 0 0)(0 0 -45)))
(1.847 ((-5.9999729 0 0)(0 0 -45)))
(1.848 ((-5.9999729 0 0)(0 0 -45)))
(1.849 ((-5.9999729 0 0)(0 0 -45)))
(1.85 ((-5.9999729 0 0)(0 0 -45)))
(1.851 ((-5.9999729 0 0)(0 0 -45)))
(1.852 ((-5.9999729 0 0)(0 0 -45)))
(1.853 ((-5.9999729 0 0)(0 0 -45)))
(1.854 ((-5.9999729 0 0)(0 0 -45)))
(1.855 ((-5.9999729 0 0)(0 0 -45)))
(1.856 ((-5.9999729 0 0)(0 0 -45)))
(1.857 ((-5.9999729 0 0)(0 0 -45)))
(1.858 ((-5.9999729 0 0)(0 0 -45)))
(1.859 ((-5.9999729 0 0)(0 0 -45)))
(1.86 ((-5.9999729 0 0)(0 0 -45)))
(1.861 ((-5.9999729 0 0)(0 0 -45)))
(1.862 ((-5.9999729 0 0)(0 0 -45)))
(1.863 ((-5.9999729 0 0)(0 0 -45)))
(1.864 ((-5.9999729 0 0)(0 0 -45)))
(1.865 ((-5.9999729 0 0)(0 0 -45)))
(1.866 ((-5.9999729 0 0)(0 0 -45)))
(1.867 ((-5.9999729 0 0)(0 0 -45)))
(1.868 ((-5.9999729 0 0)(0 0 -45)))
(1.869 ((-5.9999729 0 0)(0 0 -45)))
(1.87 ((-5.9999729 0 0)(0 0 -45)))
(1.871 ((-5.9999729 0 0)(0 0 -45)))
(1.872 ((-5.9999729 0 0)(0 0 -45)))
(1.873 ((-5.9999729 0 0)(0 0 -45)))
(1.874 ((-5.9999729 0 0)(0 0 -45)))
(1.875 ((-5.9999729 0 0)(0 0 -45)))
(1.876 ((-5.9999729 0 0)(0 0 -45)))
(1.877 ((-5.9999729 0 0)(0 0 -45)))
(1.878 ((-5.9999729 0 0)(0 0 -45)))
(1.879 ((-5.9999729 0 0)(0 0 -45)))
(1.88 ((-5.9999729 0 0)(0 0 -45)))
(1.881 ((-5.9999729 0 0)(0 0 -45)))
(1.882 ((-5.9999729 0 0)(0 0 -45)))
(1.883 ((-5.9999729 0 0)(0 0 -45)))
(1.884 ((-5.9999729 0 0)(0 0 -45)))
(1.885 ((-5.9999729 0 0)(0 0 -45)))
(1.886 ((-5.9999729 0 0)(0 0 -45)))
(1.887 ((-5.9999729 0 0)(0 0 -45)))
(1.888 ((-5.9999729 0 0)(0 0 -45)))
(1.889 ((-5.9999729 0 0)(0 0 -45)))
(1.89 ((-5.9999729 0 0)(0 0 -45)))
(1.891 ((-5.9999729 0 0)(0 0 -45)))
(1.892 ((-5.9999729 0 0)(0 0 -45)))
(1.893 ((-5.9999729 0 0)(0 0 -45)))
(1.894 ((-5.9999729 0 0)(0 0 -45)))
(1.895 ((-5.9999729 0 0)(0 0 -45)))
(1.896 ((-5.9999729 0 0)(0 0 -45)))
(1.897 ((-5.9999729 0 0)(0 0 -45)))
(1.898 ((-5.9999729 0 0)(0 0 -45)))
(1.899 ((-5.9999729 0 0)(0 0 -45)))
(1.9 ((-5.9999729 0 0)(0 0 -45)))
(1.901 ((-5.9999729 0 0)(0 0 -45)))
(1.902 ((-5.9999729 0 0)(0 0 -45)))
(1.903 ((-5.9999729 0 0)(0 0 -45)))
(1.904 ((-5.9999729 0 0)(0 0 -45)))
(1.905 ((-5.9999729 0 0)(0 0 -45)))
(1.906 ((-5.9999729 0 0)(0 0 -45)))
(1.907 ((-5.9999729 0 0)(0 0 -45)))
(1.908 ((-5.9999729 0 0)(0 0 -45)))
(1.909 ((-5.9999729 0 0)(0 0 -45)))
(1.91 ((-5.9999729 0 0)(0 0 -45)))
(1.911 ((-5.9999729 0 0)(0 0 -45)))
(1.912 ((-5.9999729 0 0)(0 0 -45)))
(1.913 ((-5.9999729 0 0)(0 0 -45)))
(1.914 ((-5.9999729 0 0)(0 0 -45)))
(1.915 ((-5.9999729 0 0)(0 0 -45)))
(1.916 ((-5.9999729 0 0)(0 0 -45)))
(1.917 ((-5.9999729 0 0)(0 0 -45)))
(1.918 ((-5.9999729 0 0)(0 0 -45)))
(1.919 ((-5.9999729 0 0)(0 0 -45)))
(1.92 ((-5.9999729 0 0)(0 0 -45)))
(1.921 ((-5.9999729 0 0)(0 0 -45)))
(1.922 ((-5.9999729 0 0)(0 0 -45)))
(1.923 ((-5.9999729 0 0)(0 0 -45)))
(1.924 ((-5.9999729 0 0)(0 0 -45)))
(1.925 ((-5.9999729 0 0)(0 0 -45)))
(1.926 ((-5.9999729 0 0)(0 0 -45)))
(1.927 ((-5.9999729 0 0)(0 0 -45)))
(1.928 ((-5.9999729 0 0)(0 0 -45)))
(1.929 ((-5.9999729 0 0)(0 0 -45)))
(1.93 ((-5.9999729 0 0)(0 0 -45)))
(1.931 ((-5.9999729 0 0)(0 0 -45)))
(1.932 ((-5.9999729 0 0)(0 0 -45)))
(1.933 ((-5.9999729 0 0)(0 0 -45)))
(1.934 ((-5.9999729 0 0)(0 0 -45)))
(1.935 ((-5.9999729 0 0)(0 0 -45)))
(1.936 ((-5.9999729 0 0)(0 0 -45)))
(1.937 ((-5.9999729 0 0)(0 0 -45)))
(1.938 ((-5.9999729 0 0)(0 0 -45)))
(1.939 ((-5.9999729 0 0)(0 0 -45)))
(1.94 ((-5.9999729 0 0)(0 0 -45)))
(1.941 ((-5.9999729 0 0)(0 0 -45)))
(1.942 ((-5.9999729 0 0)(0 0 -45)))
(1.943 ((-5.9999729 0 0)(0 0 -45)))
(1.944 ((-5.9999729 0 0)(0 0 -45)))
(1.945 ((-5.9999729 0 0)(0 0 -45)))
(1.946 ((-5.9999729 0 0)(0 0 -45)))
(1.947 ((-5.9999729 0 0)(0 0 -45)))
(1.948 ((-5.9999729 0 0)(0 0 -45)))
(1.949 ((-5.9999729 0 0)(0 0 -45)))
(1.95 ((-5.9999729 0 0)(0 0 -45)))
(1.951 ((-5.9999729 0 0)(0 0 -45)))
(1.952 ((-5.9999729 0 0)(0 0 -45)))
(1.953 ((-5.9999729 0 0)(0 0 -45)))
(1.954 ((-5.9999729 0 0)(0 0 -45)))
(1.955 ((-5.9999729 0 0)(0 0 -45)))
(1.956 ((-5.9999729 0 0)(0 0 -45)))
(1.957 ((-5.9999729 0 0)(0 0 -45)))
(1.958 ((-5.9999729 0 0)(0 0 -45)))
(1.959 ((-5.9999729 0 0)(0 0 -45)))
(1.96 ((-5.9999729 0 0)(0 0 -45)))
(1.961 ((-5.9999729 0 0)(0 0 -45)))
(1.962 ((-5.9999729 0 0)(0 0 -45)))
(1.963 ((-5.9999729 0 0)(0 0 -45)))
(1.964 ((-5.9999729 0 0)(0 0 -45)))
(1.965 ((-5.9999729 0 0)(0 0 -45)))
(1.966 ((-5.9999729 0 0)(0 0 -45)))
(1.967 ((-5.9999729 0 0)(0 0 -45)))
(1.968 ((-5.9999729 0 0)(0 0 -45)))
(1.969 ((-5.9999729 0 0)(0 0 -45)))
(1.97 ((-5.9999729 0 0)(0 0 -45)))
(1.971 ((-5.9999729 0 0)(0 0 -45)))
(1.972 ((-5.9999729 0 0)(0 0 -45)))
(1.973 ((-5.9999729 0 0)(0 0 -45)))
(1.974 ((-5.9999729 0 0)(0 0 -45)))
(1.975 ((-5.9999729 0 0)(0 0 -45)))
(1.976 ((-5.9999729 0 0)(0 0 -45)))
(1.977 ((-5.9999729 0 0)(0 0 -45)))
(1.978 ((-5.9999729 0 0)(0 0 -45)))
(1.979 ((-5.9999729 0 0)(0 0 -45)))
(1.98 ((-5.9999729 0 0)(0 0 -45)))
(1.981 ((-5.9999729 0 0)(0 0 -45)))
(1.982 ((-5.9999729 0 0)(0 0 -45)))
(1.983 ((-5.9999729 0 0)(0 0 -45)))
(1.984 ((-5.9999729 0 0)(0 0 -45)))
(1.985 ((-5.9999729 0 0)(0 0 -45)))
(1.986 ((-5.9999729 0 0)(0 0 -45)))
(1.987 ((-5.9999729 0 0)(0 0 -45)))
(1.988 ((-5.9999729 0 0)(0 0 -45)))
(1.989 ((-5.9999729 0 0)(0 0 -45)))
(1.99 ((-5.9999729 0 0)(0 0 -45)))
(1.991 ((-5.9999729 0 0)(0 0 -45)))
(1.992 ((-5.9999729 0 0)(0 0 -45)))
(1.993 ((-5.9999729 0 0)(0 0 -45)))
(1.994 ((-5.9999729 0 0)(0 0 -45)))
(1.995 ((-5.9999729 0 0)(0 0 -45)))
(1.996 ((-5.9999729 0 0)(0 0 -45)))
(1.997 ((-5.9999729 0 0)(0 0 -45)))
(1.998 ((-5.9999729 0 0)(0 0 -45)))
(1.999 ((-5.9999729 0 0)(0 0 -45)))
(2 ((-5.9999729 0 0)(0 0 -45)))
(2.001 ((-5.9999729 0 0)(0 0 -45)))
(2.002 ((-5.9999729 0 0)(0 0 -45)))
(2.003 ((-5.9999729 0 0)(0 0 -45)))
(2.004 ((-5.9999729 0 0)(0 0 -45)))
(2.005 ((-5.9999729 0 0)(0 0 -45)))
(2.006 ((-5.9999729 0 0)(0 0 -45)))
(2.007 ((-5.9999729 0 0)(0 0 -45)))
(2.008 ((-5.9999729 0 0)(0 0 -45)))
(2.009 ((-5.9999729 0 0)(0 0 -45)))
(2.01 ((-5.9999729 0 0)(0 0 -45)))
(2.011 ((-5.9999729 0 0)(0 0 -45)))
(2.012 ((-5.9999729 0 0)(0 0 -45)))
(2.013 ((-5.9999729 0 0)(0 0 -45)))
(2.014 ((-5.9999729 0 0)(0 0 -45)))
(2.015 ((-5.9999729 0 0)(0 0 -45)))
(2.016 ((-5.9999729 0 0)(0 0 -45)))
(2.017 ((-5.9999729 0 0)(0 0 -45)))
(2.018 ((-5.9999729 0 0)(0 0 -45)))
(2.019 ((-5.9999729 0 0)(0 0 -45)))
(2.02 ((-5.9999729 0 0)(0 0 -45)))
(2.021 ((-5.9999729 0 0)(0 0 -45)))
(2.022 ((-5.9999729 0 0)(0 0 -45)))
(2.023 ((-5.9999729 0 0)(0 0 -45)))
(2.024 ((-5.9999729 0 0)(0 0 -45)))
(2.025 ((-5.9999729 0 0)(0 0 -45)))
(2.026 ((-5.9999729 0 0)(0 0 -45)))
(2.027 ((-5.9999729 0 0)(0 0 -45)))
(2.028 ((-5.9999729 0 0)(0 0 -45)))
(2.029 ((-5.9999729 0 0)(0 0 -45)))
(2.03 ((-5.9999729 0 0)(0 0 -45)))
(2.031 ((-5.9999729 0 0)(0 0 -45)))
(2.032 ((-5.9999729 0 0)(0 0 -45)))
(2.033 ((-5.9999729 0 0)(0 0 -45)))
(2.034 ((-5.9999729 0 0)(0 0 -45)))
(2.035 ((-5.9999729 0 0)(0 0 -45)))
(2.036 ((-5.9999729 0 0)(0 0 -45)))
(2.037 ((-5.9999729 0 0)(0 0 -45)))
(2.038 ((-5.9999729 0 0)(0 0 -45)))
(2.039 ((-5.9999729 0 0)(0 0 -45)))
(2.04 ((-5.9999729 0 0)(0 0 -45)))
(2.041 ((-5.9999729 0 0)(0 0 -45)))
(2.042 ((-5.9999729 0 0)(0 0 -45)))
(2.043 ((-5.9999729 0 0)(0 0 -45)))
(2.044 ((-5.9999729 0 0)(0 0 -45)))
(2.045 ((-5.9999729 0 0)(0 0 -45)))
(2.046 ((-5.9999729 0 0)(0 0 -45)))
(2.047 ((-5.9999729 0 0)(0 0 -45)))
(2.048 ((-5.9999729 0 0)(0 0 -45)))
(2.049 ((-5.9999729 0 0)(0 0 -45)))
(2.05 ((-5.9999729 0 0)(0 0 -45)))
(2.051 ((-5.9999729 0 0)(0 0 -45)))
(2.052 ((-5.9999729 0 0)(0 0 -45)))
(2.053 ((-5.9999729 0 0)(0 0 -45)))
(2.054 ((-5.9999729 0 0)(0 0 -45)))
(2.055 ((-5.9999729 0 0)(0 0 -45)))
(2.056 ((-5.9999729 0 0)(0 0 -45)))
(2.057 ((-5.9999729 0 0)(0 0 -45)))
(2.058 ((-5.9999729 0 0)(0 0 -45)))
(2.059 ((-5.9999729 0 0)(0 0 -45)))
(2.06 ((-5.9999729 0 0)(0 0 -45)))
(2.061 ((-5.9999729 0 0)(0 0 -45)))
(2.062 ((-5.9999729 0 0)(0 0 -45)))
(2.063 ((-5.9999729 0 0)(0 0 -45)))
(2.064 ((-5.9999729 0 0)(0 0 -45)))
(2.065 ((-5.9999729 0 0)(0 0 -45)))
(2.066 ((-5.9999729 0 0)(0 0 -45)))
(2.067 ((-5.9999729 0 0)(0 0 -45)))
(2.068 ((-5.9999729 0 0)(0 0 -45)))
(2.069 ((-5.9999729 0 0)(0 0 -45)))
(2.07 ((-5.9999729 0 0)(0 0 -45)))
(2.071 ((-5.9999729 0 0)(0 0 -45)))
(2.072 ((-5.9999729 0 0)(0 0 -45)))
(2.073 ((-5.9999729 0 0)(0 0 -45)))
(2.074 ((-5.9999729 0 0)(0 0 -45)))
(2.075 ((-5.9999729 0 0)(0 0 -45)))
(2.076 ((-5.9999729 0 0)(0 0 -45)))
(2.077 ((-5.9999729 0 0)(0 0 -45)))
(2.078 ((-5.9999729 0 0)(0 0 -45)))
(2.079 ((-5.9999729 0 0)(0 0 -45)))
(2.08 ((-5.9999729 0 0)(0 0 -45)))
(2.081 ((-5.9999729 0 0)(0 0 -45)))
(2.082 ((-5.9999729 0 0)(0 0 -45)))
(2.083 ((-5.9999729 0 0)(0 0 -45)))
(2.084 ((-5.9999729 0 0)(0 0 -45)))
(2.085 ((-5.9999729 0 0)(0 0 -45)))
(2.086 ((-5.9999729 0 0)(0 0 -45)))
(2.087 ((-5.9999729 0 0)(0 0 -45)))
(2.088 ((-5.9999729 0 0)(0 0 -45)))
(2.089 ((-5.9999729 0 0)(0 0 -45)))
(2.09 ((-5.9999729 0 0)(0 0 -45)))
(2.091 ((-5.9999729 0 0)(0 0 -45)))
(2.092 ((-5.9999729 0 0)(0 0 -45)))
(2.093 ((-5.9999729 0 0)(0 0 -45)))
(2.094 ((-5.9999729 0 0)(0 0 -45)))
(2.095 ((-5.9999729 0 0)(0 0 -45)))
(2.096 ((-5.9999729 0 0)(0 0 -45)))
(2.097 ((-5.9999729 0 0)(0 0 -45)))
(2.098 ((-5.9999729 0 0)(0 0 -45)))
(2.099 ((-5.9999729 0 0)(0 0 -45)))
)
